0.55561924 0.0063709808 -0.5344143 -0.6386416 3.348074 -0.16592702 -0.54871637 -1.1035516 0.0
0.122186445 -0.41051057 -0.5135527 -0.63821936 4.382918 -0.8083791 -0.87902933 -1.1588188 0.0
-0.5140245 -0.25187182 -0.5957208 -0.56682754 -0.18886061 -0.5953585 -0.39682147 -0.50097656 3.5291748
-0.32725102 -0.24603462 -0.37462634 -0.6476244 -0.16512454 -0.27110413 -0.51881284 -0.8514322 3.357382
-0.42116377 -0.4278761 -0.7767052 -0.68990815 -0.12134741 -0.63878673 -0.4218209 -0.54676473 3.827634
-0.7663784 -0.40821022 0.26329932 -0.11325376 -0.31297612 3.1331768 -0.074442826 -0.04946484 0.0
-0.82945144 -0.3268642 -0.7131389 -0.6992664 -0.48833045 -0.1916981 -0.15727004 -0.28025368 3.419151
-0.6678037 -0.77276695 -0.51509434 -0.3668177 -0.03946412 -0.31808275 -0.12072288 -0.11579621 3.3044505
-0.4181815 -0.29372627 -0.47977865 -0.7343666 -0.37888068 -0.133142 -0.35013402 -0.5450294 3.230889
0.11128396 0.3330127 0.5566387 0.29042035 -0.08382472 0.27343786 -0.13375133 1.0570325 0.0
-1.0741456 -0.6932775 -0.66974664 -0.5037906 -0.5168285 -0.2582715 -0.39248124 -0.44292888 3.8177385
-0.6711792 -0.69331294 -0.7106052 -0.42081973 -0.7033038 -0.6020875 -0.4028177 -0.48900232 3.6863043
-0.8143868 -0.7212681 -0.82783145 -0.853013 -0.42598295 -0.6285704 -0.46913883 -0.235036 3.8438203
0.34303665 0.50717205 -0.56435716 -0.6799026 0.5076752 1.1262661 0.68284214 0.5524782 0.0
-0.80469227 -0.8297244 -0.60203415 -0.70859647 -0.5421508 -0.59497714 -0.31580323 -0.72983843 3.7825818
-0.5551705 -0.8082454 -0.65351117 -0.7932025 -0.47809526 -0.66301745 -0.6546535 -0.5054864 3.8879547
-0.6942134 -0.8816757 -0.7909172 -0.6861106 -0.4481261 -0.393857 -0.3895069 -0.47897938 3.732537
-0.24704272 -0.37221912 -0.27248672 -0.051570162 1.3265004 1.3400048 -0.21246281 0.3556651 0.0
-0.6517683 -0.52233666 -0.50136316 -0.6037511 -0.43104553 -0.20634939 -0.4075089 -0.58446693 3.4210708
-0.54665357 -0.45270783 -0.5488548 -0.5466604 -0.3980123 -0.56154686 -0.61852723 -0.5888768 3.598597
-0.6174775 -0.57476 -0.61686224 -0.6500475 -0.37708765 -0.41549024 -0.5761413 -0.43693584 3.6402605
-0.7122001 -0.109605506 -0.46220413 -0.56988275 1.2073989 0.6347694 1.822555 0.013236687 0.0
