0.42650867 -0.2108381 -0.4020252 -0.7839947 3.601298 -0.67331004 -0.5652114 -1.0869057 0.0
0.0044198893 -0.4666669 -0.8937776 -0.5820198 4.608075 -0.6194318 -0.67632174 -1.1275406 0.0
-0.38191265 -0.35197493 -0.4582779 -0.68748355 -0.1651014 -0.28011087 -0.29550192 -0.6248729 3.695206
-0.28719136 -0.17635523 -0.41002497 -0.7231204 -0.2147964 -0.12805943 -0.5359463 -0.5007265 3.4042554
-0.24300227 -0.49213576 -0.6715968 -0.5172348 -0.08123306 -0.46358386 -0.31882158 -0.61063004 3.9308388
-0.94644475 -0.5632297 0.0845365 -0.2543551 -0.31949094 3.1223757 0.058691747 0.12793906 0.0
-0.56204987 -0.16129926 -0.48500028 -0.6179671 -0.5089848 -0.1051971 -0.37772128 -0.40649238 3.4401672
-0.4235213 -0.6118415 -0.58888334 -0.4177459 -0.12303019 -0.18909779 -0.13922909 -0.058798842 3.3482533
-0.4554839 -0.2641282 -0.5258985 -0.5555917 -0.1755646 -0.050514475 -0.24616571 -0.28934035 3.0523412
0.04100064 0.15650429 0.60769045 0.33854708 -0.11257011 0.21105224 -0.021797756 1.1476563 0.0
-0.6822132 -0.44800833 -0.32376 -0.7077244 -0.3347829 -0.17265177 -0.21811812 -0.23245887 3.451203
-0.5922415 -0.5873505 -0.50617033 -0.47815964 -0.24029638 -0.55739594 -0.38932577 -0.03191367 3.321464
-0.67292786 -0.44500437 -0.7002198 -0.6034734 -0.41408443 -0.34001425 -0.60141027 -0.23182505 3.7085261
0.16956827 0.4715541 -0.54380965 -0.6328911 1.0816236 0.8856125 0.6203535 0.42185268 0.0
-0.53268874 -0.6857798 -0.37623224 -0.511573 -0.47130877 -0.45888472 -0.4450281 -0.31435955 3.7903838
-0.3023619 -0.61523557 -0.587431 -0.35006547 -0.40141907 -0.41556928 -0.45543343 -0.08431331 3.335194
-0.7967986 -0.50486594 -0.5473422 -0.4602923 -0.32194677 -0.429954 -0.14673251 -0.42606798 3.6820557
-0.2821394 0.0037251331 -0.28024918 -0.03988282 1.3806006 1.2828825 -0.25596574 -0.12705773 0.0
-0.58410245 -0.52779907 -0.40609974 -0.3727455 -0.59936994 -0.37983993 -0.11357637 -0.47105932 3.4463325
-0.33571798 -0.5722638 -0.37709582 -0.36407202 -0.35125366 -0.31731972 -0.4505635 -0.4012269 3.4147756
-0.35368603 -0.4394518 -0.71029454 -0.5359941 -0.13021113 -0.47465765 -0.5131277 -0.61269796 3.6771169
-0.7756625 -0.0974379 -0.5695933 -0.8156138 1.3698407 0.41029054 2.0076869 -0.08503934 0.0
