0.40052834 -0.27365035 -0.38638505 -0.7570333 3.65756 -0.63436854 -0.4497539 -1.0715879 0.0
0.0041632312 -0.37854263 -0.8912079 -0.46835864 4.5948496 -0.5346477 -0.57313085 -0.97137487 0.0
-0.29483697 -0.32606643 -0.42194447 -0.5262582 -0.15384111 -0.24939705 -0.29491836 -0.60283744 3.687927
-0.21995205 -0.15779647 -0.37733224 -0.6606026 -0.14759329 -0.10273832 -0.46833742 -0.41479456 3.2493525
-0.1399556 -0.48004743 -0.5568456 -0.3000904 -0.029461429 -0.31421843 -0.26005015 -0.53998315 3.8378851
-0.91431206 -0.5579348 0.08183284 -0.25055602 -0.3137055 3.1047058 0.057673905 0.12664847 0.0
-0.51786095 -0.14611125 -0.32779482 -0.5368907 -0.4850914 -0.04700615 -0.36116585 -0.33756015 3.3327065
-0.3654939 -0.5450029 -0.53307873 -0.31976205 -0.12115733 -0.13574176 -0.11944738 -0.05275497 3.2990687
-0.3901912 -0.24571083 -0.39874876 -0.46169472 -0.17511609 -0.046113424 -0.24553667 -0.21671277 2.921886
0.040614065 0.1550269 0.60718834 0.33791625 -0.11029149 0.21087486 -0.021754047 1.139662 0.0
-0.4181456 -0.36600482 -0.24064904 -0.6088017 -0.3272148 -0.14448553 -0.20131165 -0.20918477 3.3792942
-0.5693714 -0.56857175 -0.4947086 -0.45683923 -0.22180158 -0.5334848 -0.38466582 -0.02573621 3.290511
-0.6255252 -0.3946708 -0.5938808 -0.5446259 -0.3786865 -0.20242803 -0.4819911 -0.16829474 3.5231128
0.1644347 0.46349886 -0.53210175 -0.6146178 1.0651331 0.87233186 0.60732543 0.4080893 0.0
-0.41224667 -0.64283997 -0.2600996 -0.4732865 -0.29332232 -0.27329096 -0.35370144 -0.18836047 3.6180441
-0.2810098 -0.5379245 -0.5333977 -0.17894337 -0.35677263 -0.24922189 -0.4046742 -0.06691344 3.1253722
-0.76035875 -0.41174012 -0.45351073 -0.3252371 -0.29891726 -0.33179584 -0.06799457 -0.38566244 3.5367212
-0.26960254 0.0036758608 -0.27450344 -0.038326774 1.3604512 1.2560092 -0.25296414 -0.12327768 0.0
-0.5479118 -0.4122008 -0.34776142 -0.29892 -0.57601964 -0.34483567 -0.11244295 -0.4385346 3.4139347
-0.26184633 -0.464366 -0.2194868 -0.354785 -0.32484344 -0.31261918 -0.40499744 -0.29090667 3.3719897
-0.24326989 -0.37114704 -0.66133046 -0.4750128 -0.09487084 -0.5357548 -0.38121444 -0.5055551 3.6484573
-0.7503425 -0.09449769 -0.5533198 -0.75748605 1.3725855 0.3907569 1.9897135 -0.08839645 0.0
