0.24165528 -0.27365035 -0.28087756 -0.5714968 3.6574357 -0.39304754 -0.07151436 -0.95612365 0.0
0.002573327 -0.07017621 -0.8708357 -0.08155913 4.490015 -0.16376796 -0.15155478 -0.29499608 0.0
-0.036582284 -0.176305 -0.21717213 -0.0614163 -0.21416783 -0.09793224 -0.29027224 -0.45177358 3.753728
-0.025547286 -0.18863814 -0.1934293 -0.3195066 -0.0070838165 0.029858971 -0.15834458 -0.09114769 2.2462711
-0.0015836185 -0.3930965 -0.12355255 -0.0036582935 -7.0679985e-06 -0.013585337 -0.050329223 -0.20099401 3.1701052
-0.6927966 -0.51709723 0.063018866 -0.22202268 -0.27086788 2.9663486 0.05011128 0.11674233 0.0
-0.2681401 -0.06592335 -0.013857854 -0.1733529 -0.32960966 -6.4798565e-05 -0.17140281 -0.07558393 2.5486758
-0.11165172 -0.21507767 -0.2394644 -0.037050426 -0.1071089 -0.009300611 -0.03474962 -0.022031805 2.9298787
-0.11153691 -0.13813636 -0.042892963 -0.10413146 -0.17155541 -0.02214354 -0.24054219 -0.021004947 2.0640104
0.037638184 0.14365357 0.6031596 0.3328906 -0.09357965 0.2094561 -0.021406319 1.0774398 0.0
-0.008077237 -0.071851306 -0.021935875 -0.181663 -0.27229488 -0.034383774 -0.105619155 -0.08949474 2.855065
-0.41491503 -0.4379141 -0.41155478 -0.31663013 -0.116457544 -0.3750572 -0.3491982 -0.0045356737 3.0522594
-0.34780964 -0.15027341 -0.50177133 -0.23875104 -0.18456982 -0.0030183408 -0.25721255 -0.012643655 3.3321702
0.12843595 0.40369853 -0.44673875 -0.48570582 0.94147533 0.7725192 0.5121089 0.312598 0.0
-0.05232928 -0.70043236 -0.013167919 -0.25323987 -0.0063279164 -0.0041111833 -0.055589158 -0.06400744 2.504899
-0.15593018 -0.18279032 -0.57891375 -0.0007614332 -0.13816383 -0.003959285 -0.15642111 -0.010358777 3.070164
-0.52203757 -0.07976523 -0.09989167 -0.021200191 -0.16456006 -0.041073017 -0.05103531 -0.17304988 2.8957858
-0.18708846 0.0033029555 -0.21713461 -0.027833533 1.2089568 1.0596346 -0.16334468 -0.09739666 0.0
-0.3276882 -0.05631442 -0.09979737 -0.050462887 -0.4185629 -0.15843832 -0.103739165 -0.24671844 3.1646872
-0.035279218 -0.08647375 -0.002723657 -0.2882636 -0.17324725 -0.27729514 -0.17180213 -0.021704935 3.0475824
-0.01180761 -0.09527343 -0.3725663 -0.17984995 -0.0073326975 -0.5353442 -0.03475861 -0.107785515 3.6456122
-0.57472754 -0.07387186 -0.43835172 -0.41832113 1.3673557 0.26400888 1.8510851 -0.08805983 0.0
