0.26149577 -0.27365035 -0.2952175 -0.59713227 3.6574976 -0.42354128 -0.09535288 -0.973288 0.0
0.0027741662 -0.09134978 -0.87398416 -0.1072024 4.506216 -0.19701369 -0.1865557 -0.35514653 0.0
-0.05072628 -0.19407897 -0.24091087 -0.08595407 -0.21416783 -0.11333989 -0.29099253 -0.4725817 3.753728
-0.035797548 -0.18863814 -0.21471031 -0.35786062 -0.011411266 0.029858971 -0.18757974 -0.11552114 2.3777776
-0.003207738 -0.40555197 -0.15632534 -0.0073210676 -2.6571974e-05 -0.022244047 -0.065080866 -0.23453765 3.2655244
-0.7234472 -0.52326846 0.06564257 -0.22625259 -0.2771476 2.9875228 0.051222943 0.11823586 0.0
-0.29716408 -0.07465545 -0.022770287 -0.20683205 -0.35010806 -0.00018375446 -0.19256896 -0.09552069 2.6567438
-0.13439314 -0.2486876 -0.2713389 -0.05193017 -0.10918939 -0.014163515 -0.04215361 -0.025254179 2.9845521
-0.13565667 -0.15114023 -0.06081921 -0.13143179 -0.17210633 -0.024833467 -0.24131489 -0.030283382 2.1779852
0.038087875 0.14537212 0.6037864 0.33366993 -0.09601109 0.2096769 -0.02146022 1.086922 0.0
-0.015020965 -0.092694595 -0.031932145 -0.21942124 -0.28021795 -0.043044984 -0.116818115 -0.102195114 2.9308949
-0.43592712 -0.45613176 -0.42354882 -0.33528197 -0.12879021 -0.39626616 -0.35451072 -0.005952623 3.088247
-0.38118 -0.17474714 -0.51514655 -0.27156326 -0.20649906 -0.005851122 -0.25721255 -0.018976301 3.3321702
0.13348755 0.41249755 -0.4591004 -0.50388455 0.9597834 0.7873097 0.5259229 0.32588187 0.0
-0.07229053 -0.70043236 -0.021031406 -0.27921855 -0.0115667675 -0.007957525 -0.0742649 -0.06400744 2.6504738
-0.17095748 -0.21635653 -0.57891375 -0.001802415 -0.1602429 -0.00759775 -0.18146686 -0.0138746705 3.070164
-0.55359036 -0.103113234 -0.12655064 -0.03253286 -0.18064174 -0.056971587 -0.053373694 -0.19613002 2.9870672
-0.19807298 0.0033585678 -0.2252295 -0.029259307 1.2089568 1.088119 -0.16334468 -0.10104678 0.0
-0.355071 -0.07690212 -0.121307895 -0.066667095 -0.4399556 -0.17890818 -0.105051935 -0.269906 3.202321
-0.04829132 -0.11247304 -0.0054360665 -0.29776067 -0.19112307 -0.28253382 -0.19643229 -0.03260703 3.0960066
-0.018985173 -0.117847726 -0.40747407 -0.20931524 -0.010956655 -0.5354062 -0.050586086 -0.13724111 3.646054
-0.5991492 -0.076767325 -0.4545828 -0.45892558 1.3681713 0.2806782 1.872062 -0.088112295 0.0
