0.47278407 0.43186685 0.10580865 0.52402616 0.8966399 0.7979904 0.26543364 0.06230424 0.0
1.2590612 0.6694378 0.42458364 0.51723176 1.0811294 -0.2537023 0.10117005 0.013659149 0.0
0.0316134 0.38981667 0.18793508 0.34658366 0.71749586 0.0014053368 0.45544636 0.089540064 1.0268787
0.5961532 0.5304539 0.30456176 0.073850706 0.39432144 0.37275687 0.3025578 -0.12685081 0.8317811
0.2915156 0.19880946 0.1972714 0.142466 0.76184404 0.096945964 0.33252886 0.20098865 1.3535587
-0.1302134 0.5473359 0.8563622 0.8725069 -0.11232954 1.4356973 0.27673525 0.551506 0.0
0.06870407 0.13639992 0.19510287 0.3889898 0.34375352 0.4288958 0.2689441 0.61425525 0.6726947
0.08867801 0.3470378 0.34320107 0.41476896 0.3430503 0.42800555 0.38206065 0.27896482 0.706762
0.27186838 0.30178383 0.47900233 0.08809159 0.41329595 0.34560344 0.38192773 0.0107380655 0.63454247
0.097312324 0.50159615 0.8230608 0.7013968 0.17677096 0.61987454 0.14598626 0.46529534 0.0
0.026084535 0.19616234 0.34929222 0.31271255 0.12396589 0.4081364 0.19355042 0.30592445 0.90850496
0.16482306 0.16624759 0.06410619 0.164321 0.28976646 0.15951824 0.38876152 0.34056094 1.0122459
0.28348443 0.035891104 0.051875547 0.19627716 0.44729367 0.3460639 0.3110203 0.40623617 0.98483557
0.6488282 0.5870488 0.21122624 0.055459097 0.45752957 0.5335433 0.44483528 0.8335442 0.0
0.17185703 0.11414958 0.17323023 0.2832983 0.41289756 0.21389723 0.24322551 0.115339905 0.9139881
0.22823931 0.12965068 0.23448272 0.023968711 0.41803157 0.16340457 0.30308414 0.1637252 1.1812656
0.21219967 0.02014988 0.19670546 0.11134931 0.3125091 0.40364408 0.19126776 0.15095419 1.2029042
0.37430698 0.25230893 0.29216963 0.5057528 0.35878122 0.48909026 0.20162997 0.5969488 0.0
0.035288345 0.19975853 0.3708221 0.21690013 0.32812512 0.40444311 0.110019445 -0.011204767 1.1327012
0.3240525 0.63157976 0.31764725 0.0703961 0.34395245 -0.0133703165 -0.012014432 0.08457531 1.1829176
0.010294391 0.179333 0.10245608 0.29770926 0.17287645 0.39956498 0.24864146 0.2504065 1.1813077
0.016526803 0.6617458 0.23523307 0.5244738 0.74590707 0.15217887 0.7008077 0.23055089 0.0
