0.4033986 -0.27365035 -0.38813093 -0.76004916 3.65756 -0.6386769 -0.4615828 -1.0733172 0.0
0.0041916254 -0.38765275 -0.8914994 -0.48006368 4.596354 -0.5436641 -0.5840124 -0.98795915 0.0
-0.30363598 -0.32891148 -0.4259232 -0.54247695 -0.15508085 -0.2527102 -0.29498464 -0.6053014 3.6887546
-0.2267222 -0.15980293 -0.3809115 -0.66742426 -0.15402532 -0.1053433 -0.47556815 -0.4237639 3.2665777
-0.1490172 -0.48140574 -0.5688258 -0.31923318 -0.033067424 -0.32841462 -0.266142 -0.54757947 3.8483315
-0.9179071 -0.5585349 0.08213561 -0.25098473 -0.31435743 3.106709 0.05778865 0.12679443 0.0
-0.52270144 -0.14776237 -0.3427149 -0.54553866 -0.48774856 -0.051518656 -0.36498854 -0.34476373 3.3454673
-0.3716648 -0.5522134 -0.5391431 -0.3296238 -0.12136867 -0.1409547 -0.12154575 -0.053409196 3.3046196
-0.39715177 -0.24771817 -0.41148716 -0.47150892 -0.17516695 -0.046593517 -0.24560803 -0.22395015 2.9364142
0.0406578 0.15519401 0.60724413 0.33798808 -0.11054803 0.210895 -0.021759 1.1405673 0.0
-0.4420346 -0.37451008 -0.24890123 -0.61930454 -0.3280659 -0.1474397 -0.2031541 -0.21170743 3.3873866
-0.5719246 -0.5706746 -0.4959977 -0.45921284 -0.22382922 -0.536149 -0.38519248 -0.026373263 3.294013
-0.63073814 -0.40009043 -0.59529775 -0.55101216 -0.38255104 -0.2147198 -0.49426568 -0.17453428 3.5310652
0.16501006 0.46440512 -0.5334192 -0.61666703 1.066994 0.8738323 0.60879165 0.40963015 0.0
-0.42442858 -0.6475798 -0.2712436 -0.47748816 -0.3095606 -0.28986695 -0.36305428 -0.199653 3.6372046
-0.28335783 -0.5461948 -0.53927755 -0.19312797 -0.36158463 -0.26413184 -0.41014433 -0.06869465 3.1484978
-0.7644133 -0.42139068 -0.46330506 -0.33798474 -0.30144867 -0.34171233 -0.06827086 -0.3900533 3.546786
-0.27099842 0.0036814262 -0.27541482 -0.038500465 1.3628608 1.2590338 -0.2533034 -0.12368903 0.0
-0.5519081 -0.4239425 -0.353944 -0.30651242 -0.57862604 -0.3486447 -0.112571135 -0.4421139 3.4175997
-0.269347 -0.4755209 -0.23341171 -0.3558281 -0.32774132 -0.31314966 -0.40993357 -0.3017326 3.3768232
-0.25384036 -0.3783402 -0.6667189 -0.48157647 -0.098347895 -0.5357037 -0.39430502 -0.51671684 3.6484437
-0.753177 -0.094827235 -0.555145 -0.7638757 1.3726599 0.3929286 1.9917471 -0.0884011 0.0
