0.3149308 -0.27365035 -0.33197552 -0.6622059 3.65756 -0.5051104 -0.1876375 -1.0149803 0.0
0.0033115083 -0.1698988 -0.8814511 -0.20399976 4.5446386 -0.30448985 -0.30433893 -0.5502425 0.0
-0.109414056 -0.24336404 -0.30761498 -0.18952037 -0.21416783 -0.15989079 -0.29269743 -0.5254984 3.753728
-0.079126626 -0.18863814 -0.27456972 -0.46748593 -0.034961373 0.029858971 -0.2795804 -0.20179716 2.7221136
-0.016774576 -0.43649343 -0.27203974 -0.037222717 -0.0005819552 -0.07080367 -0.11915593 -0.33739546 3.5030038
-0.8011861 -0.5381082 0.072265916 -0.23654418 -0.29253125 3.038047 0.053941667 0.12183243 0.0
-0.3785998 -0.10006769 -0.073078595 -0.31352437 -0.403603 -0.0020990213 -0.2533465 -0.16572434 2.9315372
-0.20794867 -0.35013554 -0.3642481 -0.11486881 -0.11425451 -0.038046446 -0.06641801 -0.03482849 3.11768
-0.21509685 -0.18682304 -0.13824433 -0.2273826 -0.17341197 -0.032531574 -0.2431463 -0.07156096 2.4741213
0.039169263 0.14950493 0.60526705 0.3355144 -0.101994686 0.21019822 -0.021587823 1.1096066 0.0
-0.06437041 -0.16880292 -0.077183485 -0.3423731 -0.29981616 -0.07303453 -0.14811933 -0.13968876 3.11821
-0.489759 -0.5021266 -0.45322 -0.3837018 -0.16325366 -0.45112017 -0.36735517 -0.01128311 3.174816
-0.47305867 -0.24931832 -0.54810065 -0.36783683 -0.26902083 -0.027621243 -0.25721255 -0.04926755 3.3321702
0.14619257 0.4340039 -0.48960826 -0.54947114 1.0043634 0.8233054 0.5599773 0.35946572 0.0
-0.15458302 -0.70043236 -0.06316234 -0.3514675 -0.04761147 -0.037432864 -0.14679776 -0.06400744 3.0321975
-0.21233754 -0.32185432 -0.57891375 -0.013543275 -0.22720745 -0.035029195 -0.25747186 -0.027587203 3.070164
-0.6357306 -0.18868184 -0.22085851 -0.08898053 -0.22501963 -0.12298086 -0.059316795 -0.26341084 3.214687
-0.2265767 0.0034933845 -0.24552143 -0.03291463 1.2089571 1.1583487 -0.16334532 -0.11019937 0.0
-0.42900342 -0.16004793 -0.1920759 -0.12836088 -0.49480423 -0.23819853 -0.108212434 -0.33353132 3.2928743
-0.10104937 -0.20880778 -0.027466077 -0.32140046 -0.24087247 -0.29527676 -0.26932535 -0.08485252 3.2133489
-0.057914272 -0.19441465 -0.5032553 -0.29924282 -0.028152002 -0.5355619 -0.12221948 -0.2423858 3.6471076
-0.660905 -0.08404786 -0.49525744 -0.57095224 1.3700949 0.32424274 1.9224647 -0.088236004 0.0
