0.29048887 -0.20548919 -0.5106922 -0.86766195 3.8651788 -0.6195372 -0.66456807 -1.12294 0.0
-4.7192756e-05 -0.5418416 -0.7888278 -0.65682536 4.556489 -0.74890137 -0.79124635 -1.1448733 0.0
-0.4286529 -0.2508271 -0.53209114 -0.82215947 -0.23511222 -0.47539866 -0.4010888 -0.64035755 3.654587
-0.47430962 -0.41496333 -0.34320676 -0.65153605 -0.17793693 -0.28474584 -0.455128 -0.7533195 3.42869
-0.43552867 -0.49827248 -0.7204015 -0.79453415 -0.19140683 -0.5513004 -0.34797674 -0.49458048 3.8730857
-0.89116853 -0.48095837 0.055252444 -0.21259405 -0.38916698 3.2874422 -0.11481672 0.055509005 0.0
-0.81214577 -0.3706242 -0.66838056 -0.5633749 -0.39473924 -0.21702603 -0.24555007 -0.40691265 3.4393077
-0.64291495 -0.68052894 -0.51289546 -0.45008776 -0.066656664 -0.2670957 -0.044059344 -0.21555948 3.3089511
-0.6158281 -0.275941 -0.61850697 -0.7084644 -0.18445131 -0.06139984 -0.24875702 -0.4301222 3.2327135
-0.0049580727 0.24917433 0.53946733 0.44502696 -0.25483733 0.36636615 -0.16685589 1.088614 0.0
-0.9169656 -0.61237794 -0.409587 -0.55326325 -0.4298402 -0.15458995 -0.31774202 -0.46329397 3.6070216
-0.6561692 -0.5493773 -0.48243225 -0.34502882 -0.5051314 -0.49940515 -0.39051864 -0.35184628 3.4934177
-0.7153839 -0.5801618 -0.7740854 -0.54213566 -0.49345857 -0.4905001 -0.54315 -0.17876676 3.7171102
0.38575694 0.66309893 -0.7026378 -0.5436224 0.74244195 0.751327 0.7749817 0.42162463 0.0
-0.71213794 -0.5494641 -0.6283687 -0.54547435 -0.5865682 -0.6043883 -0.4882054 -0.59647 3.8249173
-0.4579577 -0.62834984 -0.5407694 -0.6669 -0.42248243 -0.70884395 -0.6312626 -0.36460146 3.726095
-0.5717379 -0.87900007 -0.5502535 -0.70690763 -0.41947928 -0.45988035 -0.23650865 -0.38391778 3.617663
-0.2622589 -0.24261655 -0.15870824 0.018868081 1.3383101 1.1746473 -0.0886937 0.074623525 0.0
-0.63952273 -0.5154034 -0.47182262 -0.52039117 -0.38960448 -0.299884 -0.3107891 -0.48125204 3.381742
-0.5382367 -0.5480325 -0.56120056 -0.35556582 -0.5174418 -0.45200014 -0.43712905 -0.63625145 3.613185
-0.47424614 -0.3872042 -0.70375454 -0.5255296 -0.29359236 -0.4833011 -0.64307046 -0.54986197 3.6198273
-0.6211511 -0.15202628 -0.60086423 -0.75985545 1.2012951 0.56202316 1.9522336 -0.08828811 0.0
