0.43762487 -0.22519952 -0.40860957 -0.7953085 3.671579 -0.6899344 -0.62063736 -1.149388 0.0
0.004531714 -0.50840575 -0.8279749 -0.6361631 4.5499587 -0.6417203 -0.72375387 -1.2029735 0.0
-0.42457688 -0.36315423 -0.47403887 -0.7670741 -0.16994543 -0.30618522 -0.23197165 -0.611583 3.6331084
-0.31876254 -0.2814772 -0.42421183 -0.7503913 -0.2504281 -0.14013956 -0.5663621 -0.5409237 3.504084
-0.30450836 -0.49716517 -0.72515166 -0.6464993 -0.123082496 -0.4870229 -0.3569692 -0.6421525 3.9663167
-0.9599246 -0.62880397 0.08566904 -0.23483875 -0.32189026 3.1450987 0.059096944 0.15239426 0.0
-0.6902903 -0.21093191 -0.5693784 -0.654589 -0.5190498 -0.14618433 -0.3927367 -0.43861404 3.5365918
-0.5037528 -0.6425721 -0.6133809 -0.46604082 -0.123985566 -0.3037778 -0.2105261 -0.060531463 3.381912
-0.47876093 -0.34463844 -0.58939046 -0.59712064 -0.25553197 -0.052435756 -0.17121267 -0.32566348 3.1491072
0.07195585 0.15818214 0.47037473 0.3806524 -0.1135157 0.43180385 -0.16360351 1.0426524 0.0
-0.83395797 -0.48545432 -0.3655467 -0.7527244 -0.33793196 -0.18570518 -0.22561641 -0.24271643 3.4810238
-0.5968759 -0.5952163 -0.510941 -0.48697188 -0.24830495 -0.56749153 -0.4747015 -0.034842122 3.3962295
-0.693356 -0.4674243 -0.72474694 -0.6293617 -0.42951256 -0.4203877 -0.59790725 -0.26427835 3.7705865
0.18046369 0.44084337 -0.5516406 -0.6196623 1.0847605 0.8863173 0.6599674 0.4276201 0.0
-0.5916222 -0.70417666 -0.44743696 -0.5281268 -0.57232445 -0.5673513 -0.4888946 -0.38763663 3.8645802
-0.31156385 -0.5907978 -0.6111001 -0.510189 -0.42126808 -0.5123481 -0.4774509 -0.064714424 3.388846
-0.81221724 -0.54881245 -0.5911422 -0.5287617 -0.33198622 -0.47878906 -0.14674616 -0.44380492 3.7310617
-0.28743806 -0.004979434 -0.23769058 -0.040561568 1.3926004 1.2927763 -0.2766266 -0.10830795 0.0
-0.5995798 -0.58400804 -0.42778417 -0.413962 -0.6092006 -0.39517406 -0.11922518 -0.48512763 3.4645183
-0.37165564 -0.6233654 -0.47059286 -0.41552883 -0.2913817 -0.419498 -0.40584192 -0.45765355 3.4820728
-0.41221446 -0.47091243 -0.7313715 -0.5145036 -0.14821754 -0.49679074 -0.57950646 -0.6628615 3.7275515
-0.7862739 -0.15850766 -0.57639354 -0.8407349 1.3631287 0.418605 1.9329954 0.06338674 0.0
