0.14654587 -0.27363127 -0.2048741 -0.43284923 3.657163 -0.2448363 -0.011463993 -0.85424817 0.0
0.0015978779 -0.013114388 -0.8511574 -0.014327325 4.3888054 -0.050657395 -0.040500008 -0.09099775 0.0
-0.004560983 -0.09588281 -0.11249464 -0.0072189323 -0.21416783 -0.038735926 -0.28575242 -0.3396612 3.753728
-0.002978261 -0.18863814 -0.09978246 -0.1557691 -0.00033692326 0.029858971 -0.054015968 -0.0202065 1.5767328
-1.7081726e-05 -0.32261086 -0.02770059 -4.2691707e-05 -0.07941249 -0.00058173307 -0.0098113725 -0.075494334 2.890886
-0.52673125 -0.4796663 0.048664063 -0.1970055 -0.2342623 2.8357646 0.04360829 0.10771075 0.0
-0.13977063 -0.029936949 -0.0005800742 -0.056515213 -0.22489193 -7.6916585e-08 -0.08189517 -0.017063536 1.9659921
-0.0343971 -0.08562446 -0.10841755 -0.0043121963 -0.09481989 -0.00063524116 -0.010184469 -0.009262569 2.6072774
-0.032161716 -0.0780783 -0.0046354528 -0.023706177 -0.16810732 -0.010698146 -0.2357056 -0.0020396411 1.4752716
0.034910593 0.13323028 0.5992056 0.3279973 -0.07954341 0.20806344 -0.021068107 1.0192816 0.0
-0.00015180587 -0.014220051 -0.0020021277 -0.054786485 -0.22705062 -0.008242219 -0.055734135 -0.03855037 2.421125
-0.30342168 -0.33826557 -0.34308237 -0.22031377 -0.06150152 -0.2646947 -0.31734926 -0.0008041448 2.8342412
-0.19464384 -0.0576774 -0.424756 -0.10551242 -0.09055707 -4.332176e-05 -0.25721255 -0.00094832986 3.3321702
0.10058239 0.352161 -0.37580743 -0.38485295 0.93971187 0.62746465 0.43265632 0.24014372 0.0
-0.0066840253 -0.70043236 -0.0006618314 -0.13635235 -0.00013298028 -5.959265e-05 -0.008798134 -0.06400744 1.7652856
-0.08700406 -0.06270344 -0.57891375 -2.9681992e-06 -0.053921316 -6.0695045e-05 -0.06094778 -0.0016121228 3.070164
-0.36001125 -0.01558458 -0.022206131 -0.0013786174 -0.09110383 -0.0051106974 -0.038420636 -0.078206785 2.3836555
-0.1303166 0.002971448 -0.17219034 -0.020279523 1.2089568 0.8958683 -0.16334468 -0.07714281 0.0
-0.19705991 -0.007745833 -0.028880825 -0.0085781375 -0.3052281 -0.07329823 -0.09579674 -0.1396053 2.9368002
-0.0047781356 -0.016247677 -3.2343207e-05 -0.23474865 -0.092942946 -0.24629408 -0.0734317 -0.0016181319 2.7588227
-0.00056844216 -0.024668045 -0.21124765 -0.068676844 -0.0005658541 -0.53492963 -0.003177842 -0.023204945 3.6428072
-0.44158182 0.0070992922 -0.3481748 -0.23265858 1.3622066 0.1791042 1.7601284 -0.08772846 0.0
