0.26629096 -0.27365035 -0.29862246 -0.60319775 3.6575131 -0.43089324 -0.1018802 -0.97728485 0.0
0.0028225922 -0.09706572 -0.8747109 -0.11416506 4.509955 -0.2055787 -0.19569749 -0.37065774 0.0
-0.05468908 -0.1984194 -0.24673522 -0.092866875 -0.21416783 -0.11721768 -0.29115874 -0.4775083 3.753728
-0.038686994 -0.18863814 -0.21993354 -0.36732742 -0.012733821 0.029858971 -0.19504213 -0.121997796 2.4092398
-0.003772707 -0.40847608 -0.16502605 -0.008586654 -3.6002377e-05 -0.024915213 -0.06904734 -0.24302316 3.2879417
-0.7306972 -0.5247002 0.066262126 -0.22723813 -0.27861437 2.9924216 0.051482443 0.11858253 0.0
-0.30428153 -0.076824546 -0.025525268 -0.2154148 -0.35500672 -0.00023343205 -0.19780198 -0.10080917 2.6823297
-0.14025325 -0.2571432 -0.27926084 -0.056125373 -0.10967426 -0.015602342 -0.044070203 -0.026060471 2.9972951
-0.14191066 -0.15430406 -0.065907836 -0.13866861 -0.17223345 -0.025497735 -0.24149321 -0.03294277 2.2051785
0.038192205 0.14577086 0.603931 0.3338497 -0.09657996 0.20972778 -0.021472652 1.089118 0.0
-0.017323665 -0.09829157 -0.03481344 -0.22917281 -0.28207517 -0.045329466 -0.11956065 -0.1053658 2.9486618
-0.44091532 -0.46043378 -0.42636034 -0.3397309 -0.13181017 -0.40131828 -0.3557457 -0.0063369516 3.0965981
-0.3893086 -0.18092474 -0.5182772 -0.27973703 -0.2119071 -0.006812681 -0.25721255 -0.02083426 3.3321702
0.13467881 0.41455114 -0.4619957 -0.5081669 0.96405035 0.7907562 0.529157 0.32902035 0.0
-0.07787111 -0.70043236 -0.02342289 -0.28556922 -0.013287297 -0.009262015 -0.079384245 -0.06400744 2.6853192
-0.17461815 -0.22492062 -0.57891375 -0.0021969443 -0.1658071 -0.008825798 -0.18777995 -0.014839833 3.070164
-0.561124 -0.10939042 -0.13363305 -0.035900924 -0.18456224 -0.061426837 -0.053927217 -0.20186654 3.0085278
-0.2006927 0.0033715086 -0.22713615 -0.029597867 1.2089568 1.0947882 -0.16334468 -0.10190661 0.0
-0.36169493 -0.08261899 -0.12688328 -0.071079694 -0.44503555 -0.18398449 -0.105356626 -0.27554742 3.2110546
-0.05190942 -0.11948866 -0.00637188 -0.29999185 -0.19549407 -0.28375432 -0.20258655 -0.035807464 3.107273
-0.021176431 -0.12376004 -0.41596675 -0.21675694 -0.0120171625 -0.53542167 -0.055147663 -0.1450902 3.6461613
-0.6049196 -0.077450074 -0.4584054 -0.46882337 1.3683586 0.28466383 1.8769274 -0.0881244 0.0
