0.32108453 -0.27365035 -0.33605513 -0.66937554 3.65756 -0.51445717 -0.20132117 -1.0194219 0.0
0.0033730876 -0.18122235 -0.8822322 -0.21811695 4.5486584 -0.31860235 -0.3202406 -0.575935 0.0
-0.11851332 -0.249163 -0.31554025 -0.20575875 -0.21416783 -0.16571806 -0.2928755 -0.5313367 3.753728
-0.08592414 -0.18860771 -0.28168702 -0.48067465 -0.0392703 0.029828476 -0.29143488 -0.21385103 2.7609515
-0.019912144 -0.439847 -0.28818184 -0.0440574 -0.0008002931 -0.07984643 -0.12688875 -0.35040945 3.5287728
-0.80974555 -0.53967714 0.07299261 -0.2376421 -0.29418093 3.0433567 0.05423285 0.12221307 0.0
-0.38826513 -0.103164546 -0.08248239 -0.32739475 -0.4096209 -0.0027002736 -0.26068214 -0.17549732 2.961848
-0.21760921 -0.3628279 -0.3755847 -0.124747604 -0.1147951 -0.04215772 -0.0696336 -0.036012772 3.131889
-0.22566244 -0.19098942 -0.15055975 -0.24072447 -0.17354843 -0.033458423 -0.24333778 -0.07824831 2.5073256
0.039283585 0.14994186 0.605421 0.33570707 -0.10263859 0.2102526 -0.021601144 1.111995 0.0
-0.074858434 -0.17965944 -0.08459451 -0.35860056 -0.30193344 -0.07716153 -0.15182377 -0.14430529 3.1384215
-0.49573135 -0.5071737 -0.45642576 -0.38912728 -0.16733177 -0.45724952 -0.3687188 -0.0120585235 3.1839697
-0.48381382 -0.25871003 -0.55164987 -0.37963992 -0.27652818 -0.032443278 -0.25721255 -0.05439927 3.3321702
0.14758259 0.43630627 -0.4928984 -0.5544478 1.0091221 0.82714605 0.5636467 0.36315456 0.0
-0.16729149 -0.70043236 -0.070801385 -0.35998714 -0.05513817 -0.043952048 -0.15757413 -0.06400744 3.0753012
-0.21718161 -0.3354368 -0.57891375 -0.016688341 -0.23561348 -0.04104443 -0.2670168 -0.029629707 3.070164
-0.64495397 -0.20091844 -0.23402949 -0.098782025 -0.23022276 -0.13321985 -0.059972204 -0.27162033 3.2394238
-0.22976957 0.0035077261 -0.24773595 -0.03332038 1.247066 1.1659168 -0.20145436 -0.11119845 0.0
-0.43753353 -0.17271951 -0.20148052 -0.13740757 -0.5008929 -0.24539931 -0.10854686 -0.34096035 3.3024511
-0.10910871 -0.22268572 -0.032488063 -0.32396662 -0.2467419 -0.29663587 -0.27831697 -0.0937144 3.225826
-0.06502343 -0.20480576 -0.5144388 -0.31058243 -0.031050699 -0.5355805 -0.13395154 -0.2571607 3.6472073
-0.66768914 -0.08484427 -0.49969536 -0.58408624 1.3702945 0.3291488 1.9277903 -0.088248916 0.0
