0.42336017 -0.20687443 -0.40014887 -0.7807666 3.5959103 -0.66859746 -0.5501883 -1.0850885 0.0
0.004388827 -0.45529467 -0.8934742 -0.56730044 4.606514 -0.6087753 -0.6632485 -1.1078863 0.0
-0.3704399 -0.34881657 -0.4538368 -0.6661542 -0.16373222 -0.27630213 -0.2954332 -0.6222336 3.6943479
-0.27830347 -0.17405921 -0.4060279 -0.71545243 -0.20550643 -0.12477723 -0.52749383 -0.4897353 3.385604
-0.22770946 -0.4906949 -0.6569226 -0.48506585 -0.07209499 -0.44280952 -0.3112559 -0.6018425 3.9197607
-0.94259846 -0.5626111 0.084213145 -0.25390416 -0.31880337 3.1202922 0.058570813 0.12778622 0.0
-0.5566502 -0.1594298 -0.46310857 -0.6078053 -0.50610787 -0.095679745 -0.37350455 -0.39768538 3.4264936
-0.41622534 -0.6035533 -0.5820119 -0.40478903 -0.12280788 -0.18185347 -0.13673675 -0.058051832 3.3424156
-0.4472047 -0.26190776 -0.5090152 -0.5435973 -0.1755117 -0.04997456 -0.24609151 -0.2796504 3.0366557
0.040954866 0.15632938 0.6076314 0.33847287 -0.11229903 0.21103108 -0.021792572 1.146711 0.0
-0.64391 -0.437458 -0.3126357 -0.6952721 -0.3338816 -0.16906534 -0.21606608 -0.22958592 3.4426444
-0.5894982 -0.5851046 -0.5048053 -0.4755952 -0.23803829 -0.554522 -0.38877347 -0.031114684 3.3177996
-0.66715765 -0.43875155 -0.69331163 -0.5962177 -0.40974513 -0.3198561 -0.585918 -0.22323893 3.6867769
0.16895507 0.470582 -0.54241604 -0.63070875 1.0796661 0.8840493 0.61880314 0.4202062 0.0
-0.5168325 -0.68057173 -0.36021402 -0.5069029 -0.44567853 -0.4316837 -0.4331407 -0.29594782 3.7696288
-0.29976267 -0.6055721 -0.5807865 -0.32344738 -0.39587823 -0.39126128 -0.44913286 -0.08204764 3.309711
-0.7924132 -0.4928751 -0.5353412 -0.44227174 -0.3191422 -0.41701815 -0.07071358 -0.4210928 3.6163087
-0.2806316 0.0037192893 -0.2792865 -0.039696127 1.3780073 1.2796843 -0.25561005 -0.1265078 0.0
-0.57971454 -0.5126392 -0.3987432 -0.36317313 -0.5965686 -0.37553528 -0.113442145 -0.4671029 3.4424968
-0.32602718 -0.5583401 -0.35379237 -0.3629646 -0.34803173 -0.31676188 -0.44493586 -0.38630566 3.4097028
-0.33842513 -0.43078735 -0.7043381 -0.5284162 -0.12544243 -0.47197965 -0.49546218 -0.5989694 3.6612895
-0.77263343 -0.09708658 -0.56765 -0.808535 1.3731627 0.40793782 2.0055597 -0.088433385 0.0
