0.41365638 -0.19494386 -0.39433333 -0.77075034 3.5791028 -0.6540614 -0.5057049 -1.0794207 0.0
0.0042930203 -0.42146277 -0.89252555 -0.52359855 4.601631 -0.57659566 -0.623947 -1.0485795 0.0
-0.3367115 -0.33911422 -0.44021434 -0.6035961 -0.15952013 -0.26471335 -0.29521766 -0.614046 3.6916614
-0.25222275 -0.16706309 -0.3937696 -0.6919771 -0.17894346 -0.11503758 -0.5018928 -0.45687148 3.327909
-0.18578157 -0.48621294 -0.6130411 -0.39678523 -0.04960601 -0.38362226 -0.28871667 -0.5751506 3.8852985
-0.9306619 -0.5606502 0.083209254 -0.25249827 -0.31666097 3.1137629 0.058193978 0.12730908 0.0
-0.5400846 -0.15371782 -0.4007828 -0.5770707 -0.4972086 -0.07109359 -0.37875515 -0.37133566 3.3907433
-0.39420274 -0.57833505 -0.5610212 -0.3667769 -0.12211478 -0.16092166 -0.12922084 -0.055774726 3.324215
-0.42262828 -0.25490797 -0.45960107 -0.5077072 -0.17534603 -0.048321813 -0.24585932 -0.25136796 2.9880981
0.04081197 0.15578325 0.6074457 0.33823985 -0.11145491 0.21096578 -0.021776453 1.1437569 0.0
-0.53746516 -0.40601712 -0.28022692 -0.6577009 -0.33107665 -0.15831444 -0.20976788 -0.2208219 3.4160013
-0.5809945 -0.57813174 -0.5005573 -0.46765813 -0.23110753 -0.54562366 -0.38705 -0.028740803 3.3063579
-0.649417 -0.41974556 -0.6003081 -0.5740696 -0.39645648 -0.26416388 -0.53996754 -0.19836397 3.559176
0.1670494 0.4676061 -0.5380777 -0.6239275 1.0735633 0.8791292 0.61397624 0.4150949 0.0
-0.47019684 -0.6645274 -0.31435403 -0.4925614 -0.3741374 -0.35655183 -0.39794934 -0.24499972 3.7054353
-0.2917716 -0.5762999 -0.5604739 -0.252524 -0.37902662 -0.324 -0.4299729 -0.0753418 3.2312617
-0.7788444 -0.45715758 -0.49945706 -0.3869086 -0.3105215 -0.3789935 -0.06925151 -0.4058943 3.5824137
-0.27596468 0.0037010622 -0.27864376 -0.039117523 1.371368 1.2697278 -0.25449994 -0.12514655 0.0
-0.5661943 -0.46795204 -0.37656957 -0.33477256 -0.5878857 -0.36237606 -0.11302311 -0.45493415 3.4305205
-0.29746643 -0.51691717 -0.28976208 -0.3595206 -0.3381383 -0.31502244 -0.42777357 -0.34309694 3.3938763
-0.2947852 -0.40475848 -0.68601906 -0.50538605 -0.111614205 -0.46369624 -0.44401184 -0.5579616 3.6122084
-0.76323014 -0.09599522 -0.5616115 -0.7867768 1.3729216 0.40066168 1.9989159 -0.08841789 0.0
