0.41837883 -0.2006965 -0.39716977 -0.77563787 3.5873213 -0.66113794 -0.5270144 -1.0821917 0.0
0.0043396596 -0.4377001 -0.89298993 -0.54455614 4.604025 -0.59213173 -0.6428879 -1.0772039 0.0
-0.35282266 -0.34383014 -0.44683167 -0.6334503 -0.16156852 -0.27032515 -0.2953231 -0.6180408 3.692977
-0.2646716 -0.17045245 -0.39972404 -0.70337224 -0.19149047 -0.11970733 -0.5142674 -0.47267583 3.3560264
-0.20524703 -0.48840195 -0.63414496 -0.4377879 -0.059574425 -0.41153875 -0.29954022 -0.588067 3.902131
-0.9364866 -0.56160927 0.08369922 -0.25318557 -0.31770802 3.116958 0.05837816 0.12754244 0.0
-0.5481321 -0.15648828 -0.4301709 -0.5919183 -0.5015456 -0.082224265 -0.3849235 -0.38401052 3.4113376
-0.40483502 -0.59054685 -0.5712013 -0.3849192 -0.12245361 -0.17085087 -0.13284753 -0.0568782 3.3331125
-0.43467578 -0.25822654 -0.48316267 -0.52497184 -0.1754271 -0.049124025 -0.24597295 -0.2648387 3.0117707
0.04088186 0.15605037 0.6075379 0.33835396 -0.111867376 0.21099775 -0.021784341 1.1452019 0.0
-0.58716285 -0.42111725 -0.29565153 -0.6758336 -0.3324469 -0.16348983 -0.21282807 -0.22507007 3.4290185
-0.5851422 -0.5815349 -0.5026325 -0.4715271 -0.23447509 -0.54996204 -0.38789278 -0.029879548 3.311955
-0.65804267 -0.42894542 -0.6824179 -0.584808 -0.4029076 -0.29010212 -0.56199455 -0.21017633 3.652309
0.16797964 0.46906066 -0.5401973 -0.6272383 1.0765467 0.88153446 0.61633456 0.4175895 0.0
-0.49247742 -0.67233443 -0.3360274 -0.49953127 -0.407599 -0.3915407 -0.41480613 -0.268744 3.7367191
-0.29565686 -0.5904497 -0.5703281 -0.2850596 -0.3871852 -0.35534662 -0.43924886 -0.07855365 3.269423
-0.78545797 -0.47430864 -0.51671416 -0.41129166 -0.3147124 -0.39715594 -0.06969945 -0.41326535 3.5986404
-0.27823973 0.0037099742 -0.2801133 -0.03939973 1.3752304 1.2745922 -0.25504276 -0.12581113 0.0
-0.57277364 -0.4893209 -0.38726696 -0.34838867 -0.5921205 -0.36876 -0.11322805 -0.46085155 3.4363782
-0.31112272 -0.53679794 -0.31951615 -0.36120254 -0.34294623 -0.3158728 -0.43609145 -0.3636117 3.4016154
-0.31539932 -0.4172992 -0.69492733 -0.51653296 -0.11818324 -0.4677333 -0.46849576 -0.57767427 3.6361513
-0.7678193 -0.09652797 -0.56455976 -0.7973548 1.3730388 0.40420747 2.002166 -0.08842564 0.0
