0.3841057 -0.27365035 -0.37630627 -0.7395909 3.65756 -0.6096878 -0.38625416 -1.0615058 0.0
0.0040005767 -0.32927376 -0.88950086 -0.405254 4.586064 -0.48471385 -0.51329565 -0.8796416 0.0
-0.2481358 -0.30987385 -0.3993531 -0.4404843 -0.14676914 -0.23082614 -0.29453048 -0.58859295 3.6830876
-0.18412502 -0.14652786 -0.35701272 -0.6219879 -0.11491999 -0.088706456 -0.4281009 -0.3658964 3.1502562
-0.09685551 -0.47216097 -0.49152017 -0.20882317 -0.014952401 -0.24249303 -0.22703107 -0.49752006 3.7772312
-0.89351755 -0.55442965 0.08008011 -0.24805719 -0.30991045 3.0929897 0.05700579 0.12579614 0.0
-0.49037027 -0.13679433 -0.2524951 -0.48887554 -0.4698015 -0.027442563 -0.33954364 -0.29824895 3.2589
-0.33131787 -0.5045833 -0.498871 -0.26759163 -0.11992573 -0.108821124 -0.1078513 -0.04907689 3.266716
-0.35176495 -0.2342643 -0.33161014 -0.40812767 -0.17481805 -0.043396156 -0.24511862 -0.1787358 2.8381908
0.040358637 0.15405063 0.60685253 0.33749664 -0.1087994 0.21075682 -0.021724995 1.1343691 0.0
-0.30194727 -0.3198804 -0.19747269 -0.55071545 -0.32226896 -0.12831466 -0.19083995 -0.19498621 3.3322475
-0.5546298 -0.556398 -0.48721886 -0.44316778 -0.21027713 -0.51812965 -0.38159308 -0.022297936 3.270055
-0.5958179 -0.3643389 -0.5856407 -0.5086456 -0.3568003 -0.14324795 -0.41592148 -0.13593695 3.4768577
0.1611015 0.45822117 -0.52444404 -0.60274 1.0542899 0.8635869 0.5987999 0.3991715 0.0
-0.34753975 -0.7004284 -0.20336922 -0.44938555 -0.2138562 -0.19348615 -0.30350995 -0.0640116 3.5078337
-0.2676291 -0.4918961 -0.5001911 -0.11437527 -0.32981896 -0.17724828 -0.37403795 -0.057358485 2.993351
-0.7370159 -0.3594419 -0.40011218 -0.25959235 -0.28449714 -0.27917355 -0.066396944 -0.3608941 3.478304
-0.26156214 0.003643406 -0.2692208 -0.03732408 1.3464109 1.2384245 -0.25098446 -0.12089328 0.0
-0.52505803 -0.34961534 -0.31362167 -0.25803438 -0.5609731 -0.32332465 -0.11169437 -0.41812417 3.3925273
-0.22187918 -0.40403593 -0.1530053 -0.34873086 -0.30836084 -0.30952686 -0.37722835 -0.23479907 3.343794
-0.18956083 -0.33163854 -0.6306034 -0.4382896 -0.07681335 -0.5357238 -0.31275037 -0.44480303 3.6482093
-0.7339375 -0.09258866 -0.5427389 -0.7210868 1.3721511 0.37826392 1.9778329 -0.08836844 0.0
