1.1948601 0.42163187 -0.42342502 -0.1839047 2.056474 0.10281579 -0.13833928 -0.8761042 0.0
0.50149715 0.06283835 -0.031788334 -0.37463632 3.5408537 -0.6918128 -0.63884217 -1.026658 0.0
-0.546679 -0.17318174 -0.5597554 -0.4702067 -0.011458619 -0.48502418 -0.35327387 -0.46858642 3.307953
-0.19206916 -0.108401135 -0.39432248 -0.7128128 -0.0035037058 -0.15100269 -0.46497205 -0.79348236 3.1281095
-0.4106813 -0.33651498 -0.70044005 -0.6247694 0.011011216 -0.5972072 -0.2800777 -0.5389694 3.623356
-0.49390855 -0.17710415 0.6529032 0.2180462 -0.07917912 2.4569588 -0.015387104 0.092482924 0.0
-0.746081 -0.35731512 -0.5121952 -0.44015458 -0.30914354 0.04881465 -0.15646096 -0.11487875 2.930065
-0.6736756 -0.452819 -0.4469506 -0.329345 0.16478641 -0.15892522 0.06865313 -0.031107735 2.873544
-0.32862064 -0.070858404 -0.39337698 -0.58153045 -0.16530447 -0.17294292 -0.24318846 -0.46379125 2.845469
0.17438725 0.47260377 0.65177697 0.41912907 -0.15316406 0.3128221 0.016174486 0.73914075 0.0
-0.77285904 -0.53166986 -0.5796751 -0.42509556 -0.425356 -0.06379589 -0.26996836 -0.28868654 3.2748053
-0.58098245 -0.5382476 -0.60147226 -0.44401014 -0.5846982 -0.47731474 -0.3582099 -0.3214103 3.2812226
-0.66806227 -0.7207591 -0.84151065 -0.6415638 -0.1461381 -0.4082724 -0.21752845 -0.12640172 3.3270242
0.48382524 0.36480644 -0.5391145 -0.65906686 0.52305895 1.039362 0.7784713 0.6907054 0.0
-0.7333699 -0.72103655 -0.57949746 -0.5677171 -0.36927947 -0.49833834 -0.18885763 -0.52261335 3.301226
-0.46397442 -0.70303816 -0.49937007 -0.8249581 -0.3267853 -0.57341456 -0.4716176 -0.48684365 3.4744785
-0.4949482 -0.75500613 -0.7049004 -0.7026811 -0.3130419 -0.3065778 -0.4183813 -0.41156745 3.3987758
-0.10286074 -0.4249812 -0.2079459 -0.07231627 1.1337117 1.377801 -0.032170806 0.45446604 0.0
-0.6783834 -0.56181157 -0.4427456 -0.6830592 -0.29130834 -0.2981857 -0.39283338 -0.632259 3.3192906
-0.43651134 -0.33636454 -0.51656693 -0.6499281 -0.27112257 -0.5439468 -0.46173495 -0.5104671 3.3333879
-0.66203827 -0.41712648 -0.6474478 -0.683153 -0.32618758 -0.26475435 -0.48336962 -0.5390893 3.4537463
-0.5365547 0.07550056 -0.26968443 -0.38071558 1.0401739 0.71425414 1.5221579 0.284774 0.0
