0.33301127 -0.19098327 -0.4943999 -0.9135096 3.889948 -0.6303093 -0.66316855 -1.1921918 0.0
0.005963463 -0.52508897 -0.8615479 -0.64760447 4.5756836 -0.7072917 -0.77198774 -1.1956382 0.0
-0.45006213 -0.24873304 -0.49821126 -0.7985384 -0.08164317 -0.41999918 -0.36467004 -0.63527304 3.583878
-0.49308172 -0.3673837 -0.29936874 -0.6925691 -0.1980917 -0.18044484 -0.6014947 -0.7189087 3.5088215
-0.39954504 -0.45506376 -0.7956393 -0.7990702 -0.166648 -0.52891356 -0.3058313 -0.5525872 3.9226155
-0.8841001 -0.37925416 -0.030641781 -0.36000636 -0.27389795 3.2242842 -0.06888736 0.13182972 0.0
-0.76520467 -0.36050957 -0.57161754 -0.6163365 -0.4595699 -0.18970174 -0.28770894 -0.40965888 3.4823346
-0.6437771 -0.64253086 -0.5584785 -0.44481325 -0.090277396 -0.30328912 -0.1355501 -0.16341178 3.3353908
-0.55728596 -0.2594818 -0.5931447 -0.7178523 -0.22031772 -0.08430233 -0.30521542 -0.5364723 3.2788577
-0.066564545 0.20599005 0.415477 0.42851707 -0.15786041 0.4320826 -0.18338299 1.155819 0.0
-0.9137001 -0.561043 -0.4020192 -0.6337886 -0.3836804 -0.1524411 -0.30484265 -0.2464452 3.4865472
-0.68145186 -0.5919735 -0.50311977 -0.31799808 -0.42277074 -0.46094832 -0.5127661 -0.04981087 3.4359503
-0.6229867 -0.5223132 -0.74513775 -0.517064 -0.5755946 -0.46193677 -0.5490765 -0.27372223 3.765841
0.26576048 0.5414385 -0.50110847 -0.5506089 0.8268707 0.84820086 0.7570748 0.34448615 0.0
-0.6349425 -0.50498384 -0.55348015 -0.6097455 -0.6797949 -0.5903892 -0.5012276 -0.56602526 3.8506815
-0.4948241 -0.67284715 -0.5338603 -0.6465956 -0.4222344 -0.6375344 -0.5873804 -0.20615089 3.6802816
-0.62291586 -0.8376217 -0.5207065 -0.6845065 -0.404166 -0.50828743 -0.27403754 -0.3867665 3.6742928
-0.25847435 -0.1607925 -0.24290556 -0.028511727 1.4243002 1.2607929 -0.23560041 -0.015733086 0.0
-0.652645 -0.5756299 -0.46750575 -0.48536295 -0.38437375 -0.27241504 -0.24874946 -0.5184461 3.3628504
-0.4985175 -0.5598215 -0.52671516 -0.38224572 -0.48524922 -0.4617322 -0.39733276 -0.60887855 3.592952
-0.4930879 -0.43893936 -0.66566813 -0.51571506 -0.14884132 -0.4112224 -0.6653225 -0.6142994 3.5762844
-0.59117585 -0.07343622 -0.52851826 -0.7628487 1.1332748 0.50344646 1.8986001 0.032093182 0.0
