0.36609128 -0.23623633 -0.60474324 -0.8718215 3.844479 -0.56065965 -0.61708295 -1.1751 0.0
0.036583055 -0.5395003 -0.7392514 -0.67672193 4.5949187 -0.8146632 -0.830529 -1.1950415 0.0
-0.5423902 -0.19238715 -0.55500805 -0.7084353 -0.150114 -0.5159363 -0.3924558 -0.6288467 3.6044433
-0.39318955 -0.4105867 -0.34528032 -0.7054274 -0.18876046 -0.2940904 -0.5353514 -0.7919491 3.4696255
-0.47381788 -0.43885145 -0.790436 -0.7698027 -0.10671567 -0.600902 -0.39057204 -0.521938 3.8761587
-0.82736933 -0.45912173 0.08538269 -0.20599222 -0.3388959 3.2740703 -0.08652415 -0.07154757 0.0
-0.7644674 -0.36912334 -0.72833896 -0.6421642 -0.39638898 -0.24170776 -0.2724823 -0.36041883 3.4653025
-0.66950554 -0.8053692 -0.53959996 -0.3639382 -0.04952691 -0.29937726 -0.07281538 -0.18769023 3.3494911
-0.49371293 -0.33233652 -0.5435105 -0.6563299 -0.25850517 0.012344074 -0.21181707 -0.44768292 3.086497
0.014436768 0.35136306 0.5151283 0.43108574 -0.12879561 0.26456007 -0.20122972 1.0777806 0.0
-0.99336004 -0.63791883 -0.6298621 -0.51596016 -0.46046728 -0.29972047 -0.34945932 -0.46371877 3.7864745
-0.66852885 -0.5444438 -0.5647637 -0.2816855 -0.60499966 -0.5063992 -0.37065548 -0.31665438 3.493488
-0.7220841 -0.5792037 -0.83249843 -0.6596352 -0.40548897 -0.49527505 -0.48179442 -0.26470065 3.7630482
0.29069418 0.5864125 -0.66650796 -0.40561187 0.6642415 0.876412 0.6938294 0.49988788 0.0
-0.76988244 -0.6070958 -0.66059273 -0.61362606 -0.54534644 -0.6368789 -0.46418607 -0.66005677 3.8621678
-0.4698651 -0.7016585 -0.5872366 -0.71982676 -0.44755614 -0.7395627 -0.62110543 -0.46203813 3.839562
-0.5942639 -0.8632508 -0.64763564 -0.6993609 -0.3771039 -0.3966248 -0.24732843 -0.3538546 3.5573006
-0.21072033 -0.30489808 -0.2695972 0.12234507 1.2752526 1.2098836 -0.14081317 0.18782936 0.0
-0.62101823 -0.42538035 -0.48455593 -0.5602008 -0.39442748 -0.28100583 -0.33783206 -0.52631176 3.3687766
-0.57982343 -0.5057735 -0.5215543 -0.38664258 -0.51190513 -0.53661335 -0.5129971 -0.6377552 3.6725786
-0.58054304 -0.49807042 -0.63030547 -0.5528701 -0.33288866 -0.4871849 -0.6258368 -0.49152377 3.6556594
-0.6101402 -0.16586593 -0.54280055 -0.8481621 1.20611 0.62746155 1.8982759 -0.019955544 0.0
