0.42629248 -0.21056448 -0.40189654 -0.7837734 3.6009293 -0.6729865 -0.5641706 -1.0867815 0.0
0.004417757 -0.4658798 -0.8937567 -0.5810007 4.6079698 -0.61869675 -0.67541903 -1.1261846 0.0
-0.38111642 -0.3517579 -0.45797265 -0.68600255 -0.16500734 -0.2798486 -0.29549727 -0.62469196 3.695147
-0.2865743 -0.17619756 -0.40975025 -0.7225931 -0.2141476 -0.12783211 -0.5353636 -0.49996662 3.4029768
-0.24192396 -0.49203706 -0.67058235 -0.51496696 -0.08057259 -0.46213177 -0.31829807 -0.61002463 3.93008
-0.9461811 -0.5631936 0.08451434 -0.25432414 -0.31944382 3.1222367 0.058683462 0.1279286 0.0
-0.5616787 -0.16117065 -0.48346993 -0.6172664 -0.5087875 -0.10451686 -0.3774312 -0.4058836 3.4392297
-0.42301583 -0.6112708 -0.5884106 -0.41684628 -0.12301497 -0.18859306 -0.13905711 -0.058747422 3.3478534
-0.45491254 -0.26397565 -0.52472556 -0.55476266 -0.17556092 -0.050477345 -0.24616067 -0.28866678 3.0512655
0.04099749 0.15649228 0.6076866 0.33854204 -0.11255154 0.21105088 -0.021797393 1.1475912 0.0
-0.67952067 -0.4472784 -0.3229864 -0.7068653 -0.33472115 -0.17240396 -0.21797709 -0.23226117 3.4506166
-0.5920535 -0.5871966 -0.50607675 -0.47798374 -0.2401412 -0.55719876 -0.38928792 -0.031858355 3.321213
-0.6725314 -0.44457373 -0.69974494 -0.6029742 -0.41378608 -0.33859536 -0.60033727 -0.23122722 3.7070336
0.16952622 0.47147602 -0.5437142 -0.6327416 1.0814894 0.8855155 0.62024736 0.42173982 0.0
-0.5315885 -0.6854222 -0.37511387 -0.5112521 -0.4695089 -0.45696995 -0.44420442 -0.31306404 3.7889597
-0.30218333 -0.6145695 -0.58697397 -0.3481763 -0.4010375 -0.4138589 -0.45499957 -0.08415632 3.333444
-0.79649776 -0.50403625 -0.54651254 -0.45903626 -0.3217541 -0.42905626 -0.14659946 -0.4257257 3.6810596
-0.28203598 0.0037247331 -0.2801832 -0.039870016 1.3803831 1.2826633 -0.25594133 -0.1269445 0.0
-0.58380115 -0.52674764 -0.40559208 -0.3720826 -0.59917784 -0.3795438 -0.113567166 -0.47078753 3.4460692
-0.3350458 -0.5713001 -0.3754535 -0.36399618 -0.35103226 -0.31728148 -0.45017618 -0.40018782 3.4144285
-0.35262027 -0.43885344 -0.70988536 -0.5354722 -0.12987915 -0.47447392 -0.51189893 -0.6117486 3.6760318
-0.7754549 -0.09741382 -0.56946015 -0.8151275 1.3723671 0.41012913 2.0075412 -0.0875684 0.0
