0.41157117 -0.27360427 -0.39307714 -0.76858455 3.6575162 -0.65093565 -0.49649814 -1.0781895 0.0
0.0042724186 -0.4144294 -0.89231884 -0.51453036 4.600568 -0.5698114 -0.6156959 -1.0360848 0.0
-0.32977766 -0.33703592 -0.4373001 -0.5907639 -0.15861663 -0.26225278 -0.29517087 -0.61227596 3.6910763
-0.2468705 -0.16557597 -0.39114743 -0.686964 -0.17362489 -0.1130176 -0.4964802 -0.4500068 3.31547
-0.17771919 -0.4852416 -0.603874 -0.37979174 -0.04572059 -0.37181172 -0.28402483 -0.5694923 3.8778293
-0.92808074 -0.56022394 0.08299205 -0.2521929 -0.31619596 3.112342 0.058112174 0.12720534 0.0
-0.5365403 -0.1525003 -0.38835463 -0.57058144 -0.49528998 -0.06663418 -0.37594345 -0.36582842 3.3815808
-0.3895597 -0.57298034 -0.55654794 -0.35897776 -0.121964246 -0.15668856 -0.12763831 -0.055290394 3.3202617
-0.41737303 -0.25344437 -0.4494856 -0.50020534 -0.17531 -0.047968913 -0.24580866 -0.24559318 2.977621
0.040780894 0.15566449 0.60740566 0.338189 -0.1112718 0.2109515 -0.021772938 1.1431144 0.0
-0.5167237 -0.3994702 -0.27362126 -0.64978635 -0.33046848 -0.1560634 -0.20841976 -0.21895663 3.4102225
-0.57915753 -0.57662314 -0.4996363 -0.46594602 -0.22962397 -0.54370356 -0.38667545 -0.028247885 3.3038697
-0.64561373 -0.4157138 -0.5992962 -0.56935287 -0.39361793 -0.25337458 -0.5304417 -0.19332069 3.5535002
0.16663693 0.4669601 -0.53713685 -0.62245935 1.0722376 0.8780605 0.6129293 0.41398928 0.0
-0.46060508 -0.66108125 -0.30516022 -0.4894901 -0.3601394 -0.3419992 -0.39066705 -0.23511447 3.6915965
-0.29005846 -0.5701105 -0.5561419 -0.2392596 -0.3754501 -0.31094965 -0.42590678 -0.07395441 3.2144237
-0.7759185 -0.44972336 -0.4919613 -0.3765241 -0.30867383 -0.37117743 -0.069053024 -0.40265533 3.5752137
-0.2749579 0.0036971017 -0.27799085 -0.038992546 1.3696516 1.2675683 -0.25425866 -0.12485184 0.0
-0.56328976 -0.45874214 -0.3719028 -0.32888338 -0.5860103 -0.3595698 -0.112932 -0.45232445 3.427916
-0.29158112 -0.5083053 -0.27742285 -0.35877436 -0.33601978 -0.31464466 -0.42412192 -0.3343403 3.3904374
-0.2860465 -0.39929754 -0.68209034 -0.5005014 -0.10880821 -0.46191034 -0.43352816 -0.54940414 3.6016016
-0.7611961 -0.09575899 -0.560304 -0.7821131 1.3728673 0.39909318 1.9974709 -0.0884145 0.0
