0.36454037 -0.24441668 -0.606571 -0.88409436 3.8366482 -0.51780707 -0.6258385 -1.1830212 0.0
0.021216394 -0.53369725 -0.69738096 -0.75043845 4.618323 -0.81510305 -0.84024346 -1.1459438 0.0
-0.57271963 -0.18776417 -0.53089786 -0.6832565 -0.16812082 -0.5403787 -0.43755025 -0.6623281 3.6281989
-0.37306315 -0.37187263 -0.33077335 -0.727434 -0.17418432 -0.29264277 -0.5461459 -0.808985 3.4542072
-0.47749406 -0.41393998 -0.80041146 -0.7723062 -0.09727303 -0.6089911 -0.39873493 -0.54002506 3.8822665
-0.796499 -0.51170707 0.0931497 -0.21990395 -0.35891268 3.2826202 -0.082152694 -0.05940361 0.0
-0.7585165 -0.40690842 -0.7390558 -0.63658214 -0.39825997 -0.26479006 -0.2598969 -0.33264923 3.4679098
-0.692961 -0.7635754 -0.56339896 -0.3526384 -0.039062306 -0.30421653 -0.0703919 -0.13546793 3.320018
-0.46698743 -0.2697867 -0.5580053 -0.6670673 -0.24807666 -0.008342327 -0.25619417 -0.467948 3.1001775
-0.0012806143 0.34486133 0.5629832 0.4023859 -0.18300761 0.29796216 -0.23539263 1.1113424 0.0
-1.0110133 -0.6669043 -0.63843083 -0.5346099 -0.49036407 -0.30003527 -0.35022584 -0.44033796 3.8191504
-0.662141 -0.48563087 -0.582276 -0.3455612 -0.610038 -0.5249272 -0.34211203 -0.31986126 3.461737
-0.72141975 -0.57586855 -0.84418815 -0.72255504 -0.42818165 -0.5144585 -0.49507675 -0.28985894 3.805124
0.32320684 0.6120686 -0.6918686 -0.443811 0.62019765 0.888453 0.7369144 0.47120833 0.0
-0.78730816 -0.6568482 -0.67124194 -0.5947851 -0.5540125 -0.6427341 -0.3545639 -0.68608886 3.8069375
-0.4729074 -0.7109943 -0.5950469 -0.7292133 -0.46326876 -0.7390084 -0.6257339 -0.4754141 3.8585758
-0.6317501 -0.82217264 -0.65127695 -0.71225995 -0.32567367 -0.44761166 -0.24149555 -0.45770463 3.598545
-0.22789367 -0.3138108 -0.28107604 0.1359542 1.2734592 1.2361304 -0.12593442 0.16747354 0.0
-0.6531272 -0.43882188 -0.5354465 -0.53569037 -0.3886541 -0.22286567 -0.34979194 -0.5468459 3.3551502
-0.5470714 -0.5101554 -0.5464594 -0.3792318 -0.50142694 -0.5360462 -0.4764578 -0.612498 3.6442938
-0.6004126 -0.52261794 -0.6318149 -0.5586729 -0.35082036 -0.4978476 -0.64954823 -0.45831147 3.6874592
-0.6457224 -0.13304012 -0.55261177 -0.8276845 1.2325436 0.6261589 1.8678201 0.0014235054 0.0
