0.16858116 -0.27363902 -0.22379704 -0.46785507 3.657225 -0.27952892 -0.019167218 -0.88161206 0.0
0.0018260499 -0.020999698 -0.85661995 -0.023344737 4.4168935 -0.07039119 -0.058639072 -0.12651882 0.0
-0.008185745 -0.11372143 -0.13525581 -0.013172923 -0.21416783 -0.05023722 -0.28701028 -0.36789352 3.753728
-0.005447425 -0.18863814 -0.12011204 -0.19048347 -0.0007939112 0.029858971 -0.07302353 -0.030836755 1.7390953
-6.133634e-05 -0.34096006 -0.04213812 -0.00014989795 -0.079387754 -0.0014121374 -0.015525095 -0.09933436 2.8908622
-0.5687113 -0.4898616 0.052316945 -0.20370997 -0.24397995 2.8717093 0.045338653 0.110166036 0.0
-0.16775103 -0.037349753 -0.0014171954 -0.07737971 -0.25029904 -5.1943175e-07 -0.10072351 -0.025907863 2.1128836
-0.04785335 -0.11083725 -0.13536674 -0.007890874 -0.09811053 -0.0013512236 -0.014369285 -0.011809025 2.6935856
-0.04558314 -0.0916095 -0.008661633 -0.03590782 -0.16906534 -0.01311731 -0.23704943 -0.0039280932 1.6194203
0.03565353 0.13606927 0.60030967 0.3293596 -0.08324591 0.20845228 -0.021162227 1.0352352 0.0
-0.000465456 -0.022405438 -0.0039238506 -0.07667108 -0.23889974 -0.012305174 -0.06666581 -0.048813917 2.5349188
-0.3312032 -0.3636194 -0.36101192 -0.24386147 -0.07354815 -0.2918222 -0.32595965 -0.0013069249 2.8935735
-0.2289969 -0.075434975 -0.44503707 -0.13263579 -0.110550575 -0.00014341106 -0.25721255 -0.0019645272 3.3321702
0.10770781 0.36588562 -0.39444336 -0.41076052 0.8623207 0.7085125 0.45356372 0.25854266 0.0
-0.0119143445 -0.70043236 -0.0015353418 -0.16216983 -0.00039500315 -0.00019672044 -0.01476323 -0.06400744 1.9444525
-0.10245237 -0.084633484 -0.57891375 -1.4251094e-05 -0.070193626 -0.00019719508 -0.07937568 -0.0027180547 3.070164
-0.39946988 -0.024644297 -0.03386178 -0.0029734338 -0.10751535 -0.009177451 -0.041599933 -0.097700216 2.516216
-0.14420429 0.0030607416 -0.18374187 -0.022159774 1.2089568 0.93895006 -0.16334468 -0.08234627 0.0
-0.22721767 -0.013521793 -0.040891957 -0.014107427 -0.3334377 -0.090969875 -0.09795659 -0.16374403 2.9987955
-0.008377647 -0.025976932 -0.00011300062 -0.24864031 -0.11065723 -0.25460514 -0.09318144 -0.0033577972 2.8366055
-0.0013348681 -0.036037106 -0.24761799 -0.089948066 -0.0011628218 -0.5350448 -0.00622504 -0.03570515 3.6435883
-0.47538316 0.0070992922 -0.37136212 -0.27418482 1.363646 0.19966055 1.7601284 -0.08782109 0.0
