0.47747377 0.4737355 -0.064776905 0.43950132 1.0005867 0.712725 0.32427484 -0.14301185 0.0
1.2280066 0.7284195 0.4476193 0.4645235 1.3528448 -0.46097413 -0.05700344 -0.19081834 0.0
-0.1539241 0.39473575 0.040656842 0.26054266 0.6700824 -0.11668677 0.32661083 -0.04652851 1.4026976
0.46198884 0.513245 0.18697731 -0.084164634 0.35488445 0.28410938 0.26283047 -0.2685923 1.1251934
0.1644219 0.16260844 -0.018223291 -0.080250576 0.6830334 -0.06478162 0.25182623 0.029541045 1.8487737
-0.28915802 0.37139812 0.86384106 0.8598543 -0.18161938 1.5491861 0.22900073 0.54862285 0.0
-0.1053286 0.030671947 0.093487665 0.301181 0.24671389 0.4660736 0.22855787 0.51925844 0.9669725
-0.09339473 0.21171094 0.26011905 0.31843773 0.32043013 0.34813565 0.35023472 0.31548762 0.9729002
0.16280589 0.2782837 0.3431431 0.0018980965 0.36513963 0.32695392 0.29649895 -0.16750684 0.91559374
0.04808729 0.4694765 0.8551487 0.6877276 0.089915834 0.55565405 0.0149258515 0.5259949 0.0
-0.0837519 0.065085165 0.14222544 0.21887985 0.0115939975 0.3807353 0.1630372 0.22274937 1.270387
0.03732257 0.0195292 -0.06526569 0.014759255 0.12852457 0.03448044 0.26556188 0.29210407 1.4373112
0.0976823 -0.15308224 -0.104777865 0.033125043 0.42647395 0.30960694 0.23273401 0.40112936 1.36709
0.6626894 0.5699416 0.054420512 -0.044534557 0.38610768 0.5696531 0.49670666 0.805788 0.0
-0.0324487 -0.07630194 0.11734421 0.14684136 0.31795752 0.062471516 0.22707653 -0.022058895 1.3528314
0.07964737 -0.07625408 0.05431721 -0.13852686 0.29138157 0.10262189 0.23259911 0.06530571 1.6587148
0.036152054 -0.12870456 0.02111196 -0.10053123 0.2435659 0.296475 0.05710033 0.017963238 1.6949013
0.21539493 0.20947634 0.2666538 0.41292763 0.43439263 0.6124891 0.14823724 0.53962666 0.0
-0.11764196 -0.005428319 0.23963939 -0.06374992 0.26864356 0.38660333 0.022173895 -0.14884856 1.5741329
0.15705891 0.4403292 0.14317366 -0.1766741 0.28510845 -0.09578634 -0.12458275 -0.09450894 1.7029642
-0.087603554 0.16392928 -0.16233154 -0.03949013 0.18382972 0.3659113 0.11768181 0.011728163 1.7235202
-0.1814465 0.57876027 0.327152 0.25144228 0.72357935 0.38958627 0.7617597 0.24382578 0.0
