0.46854067 0.44559887 0.03745811 0.5206308 0.93864775 0.7627189 0.27976048 -0.052109156 0.0
1.2509687 0.70320964 0.42435437 0.4899784 1.1875545 -0.32801685 0.019486535 -0.073785275 0.0
-0.04480889 0.36272222 0.12072777 0.30411935 0.73264074 -0.05840118 0.4045943 0.030469129 1.1521565
0.5673123 0.5197487 0.23577188 0.015518095 0.3589402 0.33361748 0.28098372 -0.19339602 0.9351657
0.23489183 0.17726624 0.11625287 0.051018555 0.7504648 0.022956999 0.30606854 0.13934217 1.5222183
-0.19974394 0.48957315 0.8649472 0.84570813 -0.1589138 1.5013696 0.24148285 0.5393737 0.0
-0.00035888475 0.059962366 0.15375014 0.3661112 0.31664157 0.4436729 0.2567559 0.56675303 0.76307523
0.029518066 0.2975691 0.30097672 0.3793144 0.3535586 0.38934427 0.34158203 0.29694036 0.7617965
0.25043282 0.2954334 0.41545287 0.03557704 0.39212477 0.30706507 0.3473806 -0.046901505 0.71933335
0.087994725 0.4909329 0.8674611 0.70826983 0.11193429 0.57516664 0.07323221 0.48220158 0.0
-0.04531522 0.15204394 0.27656814 0.29560882 0.07079437 0.40951788 0.14582875 0.27064684 1.0070351
0.1338851 0.08337784 0.0017104268 0.10042877 0.23805524 0.07910846 0.32354078 0.35275906 1.1594146
0.20531632 -0.06573317 0.0075024897 0.10930417 0.43975204 0.3639078 0.27955425 0.35948324 1.131818
0.65619045 0.57844365 0.15503992 0.01018029 0.41283834 0.5405568 0.4364458 0.8418261 0.0
0.10353438 0.023380298 0.1162784 0.27538252 0.34213033 0.15811774 0.2259962 0.051635403 1.0759834
0.12978815 0.064164594 0.12931259 -0.051765375 0.37067485 0.14211258 0.2832269 0.1196495 1.3773508
0.18682863 -0.026478799 0.135553 0.017727124 0.27365547 0.31755504 0.11717405 0.07508911 1.3852854
0.3062125 0.21341367 0.2908774 0.47211683 0.38520357 0.5022774 0.18406883 0.58099204 0.0
-0.01010226 0.14237861 0.30854484 0.077318594 0.33210137 0.4071995 0.07480081 -0.10714086 1.2847857
0.25763047 0.55758834 0.22718595 -0.029741846 0.337557 -0.028374013 -0.07246129 -0.016068552 1.379217
-0.0069525572 0.23419286 -0.017388696 0.11712686 0.19578876 0.33336416 0.19895975 0.11109948 1.3960985
-0.11337724 0.6110431 0.327435 0.40707773 0.7153224 0.2937579 0.73426634 0.2151508 0.0
