0.33559114 -0.27365035 -0.3455604 -0.68604094 3.65756 -0.5364551 -0.23641828 -1.029639 0.0
0.0035180233 -0.20998271 -0.8840184 -0.25411862 4.5578523 -0.35332936 -0.35973865 -0.63923156 0.0
-0.14221898 -0.26292762 -0.33441073 -0.248239 -0.21416783 -0.17983119 -0.2932826 -0.54491335 3.753728
-0.10370682 -0.11537358 -0.29863775 -0.51220536 -0.05119569 -0.055213016 -0.32042173 -0.24413912 2.8518994
-0.0294407 -0.4476022 -0.32872406 -0.06471414 -0.0016534779 -0.10504256 -0.1464738 -0.3820406 3.58838
-0.8296374 -0.5432771 0.074679546 -0.24016841 -0.2979831 3.0555172 0.054903693 0.123086795 0.0
-0.4112713 -0.110599294 -0.1087223 -0.36141217 -0.4237016 -0.0047941995 -0.27823812 -0.2000235 3.0323236
-0.24138162 -0.39356333 -0.4028129 -0.15059692 -0.11603923 -0.05328024 -0.07756995 -0.03886974 3.1645892
-0.25177175 -0.20085442 -0.18293978 -0.27419534 -0.17386058 -0.03567478 -0.24377558 -0.095945105 2.5849354
0.039545935 0.15094449 0.6057736 0.3361473 -0.10412432 0.21037677 -0.021631612 1.1174694 0.0
-0.10563171 -0.20713331 -0.1042837 -0.3986015 -0.30682456 -0.08747746 -0.16063315 -0.15542565 3.1850917
-0.5096443 -0.5188895 -0.46383172 -0.40180588 -0.17702931 -0.47156033 -0.37185174 -0.014033928 3.2049763
-0.5092995 -0.28150216 -0.5598421 -0.40803233 -0.29446486 -0.046829 -0.25721255 -0.0682013 3.3321702
0.1508065 0.44160968 -0.5004949 -0.5659817 1.0200737 0.83598423 0.57211673 0.3717207 0.0
-0.20035541 -0.70043236 -0.091872126 -0.38022393 -0.07706566 -0.06338998 -0.18523228 -0.06400744 3.1762743
-0.22866075 -0.36864045 -0.57891375 -0.026864404 -0.25599098 -0.058916762 -0.29015857 -0.034876116 3.070164
-0.6665221 -0.23191227 -0.26712117 -0.12538578 -0.24255905 -0.15989946 -0.06149609 -0.2913377 3.2966716
-0.2372301 0.0035406987 -0.2528682 -0.034265775 1.3021228 1.1833869 -0.24470633 -0.11351403 0.0
-0.457654 -0.20553388 -0.22471464 -0.16052024 -0.5150793 -0.2626685 -0.10931447 -0.35855058 3.3244283
-0.12999496 -0.2579269 -0.04764885 -0.32990366 -0.26068562 -0.2997631 -0.29998955 -0.11756109 3.254507
-0.084685445 -0.23065884 -0.54091924 -0.33811238 -0.03883262 -0.53561205 -0.16512327 -0.29436055 3.6474552
-0.6834439 -0.08669134 -0.5099793 -0.6152257 1.3707519 0.3406319 1.9400072 -0.088278376 0.0
