0.5107172 -0.09693289 -0.5766696 -0.8367217 3.5929267 -0.32972443 -0.5547109 -1.2200701 0.0
0.03574986 -0.4475359 -0.5808227 -0.73892075 4.513292 -0.82536423 -0.8274608 -1.1669383 0.0
-0.57837343 -0.16906779 -0.5559932 -0.6439818 -0.22082056 -0.60960877 -0.45264208 -0.656046 3.665652
-0.31002522 -0.33590633 -0.31139043 -0.7075015 -0.15773657 -0.33600122 -0.56034034 -0.85106844 3.4115772
-0.4550401 -0.38020012 -0.7738322 -0.7597996 -0.10689653 -0.6858518 -0.43352777 -0.55616385 3.8791249
-0.7336946 -0.43170872 0.10682862 -0.19940479 -0.31928226 3.2241619 -0.06916946 -0.08229879 0.0
-0.77209663 -0.40110487 -0.68711954 -0.66559905 -0.43446273 -0.2305236 -0.16961952 -0.28876778 3.4004548
-0.67444193 -0.7954028 -0.53891397 -0.3175305 -0.077820785 -0.28604606 -0.10216297 -0.0829924 3.288998
-0.4282433 -0.28900543 -0.5549439 -0.7145594 -0.26963225 -0.06157385 -0.2549862 -0.52949727 3.1637514
0.0071084327 0.3871112 0.5340746 0.42554617 -0.15390985 0.20684858 -0.16401526 1.1071863 0.0
-1.0762223 -0.67592907 -0.6069949 -0.57518566 -0.50183386 -0.28896654 -0.30800495 -0.49192524 3.8453827
-0.6368346 -0.5803967 -0.71209925 -0.39965412 -0.680362 -0.52356327 -0.37251553 -0.43828753 3.5919206
-0.77544767 -0.5070629 -0.7340354 -0.8294993 -0.44211504 -0.5934763 -0.50309205 -0.3314278 3.80359
0.2918363 0.4848902 -0.61592305 -0.5750945 0.57317936 1.0579818 0.7545646 0.510207 0.0
-0.7853047 -0.7593145 -0.64581746 -0.6289694 -0.49615765 -0.6100044 -0.3679183 -0.710627 3.7818542
-0.530536 -0.7284874 -0.63590455 -0.8188976 -0.46310088 -0.6772792 -0.65900886 -0.5160053 3.918648
-0.64543414 -0.81380206 -0.71103305 -0.67838055 -0.38484466 -0.46391642 -0.30670545 -0.46222678 3.6320958
-0.24106537 -0.31587932 -0.2261314 0.005935244 1.2752404 1.2753336 -0.20692722 0.30494615 0.0
-0.7171935 -0.51680946 -0.5178499 -0.46783903 -0.3840627 -0.119145274 -0.35020536 -0.6050427 3.3351693
-0.5274701 -0.46819502 -0.565812 -0.46254927 -0.4842406 -0.46461192 -0.6333119 -0.5732518 3.6022003
-0.6650577 -0.55575687 -0.57695425 -0.62844193 -0.35788608 -0.4087379 -0.6075007 -0.51073 3.6802368
-0.7759738 -0.112217225 -0.48173144 -0.7136473 1.2991586 0.5724986 1.8684136 -0.0324874 0.0
