0.33322686 -0.1561323 -0.4946923 -0.91150796 3.8733642 -0.62858623 -0.6586359 -1.1892455 0.0
0.011153965 -0.5179841 -0.85988814 -0.64557743 4.571406 -0.7528328 -0.76503885 -1.149874 0.0
-0.45061213 -0.24643952 -0.49686527 -0.795028 -0.12732993 -0.31199116 -0.37977436 -0.6283796 3.500613
-0.4916762 -0.35761112 -0.29052582 -0.69359016 -0.21449284 -0.17875287 -0.5978635 -0.7161232 3.507595
-0.4038563 -0.43675783 -0.7764235 -0.7974768 -0.15244825 -0.55628145 -0.3018467 -0.5540671 3.9030802
-0.87947005 -0.37405702 -0.031810947 -0.32597187 -0.29359838 3.1828406 -0.013016952 0.12925217 0.0
-0.76472336 -0.35983908 -0.5683568 -0.6078468 -0.4498324 -0.18647635 -0.29377633 -0.4092172 3.4717007
-0.64529854 -0.63532895 -0.5581612 -0.4561245 -0.073221974 -0.36268458 -0.14258319 -0.1033047 3.3101666
-0.53230816 -0.2584398 -0.5659768 -0.7214268 -0.22021866 -0.09455987 -0.30576327 -0.5340085 3.2742388
-0.10688582 0.20212473 0.4104485 0.45689145 -0.14771047 0.4067226 -0.20278941 1.199165 0.0
-0.91678065 -0.5543405 -0.39451903 -0.6707914 -0.3722539 -0.14095807 -0.3027389 -0.22994798 3.4789717
-0.68240255 -0.60105497 -0.51331043 -0.33198923 -0.41671044 -0.4584917 -0.4858178 -0.043766852 3.4365323
-0.61856025 -0.5142807 -0.74454176 -0.58136237 -0.56324244 -0.5046867 -0.5674939 -0.2629558 3.7961824
0.24972264 0.545776 -0.5093349 -0.52814454 0.87047 0.8271915 0.74910176 0.3326803 0.0
-0.6272351 -0.48315787 -0.54093117 -0.6029087 -0.6746588 -0.5842665 -0.49563113 -0.5566362 3.8271527
-0.46818468 -0.6705597 -0.5174747 -0.64008653 -0.4070992 -0.6306389 -0.5341256 -0.22878784 3.6444714
-0.63377815 -0.8298758 -0.5235801 -0.67771643 -0.4019813 -0.5068006 -0.27391768 -0.38212955 3.6746151
-0.22475219 -0.18885566 -0.24604699 0.0017910851 1.4136643 1.2622648 -0.23029412 -0.022369953 0.0
-0.6284383 -0.5671033 -0.4656422 -0.48169827 -0.37440792 -0.26039493 -0.2503961 -0.5165121 3.3447108
-0.44904512 -0.5797045 -0.5175634 -0.38717628 -0.46593162 -0.45929053 -0.38310796 -0.6053878 3.5706336
-0.5280186 -0.43512186 -0.6638873 -0.51517683 -0.14314821 -0.4040815 -0.6444947 -0.63493186 3.5871916
-0.59020376 -0.1379572 -0.52944434 -0.85452884 1.122613 0.53987885 1.94982 0.052425183 0.0
