0.37989545 -0.27365035 -0.3736968 -0.7350667 3.65756 -0.603352 -0.3710841 -1.0588678 0.0
0.0039588236 -0.31740496 -0.88905185 -0.3901057 4.5837545 -0.4723635 -0.49861223 -0.85698205 0.0
-0.23712067 -0.30574635 -0.39360964 -0.42033407 -0.144962 -0.22617109 -0.29442823 -0.58489954 3.681814
-0.17570299 -0.14369725 -0.3518478 -0.6122043 -0.107589915 -0.08534151 -0.41809577 -0.35401103 3.124701
-0.08790286 -0.47010657 -0.47563797 -0.18980674 -0.012503127 -0.22650002 -0.21905725 -0.48690823 3.7614305
-0.88812274 -0.5535107 0.07962497 -0.24740356 -0.30891907 3.0899136 0.0568312 0.12557268 0.0
-0.48337924 -0.1344418 -0.2357264 -0.47696668 -0.46585712 -0.023812283 -0.33406985 -0.28868315 3.2397542
-0.32286432 -0.49445078 -0.49023688 -0.25533187 -0.11960362 -0.10266632 -0.104989894 -0.048151903 3.2582538
-0.34229353 -0.23134065 -0.3158989 -0.39509055 -0.17473966 -0.04270779 -0.24500868 -0.16989344 2.8165748
0.04029166 0.15379465 0.606764 0.33738637 -0.10841 0.21072578 -0.021717357 1.1329801 0.0
-0.27715245 -0.3087351 -0.187453 -0.53636986 -0.32097954 -0.12436633 -0.18817486 -0.19141106 3.3199747
-0.5508131 -0.55323684 -0.48526618 -0.43963727 -0.20734398 -0.51416177 -0.38078836 -0.021471566 3.264692
-0.58823496 -0.3567488 -0.5834906 -0.49957576 -0.3512519 -0.13077575 -0.4000894 -0.12850328 3.464786
0.16023538 0.4568419 -0.52244663 -0.5996517 1.051454 0.86129963 0.5965756 0.39685658 0.0
-0.33226407 -0.70043236 -0.19060993 -0.44329688 -0.1967825 -0.17666595 -0.29152375 -0.06400744 3.4794185
-0.26421365 -0.4804486 -0.57891303 -0.1016513 -0.32306796 -0.16203196 -0.3663657 -0.05507766 3.070164
-0.7309913 -0.3468147 -0.3871321 -0.24463202 -0.28081796 -0.2667645 -0.065982655 -0.35464236 3.4630923
-0.2594857 0.0036349106 -0.26784712 -0.037064515 1.3427395 1.2338367 -0.25046593 -0.1202733 0.0
-0.51920193 -0.3347824 -0.30520484 -0.24823248 -0.5570781 -0.31788817 -0.11149816 -0.41291085 3.3869145
-0.21241051 -0.38950172 -0.13913256 -0.34715444 -0.30416244 -0.3087179 -0.37023994 -0.22191796 3.336412
-0.17750753 -0.32195544 -0.622755 -0.42910337 -0.0726583 -0.53571683 -0.29686856 -0.4300625 3.6481535
-0.7296791 -0.09209257 -0.5399874 -0.7117998 1.3720396 0.3750421 1.9747171 -0.08836114 0.0
