0.2091285 -0.27365035 -0.25639102 -0.5273671 3.6573396 -0.34277397 -0.04218548 -0.9254699 0.0
0.0022422902 -0.0432625 -0.86509854 -0.049392607 4.4605007 -0.11670758 -0.10354792 -0.2100029 0.0
-0.020077324 -0.14785276 -0.17957881 -0.033140205 -0.21416783 -0.074921094 -0.28895786 -0.416008 3.753728
-0.013753402 -0.18863814 -0.15975711 -0.2595943 -0.0029497128 0.029858971 -0.11607265 -0.059019547 2.025494
-0.0004319222 -0.3712657 -0.08025793 -0.0010203598 -6.101608e-07 -0.0054895813 -0.031407095 -0.15147717 3.0031655
-0.6399967 -0.5059823 0.058481432 -0.21447909 -0.2597321 2.9279647 0.048137266 0.114055544 0.0
-0.22212029 -0.052483216 -0.0055634435 -0.12542216 -0.2951224 -9.466107e-06 -0.1384683 -0.049199358 2.3629124
-0.079479754 -0.164833 -0.19045965 -0.019936549 -0.10340042 -0.004295445 -0.024384959 -0.017154492 2.8324535
-0.07789884 -0.117141895 -0.022594307 -0.06794288 -0.17055102 -0.017946884 -0.23913334 -0.010730292 1.871493
0.036828265 0.14055836 0.60201365 0.33146808 -0.08928445 0.20905238 -0.02130795 1.0602871 0.0
-0.0025801992 -0.045031674 -0.011008596 -0.1285144 -0.2583582 -0.022771632 -0.08780823 -0.070171356 2.7215595
-0.37901905 -0.40641165 -0.39045995 -0.2851127 -0.096840516 -0.33910805 -0.3396734 -0.002754286 2.9874704
-0.2940767 -0.11396676 -0.47816744 -0.18857142 -0.15025042 -0.0008929206 -0.25721255 -0.005998143 3.3321702
0.11967277 0.38806581 -0.4249535 -0.45409316 0.90884733 0.7461474 0.48774153 0.28965327 0.0
-0.028919298 -0.70043236 -0.005570376 -0.21175233 -0.0020867733 -0.0012196411 -0.032672055 -0.06400744 2.260755
-0.13173829 -0.1342037 -0.57891375 -0.00015559654 -0.10528899 -0.0011934454 -0.11914478 -0.0060591106 3.070164
-0.46884236 -0.049806572 -0.064732075 -0.00965441 -0.13871533 -0.022528969 -0.04701403 -0.13757142 2.736338
-0.16852035 0.0032034707 -0.20305333 -0.02539925 1.2089568 1.009396 -0.16334468 -0.091048665 0.0
-0.2828873 -0.031790297 -0.069773264 -0.030274456 -0.38203982 -0.12680982 -0.101377085 -0.20928076 3.096943
-0.019827932 -0.053391397 -0.0007634469 -0.2716462 -0.14471726 -0.26795018 -0.13439946 -0.01027888 2.9609356
-0.0049337656 -0.064509876 -0.31619933 -0.13619238 -0.0035071005 -0.5352246 -0.017451951 -0.06920507 3.6447992
-0.5325526 0.0070992922 -0.41010997 -0.35304573 1.3658645 0.23599747 1.7601284 -0.08796389 0.0
