1.2406095 0.4359647 -0.4385911 -0.17075893 1.9922371 0.12173824 -0.13818882 -0.8567055 0.0
0.5332862 0.11818957 0.00310031 -0.3493455 3.457546 -0.6832098 -0.62005264 -0.987115 0.0
-0.53657424 -0.17693472 -0.50462085 -0.45954052 -0.007902761 -0.49778098 -0.35969293 -0.475483 3.2802649
-0.19615221 -0.100028336 -0.37597483 -0.74273527 0.014620048 -0.13637164 -0.45876908 -0.787621 3.1195543
-0.39486578 -0.3118177 -0.71189725 -0.6250814 0.017846683 -0.61029315 -0.26225162 -0.5430675 3.6138072
-0.49326357 -0.18212412 0.67004323 0.24652718 -0.06051295 2.4406044 -0.025511919 0.09112192 0.0
-0.7256022 -0.3581501 -0.4870183 -0.4281859 -0.27504683 0.06664871 -0.15560474 -0.120482005 2.892198
-0.65960777 -0.44573233 -0.43270704 -0.3000812 0.19639543 -0.15303569 0.09336397 -0.03288827 2.8296576
-0.34045234 -0.06742314 -0.37216023 -0.5923505 -0.1677715 -0.16153753 -0.22016287 -0.42093146 2.8178458
0.14994602 0.4918151 0.64864993 0.40617877 -0.12488232 0.33868358 0.037563547 0.7104303 0.0
-0.7599997 -0.5378652 -0.5726534 -0.41811886 -0.430443 -0.05309277 -0.252354 -0.26320967 3.2475455
-0.5888305 -0.56001616 -0.59099776 -0.44592297 -0.57691824 -0.48003438 -0.32155803 -0.32024902 3.2658577
-0.6334979 -0.73442084 -0.8409445 -0.6117611 -0.10744485 -0.380934 -0.18439098 -0.099840865 3.2617934
0.4587163 0.4256753 -0.5270086 -0.5903427 0.45914003 1.0287979 0.7801358 0.6809446 0.0
-0.72047055 -0.7351295 -0.5848128 -0.5656751 -0.3302724 -0.4923368 -0.21586202 -0.5075019 3.2807593
-0.4625136 -0.7000752 -0.5016823 -0.7978081 -0.33910188 -0.5543315 -0.4585395 -0.4619006 3.4432712
-0.51326 -0.7408832 -0.7261293 -0.69695103 -0.3132208 -0.2807557 -0.42180666 -0.42449126 3.3962476
-0.07338075 -0.41344875 -0.20061131 -0.05103353 1.0879238 1.3636662 -0.03233129 0.48976502 0.0
-0.70820814 -0.58695215 -0.44861194 -0.67565274 -0.29595298 -0.28559798 -0.37872082 -0.6480202 3.327933
-0.42939386 -0.32412913 -0.5448182 -0.6646495 -0.27434254 -0.5177948 -0.4787666 -0.5025576 3.3309178
-0.63373464 -0.40850678 -0.675221 -0.6715203 -0.348014 -0.26191503 -0.46891826 -0.52516186 3.438556
-0.51227844 0.073475905 -0.26545173 -0.37733823 1.0323122 0.7072418 1.5166185 0.31749618 0.0
