0.38941383 -0.27365035 -0.37958094 -0.7452639 3.65756 -0.61767095 -0.4060155 -1.0648005 0.0
0.0040531866 -0.34467542 -0.8900599 -0.42494324 4.5889425 -0.5005464 -0.5321877 -0.90870744 0.0
-0.2625692 -0.31509167 -0.40662268 -0.46693575 -0.14905097 -0.23675685 -0.29465756 -0.59322506 3.6846728
-0.19517761 -0.1501306 -0.36355063 -0.63439184 -0.12474722 -0.09308219 -0.4408954 -0.38125607 3.1823874
-0.109283805 -0.47473186 -0.51204246 -0.23518424 -0.01867971 -0.26399386 -0.23736666 -0.51105887 3.7970042
-0.9002813 -0.55557626 0.08065051 -0.24887362 -0.3111494 3.0968254 0.05722395 0.12607493 0.0
-0.49921766 -0.13978139 -0.27505168 -0.5041231 -0.4747599 -0.032742262 -0.34648553 -0.31060454 3.2829063
-0.34215453 -0.51749206 -0.5098362 -0.2836832 -0.120328106 -0.11700184 -0.11152347 -0.050253566 3.277286
-0.3639264 -0.23795684 -0.35227153 -0.42496565 -0.17491572 -0.04426886 -0.2452556 -0.1903911 2.8653505
0.04044219 0.15436998 0.60696256 0.33763427 -0.10928629 0.21079542 -0.021734526 1.1361016 0.0
-0.33595002 -0.3343229 -0.21069995 -0.5691183 -0.32388207 -0.13340653 -0.19421148 -0.19953156 3.3475955
-0.5594199 -0.5603597 -0.4896615 -0.4476039 -0.21398766 -0.5231141 -0.3825976 -0.023371419 3.2767465
-0.6053977 -0.37401673 -0.58832926 -0.52017087 -0.36383224 -0.16044939 -0.43651614 -0.14579576 3.491952
0.16218665 0.45994458 -0.5269422 -0.6066081 1.0578322 0.86644393 0.6015814 0.40207317 0.0
-0.3675476 -0.6244958 -0.22045548 -0.4570848 -0.23719917 -0.21668278 -0.31912646 -0.14972597 3.5435653
-0.271944 -0.5065338 -0.5108426 -0.13246025 -0.33842316 -0.19820423 -0.3838169 -0.060330722 3.035966
-0.7445879 -0.37581056 -0.41688594 -0.27950618 -0.2891461 -0.2954351 -0.06691649 -0.36883345 3.497344
-0.26417112 0.0036540132 -0.2709412 -0.037649855 1.3509974 1.2441617 -0.25163165 -0.1216698 0.0
-0.5324428 -0.36900827 -0.32442778 -0.27078223 -0.5658617 -0.33022448 -0.11193921 -0.42470828 3.3995295
-0.23426104 -0.4228959 -0.17222369 -0.35070398 -0.3136701 -0.31053716 -0.38611558 -0.25188756 3.3530104
-0.20571789 -0.34410435 -0.6405156 -0.45000443 -0.082319945 -0.5357331 -0.33371997 -0.463868 3.6482837
-0.7392753 -0.093210176 -0.54618526 -0.7328219 1.3722955 0.3823147 1.9817196 -0.08837774 0.0
