0.38984087 -0.27365035 -0.37984368 -0.7457188 3.65756 -0.61831295 -0.4076365 -1.0650641 0.0
0.004057417 -0.34593594 -0.8901048 -0.42655623 4.589172 -0.50183284 -0.5337261 -0.9110699 0.0
-0.2637573 -0.3155121 -0.40720886 -0.4691155 -0.14923471 -0.23723696 -0.29466763 -0.5935965 3.6848
-0.19608825 -0.1504221 -0.36407784 -0.6353928 -0.12556721 -0.093440756 -0.44193345 -0.3825101 3.184968
-0.11034223 -0.47493774 -0.51371783 -0.23742738 -0.019014489 -0.26579076 -0.23821203 -0.5121559 3.7985878
-0.9008237 -0.5556679 0.08069623 -0.24893893 -0.31124854 3.0971322 0.057241406 0.1260972 0.0
-0.49993104 -0.14002271 -0.27693748 -0.50536114 -0.47515813 -0.03320701 -0.34704596 -0.31161302 3.2848313
-0.343035 -0.51853704 -0.51072216 -0.2850091 -0.12036029 -0.117680945 -0.11182204 -0.050348736 3.2781315
-0.36491546 -0.2382542 -0.35397595 -0.42633983 -0.17492346 -0.044339303 -0.24526654 -0.19135389 2.867531
0.040448874 0.15439552 0.6069711 0.3376451 -0.10932527 0.21079852 -0.021735277 1.1362399 0.0
-0.3388253 -0.33550394 -0.21179356 -0.5706142 -0.32401124 -0.13382174 -0.19448327 -0.19989905 3.3488243
-0.5598042 -0.5606773 -0.4898571 -0.44796008 -0.21428677 -0.52351415 -0.38267794 -0.02345933 3.2772815
-0.6061693 -0.37480053 -0.5885445 -0.5211024 -0.3643997 -0.16190872 -0.43820405 -0.1466131 3.4931602
0.16227363 0.46008247 -0.5271422 -0.60691804 1.0581156 0.8666725 0.60180414 0.4023058 0.0
-0.36919418 -0.62520033 -0.22188015 -0.4577053 -0.23916943 -0.21865071 -0.3204076 -0.151071 3.5464354
-0.27229154 -0.5077215 -0.51170295 -0.13402177 -0.33911985 -0.1999806 -0.38460875 -0.06057459 3.0393968
-0.7451959 -0.37714937 -0.41825536 -0.2811607 -0.2895206 -0.29677376 -0.06695815 -0.36947495 3.4988692
-0.26438057 0.0036548616 -0.2710791 -0.03767599 1.3513643 1.2446212 -0.2516834 -0.12173203 0.0
-0.533037 -0.37060252 -0.3253066 -0.27182692 -0.56625396 -0.3307818 -0.111958794 -0.4252385 3.4000893
-0.23527904 -0.42443943 -0.17385839 -0.35086206 -0.314098 -0.31061798 -0.38683426 -0.25330454 3.3537474
-0.20706595 -0.34511977 -0.6413139 -0.45095333 -0.08277627 -0.5357339 -0.3354539 -0.46542525 3.64829
-0.7397033 -0.09325999 -0.5464614 -0.7337672 1.3723063 0.38264006 1.9820304 -0.08837851 0.0
