0.37175053 -0.25448695 -0.60705733 -0.90382326 3.8322787 -0.49468288 -0.62400293 -1.1850015 0.0
0.016345918 -0.5322867 -0.69877785 -0.7762239 4.63009 -0.8162946 -0.8384813 -1.1356778 0.0
-0.58722967 -0.19130576 -0.5084594 -0.6761092 -0.17732303 -0.53833175 -0.4394209 -0.66393256 3.626537
-0.3688988 -0.32365885 -0.33201715 -0.74001867 -0.17280674 -0.2945126 -0.5512856 -0.81082815 3.4396741
-0.46491593 -0.42583713 -0.77718204 -0.7683812 -0.099495664 -0.6108107 -0.40209413 -0.54412585 3.873632
-0.796997 -0.5143912 0.09396554 -0.21686842 -0.36131603 3.279104 -0.0824509 -0.050376885 0.0
-0.76280046 -0.40820745 -0.74118453 -0.6345309 -0.4021473 -0.2672089 -0.25043848 -0.33076662 3.4673357
-0.69304895 -0.7646178 -0.5639742 -0.354476 -0.043511327 -0.3026071 -0.08634347 -0.13522637 3.3273437
-0.46803477 -0.27230015 -0.5599312 -0.6766618 -0.25976512 -0.045862753 -0.26156542 -0.4657112 3.1266224
-0.00096372917 0.35715482 0.5624368 0.41830665 -0.19258328 0.30324954 -0.23557425 1.089673 0.0
-1.0131974 -0.6697411 -0.6362691 -0.53435665 -0.4915231 -0.30132648 -0.31374878 -0.44267341 3.8057137
-0.6358846 -0.48039222 -0.58245367 -0.3660437 -0.61895156 -0.52599096 -0.34198776 -0.33277428 3.4564276
-0.72452265 -0.576337 -0.84682596 -0.7437129 -0.4374004 -0.5055507 -0.49663347 -0.29088503 3.8132944
0.31711653 0.5949567 -0.6877525 -0.46282053 0.6339284 0.90831447 0.73630303 0.46768838 0.0
-0.78953654 -0.6556308 -0.67071635 -0.59935004 -0.5503115 -0.6324919 -0.3407611 -0.6883091 3.7951567
-0.4758729 -0.71184045 -0.5966858 -0.72744215 -0.4718811 -0.74186933 -0.6294568 -0.4773533 3.866283
-0.64330363 -0.82344407 -0.65142834 -0.7080937 -0.33698586 -0.44739485 -0.23714611 -0.453061 3.6020231
-0.22789687 -0.3143983 -0.28776985 0.13521206 1.270301 1.234109 -0.11545669 0.17465071 0.0
-0.66169584 -0.44091266 -0.5324295 -0.5307514 -0.39346603 -0.22304869 -0.34163952 -0.5426415 3.3505607
-0.5410166 -0.50910133 -0.5508418 -0.38072523 -0.5018593 -0.53672224 -0.48066318 -0.61545235 3.645885
-0.5963491 -0.5253319 -0.61800903 -0.57286566 -0.34469217 -0.49843422 -0.64654607 -0.45220944 3.6823435
-0.6750636 -0.13348122 -0.54956216 -0.8125277 1.2394924 0.6303141 1.8694266 -0.0016281892 0.0
