1.1179824 0.53310376 -0.38654688 0.004987498 1.7713389 0.18580435 -0.044145364 -0.76269746 0.0
0.68448937 0.35650864 0.23332883 -0.17619817 3.0400739 -0.71804845 -0.439163 -0.89379215 0.0
-0.5577052 -0.09871515 -0.44707304 -0.35297957 0.04093223 -0.48874855 -0.25514752 -0.44693515 3.121434
-0.107208654 0.038143646 -0.325843 -0.72289395 0.042724274 -0.09950387 -0.3775875 -0.72830683 2.92367
-0.3321833 -0.29762775 -0.6999617 -0.6043157 0.0651357 -0.60966194 -0.15778022 -0.47987288 3.509591
-0.3787648 -0.1674052 0.77679855 0.3653327 0.03063842 2.1605165 0.09613222 0.18452355 0.0
-0.6065006 -0.28416997 -0.4821795 -0.39102286 -0.2588981 0.16610894 -0.18458138 -0.049655434 2.745729
-0.6669847 -0.44211417 -0.37353194 -0.3289484 0.16665556 -0.10253288 0.0970453 0.016417526 2.813997
-0.29464975 -0.077132404 -0.26782706 -0.6098767 -0.03727169 -0.12400175 -0.16620167 -0.35353348 2.6658099
0.13585995 0.53513944 0.6677041 0.40308225 -0.06498831 0.33051762 0.054229893 0.713131 0.0
-0.70493025 -0.48568362 -0.47485563 -0.32902017 -0.3707144 -0.03786638 -0.17467178 -0.24861214 3.062953
-0.6095563 -0.5989888 -0.5670122 -0.43492186 -0.5776962 -0.48448384 -0.23251596 -0.2696092 3.196975
-0.5768179 -0.72538084 -0.7993716 -0.6470549 -0.04857498 -0.36993194 -0.097121656 -0.052470036 3.15494
0.50540066 0.47426444 -0.3888178 -0.52810085 0.4586709 1.0087135 0.6929033 0.65555215 0.0
-0.66112095 -0.6901596 -0.5789542 -0.46123114 -0.2677239 -0.51747817 -0.196435 -0.4588574 3.134477
-0.39702296 -0.6944758 -0.5265146 -0.77005017 -0.2908418 -0.5245585 -0.37602097 -0.4499462 3.3254175
-0.5262745 -0.75081134 -0.6471159 -0.63600284 -0.31713694 -0.2514093 -0.428036 -0.4095093 3.291099
-0.05089856 -0.340143 -0.15254402 -0.02672938 0.9745991 1.272444 0.023078585 0.6231767 0.0
-0.764921 -0.56672835 -0.41359255 -0.65397453 -0.25336713 -0.25665337 -0.3935668 -0.5994302 3.2619457
-0.4037478 -0.2616006 -0.588835 -0.69655615 -0.25696132 -0.52505136 -0.45561388 -0.48541304 3.2889957
-0.63335913 -0.39231342 -0.6884989 -0.662949 -0.3308992 -0.24752232 -0.4285068 -0.4617363 3.3708148
-0.49437323 0.10515494 -0.18918575 -0.3465051 0.97541183 0.7503808 1.4416331 0.43448496 0.0
