0.22088005 -0.27365035 -0.26538926 -0.543638 3.6573737 -0.36098027 -0.05151159 -0.9369435 0.0
0.002362161 -0.051951937 -0.8672635 -0.059714317 4.4716372 -0.13266404 -0.11959717 -0.23880145 0.0
-0.025195308 -0.15802929 -0.19296344 -0.041855745 -0.21416783 -0.08290949 -0.2894542 -0.4291868 3.753728
-0.017385826 -0.18863814 -0.17174114 -0.2808013 -0.004110026 0.029858971 -0.13054097 -0.06956788 2.1060667
-0.0007066332 -0.37937456 -0.09448712 -0.0016552032 -1.5465004e-06 -0.0077365832 -0.03754204 -0.16858046 3.0651262
-0.65947 -0.5101568 0.060157593 -0.21730104 -0.26388815 2.942418 0.048874427 0.11506417 0.0
-0.23851372 -0.057210278 -0.007860014 -0.14175569 -0.30771792 -1.9635234e-05 -0.15010642 -0.05787761 2.4313653
-0.09038489 -0.18228354 -0.20768738 -0.025206532 -0.10478742 -0.0057546557 -0.027881643 -0.018857509 2.8688858
-0.089228466 -0.124678075 -0.028798066 -0.079854935 -0.1709301 -0.019431513 -0.23966508 -0.013836489 1.9419277
0.037132446 0.14172086 0.6024466 0.33200526 -0.09088498 0.20920494 -0.021345094 1.0667406 0.0
-0.003975456 -0.053739842 -0.014291195 -0.14649042 -0.26354244 -0.026613638 -0.09416099 -0.07693386 2.771239
-0.39221248 -0.4180484 -0.39830652 -0.29664454 -0.10383803 -0.35227814 -0.34324408 -0.0033264773 3.0117998
-0.3133434 -0.12653413 -0.48695952 -0.20617203 -0.16240796 -0.0014164567 -0.25721255 -0.007954508 3.3321702
0.12291405 0.39390466 -0.4330636 -0.46579766 0.92104954 0.75601166 0.49681637 0.29812494 0.0
-0.036195982 -0.70043236 -0.0077152424 -0.22657643 -0.0031766049 -0.0019326766 -0.03995027 -0.06400744 2.34982
-0.14041175 -0.1508414 -0.57891375 -0.0002840693 -0.116686635 -0.0018797613 -0.13206618 -0.00742241 3.070164
-0.488287 -0.0595215 -0.07627859 -0.01300326 -0.1479746 -0.028278045 -0.048496105 -0.15004297 2.7954805
-0.17531517 0.0032407327 -0.20826758 -0.02629374 1.2089568 1.0281047 -0.16334468 -0.09339908 0.0
-0.29905978 -0.039470263 -0.07988939 -0.036731854 -0.39546022 -0.13795267 -0.102263875 -0.2227198 3.1223807
-0.024659298 -0.0640778 -0.0012361177 -0.27781427 -0.15490861 -0.27144647 -0.14747843 -0.013640444 2.9933913
-0.006865504 -0.07476414 -0.33643463 -0.15129612 -0.0046366374 -0.53526723 -0.022651765 -0.081835076 3.645106
-0.54812336 0.007099188 -0.42056885 -0.3764354 1.366428 0.24622259 1.7601284 -0.08800015 0.0
