0.43582955 -0.19739053 -0.4529635 -0.88391685 3.8062737 -0.617039 -0.6697003 -1.2547888 0.0
0.027818294 -0.5284789 -0.8604247 -0.67319745 4.606708 -0.71958154 -0.76139253 -1.2536676 0.0
-0.44146758 -0.25267875 -0.5195662 -0.77190566 -0.09495727 -0.31643194 -0.28011838 -0.59068507 3.4875562
-0.39422175 -0.3505648 -0.3821047 -0.67902875 -0.24100661 -0.13541794 -0.59311956 -0.7141059 3.497816
-0.33816308 -0.46629253 -0.7584397 -0.7708771 -0.15348525 -0.5771893 -0.30493036 -0.5821824 3.88716
-0.831469 -0.40461105 0.028806882 -0.2771243 -0.37745887 3.043982 0.06938844 0.23627082 0.0
-0.73280007 -0.30366576 -0.58362055 -0.6234655 -0.40633944 -0.20535602 -0.4019454 -0.3746054 3.504189
-0.6063229 -0.69611436 -0.6750531 -0.4897305 0.025825378 -0.38501325 -0.22391705 -0.040589128 3.3654115
-0.5272262 -0.21867262 -0.5492092 -0.7155504 -0.19563095 -0.09416689 -0.23320672 -0.43279704 3.2059364
-0.033704907 0.13470481 0.42302242 0.4712529 -0.0879207 0.4296046 -0.13326527 1.0572314 0.0
-0.92825633 -0.5059929 -0.33676338 -0.747751 -0.2904522 -0.11135089 -0.27770448 -0.18035012 3.4068654
-0.61538345 -0.68387467 -0.6023816 -0.4112218 -0.3677503 -0.47043204 -0.4088061 -0.0134314215 3.440675
-0.668326 -0.45151317 -0.740335 -0.62432367 -0.5199425 -0.4777859 -0.5658966 -0.29707432 3.8059168
0.2424097 0.42642546 -0.5330324 -0.5189727 0.8916824 0.8202164 0.7777281 0.4624042 0.0
-0.6979792 -0.589888 -0.523011 -0.62979686 -0.61421764 -0.646929 -0.5635156 -0.50911963 3.9631402
-0.38457805 -0.6553304 -0.59417087 -0.5924884 -0.34176436 -0.6184346 -0.53932893 -0.11078919 3.5051198
-0.62294674 -0.76092374 -0.618199 -0.63268834 -0.40471599 -0.51114357 -0.20306398 -0.4577455 3.7209966
-0.17826003 -0.06503305 -0.29359916 0.012121131 1.419778 1.2462931 -0.21603587 -0.09986811 0.0
-0.5793642 -0.62620723 -0.48676273 -0.52883035 -0.48484075 -0.33408302 -0.20668477 -0.5746882 3.4650316
-0.37769994 -0.6139289 -0.53957915 -0.44526234 -0.421667 -0.38986573 -0.4052818 -0.50303936 3.520251
-0.53353584 -0.3676229 -0.7234125 -0.5064584 -0.1532704 -0.35610962 -0.6702784 -0.68668324 3.6681917
-0.6591198 -0.11462685 -0.62235224 -0.8189131 1.2292235 0.5306381 1.9759098 -0.050115313 0.0
