0.98888993 0.546514 -0.22990343 0.18839036 1.363778 0.33943638 0.08624545 -0.5390528 0.0
0.74502724 0.6141889 0.41404948 0.12276775 2.416493 -0.56794125 -0.14655583 -0.6451831 0.0
-0.46810043 0.03910029 -0.28196594 -0.2800306 0.14301905 -0.40235478 -0.19092111 -0.35986194 2.8404503
0.021370666 0.17867662 -0.24684784 -0.64426976 0.15649718 0.02363629 -0.24281213 -0.66198105 2.6101446
-0.2758929 -0.25286686 -0.6484393 -0.53942186 0.22993575 -0.53592974 -0.052144554 -0.3792625 3.290515
-0.23371075 -0.055538118 0.77459776 0.5313954 0.111569114 1.8289948 0.22497551 0.2903426 0.0
-0.58856905 -0.21640599 -0.37768224 -0.2823145 -0.15669812 0.29655707 -0.13378352 0.027934028 2.5196977
-0.64651483 -0.37644818 -0.20480268 -0.25979668 0.30782482 0.0073562954 0.17648362 0.10107812 2.5525274
-0.2197924 0.012629621 -0.16659069 -0.554168 0.04285317 -0.016391488 -0.08381137 -0.31303275 2.429045
0.059122115 0.5762384 0.69367963 0.46023887 -0.056267638 0.3883995 0.040634945 0.7422301 0.0
-0.64532256 -0.3906361 -0.38930464 -0.22901677 -0.31426686 0.04439908 -0.09964672 -0.10606829 2.8024082
-0.5200094 -0.47645497 -0.5742454 -0.38548952 -0.40148237 -0.40812185 -0.11907928 -0.13724086 2.9151423
-0.46315318 -0.6131853 -0.7523933 -0.5619238 0.027422253 -0.19772209 -0.011498538 0.08606884 2.8728173
0.48693693 0.51733005 -0.27342805 -0.43993196 0.47716567 0.9753262 0.64816904 0.6778598 0.0
-0.5449233 -0.61052257 -0.48317832 -0.3878467 -0.16476284 -0.37810344 -0.14282763 -0.36457968 2.8561041
-0.29958794 -0.6342188 -0.45609862 -0.7447163 -0.13087074 -0.44128814 -0.2953303 -0.35724568 3.0859666
-0.4616227 -0.692729 -0.52976733 -0.5876194 -0.27947837 -0.12353092 -0.3854908 -0.31273153 3.0801258
0.030461635 -0.2506262 -0.09571004 -0.027044429 0.8973349 1.181836 0.05159206 0.6819681 0.0
-0.68965465 -0.5236602 -0.29039344 -0.6134705 -0.15077028 -0.11210755 -0.39165154 -0.51805717 3.0399878
-0.33276203 -0.17934826 -0.47249207 -0.67336005 -0.1833518 -0.49779114 -0.4549192 -0.46157897 3.134799
-0.5701837 -0.34471408 -0.6362907 -0.6115414 -0.24253406 -0.1622402 -0.3606616 -0.38848993 3.190475
-0.52115804 0.26365384 -0.13477834 -0.24405536 1.1004071 0.71033996 1.2675914 0.34494585 0.0
