1.1114 0.3594384 -0.45815244 -0.34913677 2.4373825 0.04377154 -0.31064573 -0.9776652 0.0
0.43788832 -0.05412161 -0.1602513 -0.48423338 3.7926803 -0.7921437 -0.710031 -1.1241874 0.0
-0.56510997 -0.20514154 -0.5874585 -0.49768493 -0.064670116 -0.4873876 -0.39970744 -0.50543165 3.400301
-0.2193312 -0.18622325 -0.455258 -0.6825892 -0.025824253 -0.18173908 -0.46568245 -0.815433 3.2034757
-0.43941194 -0.33454546 -0.7549789 -0.5931027 -0.00862928 -0.5994143 -0.28948084 -0.5198782 3.6445572
-0.57295537 -0.19518709 0.520093 0.067932814 -0.12190524 2.6702712 -0.08233331 0.08321806 0.0
-0.8219964 -0.37722155 -0.6059438 -0.56785524 -0.340978 -0.009310261 -0.11975504 -0.16869633 3.104531
-0.68371844 -0.5416561 -0.47557163 -0.29807332 0.07073768 -0.16724455 0.06809875 0.0011032663 2.9263518
-0.41577503 -0.16380869 -0.40744686 -0.62502736 -0.23768412 -0.14436579 -0.25634962 -0.40231565 2.9446566
0.12085579 0.47871226 0.6261251 0.3386097 -0.09823262 0.27390984 0.006954209 0.8148731 0.0
-0.80375224 -0.573485 -0.57308203 -0.4566857 -0.5483414 -0.07538795 -0.25718176 -0.37358123 3.4007096
-0.615962 -0.64552116 -0.7158773 -0.49717438 -0.5866861 -0.5368229 -0.38842636 -0.38846186 3.483691
-0.6884829 -0.6759729 -0.85582906 -0.7078191 -0.20853151 -0.38705036 -0.27613363 -0.17875788 3.4173295
0.49389002 0.39543906 -0.58369416 -0.65874606 0.47233078 1.0120703 0.83916914 0.64968395 0.0
-0.6940733 -0.6679744 -0.62949955 -0.5985322 -0.44974914 -0.50555634 -0.25903648 -0.5996734 3.4056427
-0.5218662 -0.75281155 -0.53517836 -0.8141126 -0.31853962 -0.5891859 -0.48156035 -0.46669814 3.5563967
-0.5717055 -0.8004166 -0.7347918 -0.6824809 -0.40270114 -0.2997653 -0.4169586 -0.43142322 3.4911354
-0.12147793 -0.40331596 -0.25666907 -0.028042622 1.2239141 1.3055725 -0.096365795 0.4159866 0.0
-0.6638278 -0.57766604 -0.48883477 -0.6455647 -0.3604458 -0.25618872 -0.40438467 -0.6122196 3.3573213
-0.46859947 -0.3421569 -0.54897803 -0.6699057 -0.26237798 -0.5522959 -0.54325074 -0.5739728 3.425932
-0.6368548 -0.3969326 -0.591324 -0.65832883 -0.32348976 -0.27836496 -0.5355949 -0.49032715 3.435673
-0.5849942 0.062938474 -0.3219159 -0.40597567 1.0974547 0.6722186 1.5808842 0.18463553 0.0
