0.42359397 -0.20716718 -0.40028837 -0.7810067 3.5963113 -0.66894746 -0.55129385 -1.0852236 0.0
0.004391134 -0.45613238 -0.8934967 -0.5683843 4.6066318 -0.609563 -0.6642138 -1.1093389 0.0
-0.37128276 -0.34905094 -0.45416623 -0.6677203 -0.16383384 -0.27658412 -0.29543823 -0.62242997 3.694413
-0.27895615 -0.17422931 -0.4063244 -0.71602094 -0.2061846 -0.12501886 -0.5281189 -0.49054587 3.38699
-0.22881506 -0.4908021 -0.6580049 -0.487392 -0.07273908 -0.44432476 -0.31181338 -0.60249287 3.920585
-0.9428845 -0.5626577 0.0842372 -0.25393778 -0.3188545 3.1204472 0.058579814 0.12779765 0.0
-0.55705076 -0.15956835 -0.46470517 -0.6085567 -0.50632167 -0.096358314 -0.37381712 -0.39833498 3.4275105
-0.4167644 -0.604167 -0.5825211 -0.4057405 -0.12282443 -0.18238358 -0.13692091 -0.05810717 3.34285
-0.4478164 -0.26207256 -0.5102544 -0.544482 -0.17551558 -0.05001459 -0.24609709 -0.28036112 3.0378215
0.040958267 0.15634236 0.60763603 0.3384783 -0.112319216 0.21103263 -0.02179296 1.1467812 0.0
-0.6466878 -0.4382355 -0.31345126 -0.6961924 -0.33394867 -0.16933 -0.21621832 -0.22979876 3.4432814
-0.5897022 -0.5852716 -0.50490683 -0.4757858 -0.2382058 -0.55473554 -0.38881454 -0.031173524 3.3180723
-0.66758585 -0.43921444 -0.693824 -0.5967553 -0.41006687 -0.32131606 -0.5870584 -0.22386761 3.6883929
0.1690007 0.4706531 -0.5425198 -0.6308711 1.0798118 0.8841668 0.61891854 0.42032865 0.0
-0.51799744 -0.68095845 -0.3613837 -0.50724936 -0.44753918 -0.4336536 -0.4340154 -0.29728177 3.771171
-0.29995558 -0.6062869 -0.581279 -0.32535902 -0.39628842 -0.3930224 -0.44959924 -0.082214355 3.3116028
-0.7927391 -0.49375868 -0.53622633 -0.44358978 -0.3193503 -0.41796845 -0.07231715 -0.4214615 3.6182122
-0.2807437 0.0037197245 -0.2793581 -0.039710004 1.378196 1.2799224 -0.25563648 -0.1265404 0.0
-0.58004034 -0.51375365 -0.39928675 -0.36387786 -0.59677684 -0.37585434 -0.11345213 -0.46739656 3.442782
-0.32673955 -0.5593658 -0.355478 -0.36304697 -0.34827077 -0.31680337 -0.44535273 -0.3873981 3.410081
-0.3395392 -0.431427 -0.70478016 -0.52897716 -0.12579165 -0.47217864 -0.49675736 -0.59998155 3.6624665
-0.7728587 -0.09711271 -0.56779456 -0.8090603 1.373169 0.40811265 2.0057178 -0.08843377 0.0
