-0.6444796 -1.3948226 -1.3561978 -0.87667114 -1.0861706 -0.91401803 -0.13668293 5.2323933 0.0
-0.68866056 -1.4487733 -0.013614114 -0.8222319 0.1824118 -1.170313 -1.0376353 5.1372657 0.0
-0.24949229 -0.6262416 -0.5351828 -0.99174535 -0.25068483 -0.9114846 -0.014155827 3.9801188 -0.9912606
-0.10244808 -0.42327172 -0.35081083 0.016793504 -0.34489474 -0.5775539 -0.16540235 0.2314584 1.9936053
0.09769955 -0.20993268 -0.03316363 -0.29855847 0.29750806 1.2741598 0.16104618 -0.6852336 0.15570456
-0.8691973 -0.5676951 -0.35750848 -0.952896 -0.9818848 -0.9825274 4.5810065 -0.7848879 0.0
0.5658377 0.088474214 -0.68701065 -0.17281969 -0.3632109 -0.47715887 -0.3032003 0.3496642 1.7493567
0.070894785 -0.36306384 -0.062073052 0.4689839 0.30463028 0.029214257 -0.06639182 -0.2639697 0.46759897
-0.7838939 -0.5737498 0.022581585 0.08032489 -0.6710504 0.7113428 0.20102856 -0.008156403 1.5166878
-1.1070542 -1.397952 -0.7136608 -0.24764934 -0.38102543 -0.535478 0.56091225 3.3465998 0.0
-0.15331817 -0.8416704 0.6383441 0.2257874 -0.9067204 -0.13933069 -0.15715685 0.113265015 1.6203995
-0.57410085 -0.22891992 -0.1458168 -0.39942002 -0.43106914 -0.42983538 -0.106170736 0.12185564 2.637682
0.4809486 -0.19685245 -0.63948625 -0.31513357 -0.072729774 -0.44326717 1.0855176 0.2370511 0.8343539
-0.71081895 -0.6179609 -1.2330505 0.12240875 -0.07669697 -0.38248864 0.36846268 2.6637707 0.0
-0.27417198 0.06793917 0.72615296 -0.541033 -0.6608842 -0.0496889 -0.26214674 -0.09222087 1.9180071
0.37509182 -0.2886046 0.23110643 0.052597612 -0.3265001 -0.12699433 0.566978 -0.4102767 0.97061193
0.33749077 0.26916182 0.26590773 -0.3035797 -0.67393667 -0.15420593 -0.25379682 -0.47525117 1.6750776
-0.61172086 -0.59957737 -0.59557676 -0.86037016 0.3356993 -1.2945218 2.919775 1.011173 0.0
-0.06257159 -0.34405783 0.57909226 -0.09917426 -0.32068473 -0.110964015 0.36839935 0.33421853 -0.051966775
0.05694913 -0.7452003 0.30977347 -0.2872635 0.061911404 0.10225843 0.7255215 -0.061952934 0.76872224
0.11317001 -0.22668926 -0.5550297 -0.08712908 0.0415976 0.6620603 -0.72954535 0.10671416 1.2238883
0.41557315 0.5925852 0.15523058 -0.44471684 1.085048 0.71847135 0.19928797 -0.0130711915 0.0
