-0.5585728 -1.312033 -1.0647842 -0.86518 -1.0796247 -0.4489242 -0.11799703 5.2038803 0.0
-0.18020125 -1.4146354 0.30075696 -0.3972989 0.12714651 -0.6293411 -0.8691668 4.7802553 0.0
-0.18772075 -0.44489297 -0.2755605 -0.74730974 -0.22629076 -0.36511073 -0.00993518 3.7996275 -0.94121104
-0.32175007 -0.055716958 -0.33462113 0.011982804 -0.13834389 -0.550105 -0.10436237 0.18729886 1.7081984
-0.20508806 -0.16794956 -0.023811493 -0.23260961 0.27378368 1.0401666 0.44916773 -0.4625341 0.26935226
-0.5570987 -0.4346585 -0.33448258 -0.5735541 -0.42912963 -0.4801427 4.3581 -0.73114926 0.0
0.22205244 0.039051898 -0.24922536 -0.086936094 -0.36711162 -0.28716576 0.023696577 0.13479184 1.2104267
0.041309793 -0.23823872 0.05839237 0.6519869 0.24510354 -0.0030887276 -0.32365775 -0.15840343 0.38354722
-0.37938985 -0.21164846 0.021757394 -0.22800457 -0.57902694 0.62404794 0.105384335 -0.006133524 1.6983519
-0.93831795 -0.9739754 -0.4789093 -0.19357668 -0.33644 -0.453267 0.47837365 3.2721608 0.0
-0.04720217 -0.7162506 0.43927163 0.20706746 -0.7118884 -0.37101024 -0.3985334 0.7062678 1.4900333
-0.49790853 -0.087371275 -0.1405454 -0.12341805 -0.19948877 -0.121299736 -0.35219675 0.1069009 2.6173918
0.2697889 -0.07510485 -0.41904223 -0.08021408 -0.055666227 -0.4259397 1.2267396 0.15098028 0.4266093
-0.3852134 -0.41496915 -1.2938828 0.12055977 0.22592328 -0.3738804 0.10759834 2.5203366 0.0
-0.24708413 0.05721389 0.65343326 -0.2651834 -0.3524801 0.1540956 -0.38633612 -0.036048163 1.6678797
0.28337833 -0.14550476 0.14361882 0.029746974 -0.59309614 -0.08467734 0.4797434 -0.043159973 0.7577457
0.097822174 0.14126317 0.24364737 -0.15563941 -0.22430435 -0.1039264 -0.1475751 -0.43536636 1.2449876
-0.21363258 -0.45263588 -0.3451519 -0.69760394 0.30375865 -1.2489266 2.8273032 0.7630582 0.0
-0.035115656 -0.2196923 0.5113353 -0.08664246 -0.2677482 -0.09488534 0.26374358 -0.008272509 0.2656088
0.31023595 -0.66767514 0.1915356 -0.17800482 0.02938992 0.04239496 0.47922447 -0.03567883 0.67457193
0.07913643 -0.21278283 -0.21701916 -0.07244703 0.03409761 0.51919466 -0.33172244 0.09674787 0.828237
0.39453286 0.29839194 0.12087972 -0.42426533 1.4247068 0.39542508 0.4940576 -0.011828344 0.0
