-0.8801164 -1.1399794 -1.0905423 0.23971654 -0.71993655 -1.2815259 -0.058322564 3.828014 0.0
-1.2260997 -1.0862974 0.30680516 -0.42733106 -0.18703523 -1.1752272 0.07456437 3.9360378 0.0
-0.41535327 -0.22086471 -0.6504206 -0.47044712 -0.7867674 -0.83722156 -0.6472885 3.4600098 -0.28081837
0.019754896 -0.35063586 -0.8558008 -0.3469929 0.7448874 -0.12785262 -0.2010562 0.30769777 1.3023801
-0.124120705 -0.41292208 -0.47000033 -0.27150494 0.43017685 0.35037538 -0.18543884 -0.2597255 1.3499786
0.14723143 -0.68604517 -0.43653443 -0.83514196 -0.74081 -0.5885409 3.119816 0.25148678 0.0
-0.12200154 -0.004263192 -0.5689655 0.05171653 -0.1772992 -0.23166764 -0.1680462 0.5386701 1.4438429
-0.4306527 -0.44244775 -0.14627537 0.20750163 -0.058510583 0.5255893 -0.13431971 0.000315843 1.0009658
-0.36840758 -0.26263624 -0.35823214 -0.088631056 0.16341263 -0.3948313 0.16172051 0.0803359 1.455209
-0.47725815 -1.0050415 -0.7254539 -0.37426677 -0.6582343 0.36626837 1.294785 2.0312579 0.0
-0.21676062 -0.55114925 -0.34354052 -0.44058892 0.23544216 -0.40283018 0.020034723 -0.38069448 2.2951736
-0.033457488 -0.28277707 -0.47363362 -0.14915735 -0.35942736 -0.42186725 -0.015557367 -0.30714634 2.0568476
-0.36779374 -0.049218737 -0.24263254 -0.20263681 -0.20037416 -0.024256015 -0.11513813 0.1528852 1.5895888
0.09599206 -0.36068198 -0.44072664 -0.46188667 -0.7579378 -0.0053544776 -0.73113984 2.5781677 0.0
-0.037734106 -0.76403207 -0.19588093 -0.34630787 -0.29095513 -0.1295744 -0.2956791 0.31953624 1.9617712
-0.46266204 -0.031866822 -0.32945547 -0.26126003 -0.38808632 0.021429595 -0.06941779 -0.33089012 2.347376
-0.21930437 -0.83260447 0.04496565 0.009137447 -0.50139207 0.08450487 0.065401465 0.0310568 1.8382002
-0.8268044 -0.5958187 -0.07195456 -0.44255725 -0.531254 -1.0327471 2.8428202 0.35704294 0.0
-0.16193287 -0.37536317 0.27096748 -0.20132881 -0.103954285 -0.35902172 0.40062734 0.20814753 0.74486524
-0.36159295 -0.22664681 -0.021924777 -0.26837206 -0.15400594 -0.30265474 0.063727446 0.26409146 1.3746166
-0.31592909 -0.42615277 -0.6095731 -0.2654187 0.23777148 -0.448268 -0.2555499 0.2787933 1.8766435
-0.13712439 -0.11498406 -0.49166885 -1.1348709 2.9813967 -0.49043402 -0.5651967 -0.9240801 0.0
