-0.5554511 -1.3088923 -1.0547398 -0.864733 -1.0793691 -0.43657932 -0.11731941 5.202768 0.0
-0.17095628 -1.4133149 0.3006885 -0.38612503 0.12536032 -0.61422044 -0.8631549 4.7791986 0.0
-0.18563947 -0.438971 -0.26847836 -0.73906857 -0.22538507 -0.3522376 -0.009798254 3.792728 -0.93930304
-0.32165316 -0.05570018 -0.33400247 0.011825325 -0.1334713 -0.54905903 -0.10249547 0.18575166 1.6993159
-0.20497504 -0.16648756 -0.0234578 -0.23034556 0.2728944 1.0319306 0.44891778 -0.4554628 0.26742637
-0.55010605 -0.43013394 -0.33361152 -0.5622526 -0.41542098 -0.4668476 4.350094 -0.7291209 0.0
0.21413216 0.03773061 -0.2395006 -0.0846241 -0.3600875 -0.28150463 0.023147997 0.12984137 1.1930888
0.04044425 -0.23433614 0.05788497 0.6482018 0.24302788 -0.0030739224 -0.32164738 -0.1552649 0.38205728
-0.36874282 -0.21051769 0.021716692 -0.22790161 -0.57553995 0.62071985 0.10274816 -0.0060653286 1.6976016
-0.93225867 -0.9602852 -0.4714794 -0.19171701 -0.33480385 -0.4503167 0.4775579 3.267245 0.0
-0.045439225 -0.7116168 0.43265843 0.20636767 -0.7051733 -0.37093255 -0.39734444 0.7061203 1.4852093
-0.49539497 -0.08412915 -0.14034286 -0.1178606 -0.19358097 -0.11541842 -0.35023108 0.106354065 2.6137516
0.26374105 -0.07231683 -0.412156 -0.07612781 -0.055085983 -0.425275 1.2252009 0.14833333 0.42570755
-0.38444933 -0.41108003 -1.2864296 0.12048792 0.22566769 -0.37206703 0.10741879 2.5190394 0.0
-0.24607931 0.056897085 0.65073925 -0.25797802 -0.34389693 0.15215614 -0.38079184 -0.034743 1.6587399
0.28028134 -0.14164759 0.14100343 0.029121814 -0.59240806 -0.08337029 0.47661355 -0.043109152 0.7535823
0.09317706 0.13832362 0.24281439 -0.15161338 -0.21482244 -0.102331676 -0.14448854 -0.4338741 1.2302564
-0.21118024 -0.4476764 -0.33784682 -0.69189537 0.30260468 -1.2471739 2.823742 0.75897795 0.0
-0.0343291 -0.21586232 0.5088003 -0.08618511 -0.2658623 -0.0943052 0.2603072 -0.008271 0.2655604
0.30837166 -0.66149634 0.18795869 -0.17469567 0.028541716 0.040951747 0.47705355 -0.034915008 0.671129
0.07803458 -0.21225612 -0.20916614 -0.0719251 0.033833016 0.5142024 -0.3311215 0.096510656 0.82676536
0.39364082 0.29815048 0.11996441 -0.42332926 1.4241786 0.39525142 0.49353504 -0.0117821405 0.0
