-0.40262398 -0.70803815 -0.043760065 1.2573774 -0.61372787 -1.0008192 -0.18996315 2.0931897 0.0
-0.6332051 -0.12592357 1.2776154 -0.11927018 0.40287113 -0.06449051 0.9056157 1.8500754 0.0
-0.5597578 -0.40890363 0.006267181 -0.23530082 -0.22878022 -0.30052298 -0.016687214 1.5131074 0.9641739
-0.2582098 -0.010738245 -0.37019125 0.19856739 0.30705 -0.26858053 -0.18401358 0.37824336 1.4873724
-0.24514768 0.03670935 -0.12938553 -0.39556962 0.12485738 0.08973115 -0.14929679 -0.009849127 1.4268737
1.148712 -0.40104043 0.095900714 0.17159705 -0.28931525 0.082207605 1.2064458 0.5824402 0.0
-0.3524925 -0.1800762 -0.45974642 -0.3235597 -0.06992104 0.0300485 -0.023979202 -0.33673272 2.2117941
-0.44457304 -0.11756836 -0.28022742 -0.07697722 0.029674103 0.23556341 0.05648753 -0.023472244 1.9192663
-0.2598254 -0.0104695475 -0.38094285 -0.15766485 0.028400498 -0.35783055 0.053737786 -0.08734794 1.6582048
0.21408986 -0.3009794 -0.34789884 -0.05990168 -0.15957528 0.7809619 0.70094746 1.1694257 0.0
-0.4544506 -0.700103 -0.47271854 -0.5022199 -0.2162772 -0.36154887 -0.30915114 0.22607754 2.5615041
-0.5198632 -0.436966 -0.39757773 -0.38330516 -0.47121185 0.11174535 0.16955462 0.297219 1.8512164
-0.2899384 -0.5314667 -0.5003985 -0.18532334 0.18566646 -0.36427924 0.3329869 0.15920514 1.8525951
0.06744557 -0.47187412 0.22182187 -0.09665891 0.27265635 0.28358075 -0.13396992 1.4075565 0.0
-0.4316696 -0.3541813 -0.5248754 -0.25511304 -0.39540216 -0.24244094 -0.043375053 -0.10661415 2.1537547
-0.47536945 -0.40926987 -0.33180037 -0.2641584 -0.07257112 -0.31437293 -0.23149359 -0.12511042 2.79766
-0.58762944 -0.5412074 -0.2817051 -0.196155 -0.43031716 -0.364714 -0.10192817 0.14836584 2.4341042
-0.11000805 -0.2913325 0.46560585 0.08742466 -0.12309147 -0.44215646 1.0678983 0.9100697 0.0
-0.34567824 -0.3143659 -0.32875308 0.07967828 -0.27121446 -0.4617487 -0.13441168 0.27575296 1.7042634
-0.34849858 -0.57263434 -0.4704781 -0.26764074 -0.13048978 -0.19293554 0.25532824 0.28141063 1.9223408
-0.40810448 -0.4504689 -0.54772973 -0.0035444256 -0.18753986 -0.3709067 -0.10322759 0.5308354 1.9011539
0.87430966 0.3720155 -0.006867072 -0.519407 0.8388258 0.5258067 0.64771956 -0.021156829 0.0
