-0.6394281 -0.95330197 -1.3546298 -0.05707382 -0.65320826 -1.2954836 -0.32148737 4.1436586 0.0
-1.1405835 -1.1086321 0.014874571 -0.97930366 -0.3976646 -1.4040706 -0.4667746 4.721052 0.0
0.13318568 -0.2739881 -0.59861714 -0.902076 -0.6655646 -0.73751724 -0.77504736 3.5010545 -0.18504769
-0.56583613 -0.19305107 -0.40992156 -0.1580798 -0.25044465 -0.35092527 -0.17942984 0.62806535 1.6216159
-0.25302893 0.08114702 -0.56117713 -0.5641726 0.4995671 0.620028 -0.47408625 -0.304073 1.3442472
-0.3753396 -0.55978584 -0.5679475 -1.1075348 -1.0887756 -1.0917666 4.144887 -0.18901053 0.0
0.07301964 -0.53529984 -0.61575097 0.101915605 -0.12475461 -0.07746999 -0.04782749 0.49836466 1.3235598
-0.6742049 -0.29838428 -0.35738817 0.42304912 0.24356066 0.5742967 -0.34018815 -0.27388716 1.1465137
-0.6306393 -0.42553025 -0.24238874 -0.05286442 0.2516341 -0.27451563 -0.09745456 -0.14105794 1.8383057
-0.6123011 -0.82591766 -0.83881205 -0.2864893 -0.44881326 -0.22226651 0.96615714 2.5283391 0.0
-0.66547865 -0.92243874 -0.4822431 -0.26034802 0.59874654 0.25387248 -0.16991986 -0.34354553 2.2406144
-0.5764078 -0.31600475 -0.4909404 -0.1921157 0.016926605 -0.6055153 0.24123538 -0.10773775 2.086208
0.059357528 -0.14112839 -0.24310061 -0.5359082 -0.20971884 0.30175108 0.25039655 -0.08085153 1.298755
-0.25273815 -0.26887172 -1.0062854 -0.12534505 -0.70284337 -0.6139585 -0.20296225 2.920521 0.0
0.012826664 -0.06742742 -0.34770387 -0.53952116 -0.16624239 -0.27209046 -0.011273504 0.41102913 1.5643382
-0.14220758 0.035952903 -0.59442717 -0.101564854 0.07807113 -0.06979613 -0.18532737 -0.5463098 2.125775
0.021176254 -0.36348253 -0.049867027 -0.27710423 -0.4584063 -0.14799626 -0.33125043 -0.15431494 2.0974264
-0.97176766 0.15778977 -0.42078847 -0.35846242 -0.5548156 -1.1344025 2.9588153 0.08011792 0.0
0.02881775 -0.30768466 0.25740993 -0.5050197 0.09931226 -0.19031833 0.03540488 0.47299016 0.57832193
-0.31507227 -0.5298909 0.3329117 -0.3425212 -0.31483936 -0.076865494 -0.026172101 0.49486023 1.1286285
-0.15837198 -0.672397 -0.5270661 -0.27383867 0.22513393 0.07059102 -0.25773314 0.06823661 1.7502286
0.78884655 0.45362917 -0.23727342 -0.9807196 1.1115164 0.7860037 0.18036559 -0.37397876 0.0
