-0.54876286 -1.2941852 -1.4683379 -0.05539186 -0.8711026 -1.148 -0.12406771 4.4884157 0.0
-1.0574603 -1.162791 -0.014054018 -1.038101 0.2032319 -1.4279531 -0.6300189 4.8221116 0.0
-0.18762138 -0.6928489 -0.6666981 -1.0859545 -0.27421105 -1.1112744 -0.24241644 4.039704 -0.9920898
-0.34212223 -0.30859753 -0.43530598 0.24980915 -0.3629671 -0.3353851 -0.44788888 0.087874494 2.0656753
-0.042288724 -0.1405282 0.24454987 -0.054429695 -0.053308573 0.60359377 -0.060043227 -0.53625196 0.68069255
-0.96904045 -0.61847335 -0.47061616 -1.1213754 -1.3002675 -1.2339993 4.590403 -0.4010049 0.0
0.4445153 0.2109955 -0.9046724 -0.37228113 -0.195426 -0.39392123 -0.5245104 0.32411477 1.9103587
0.09772696 -0.087746836 -0.19559763 0.29881734 -0.08878177 0.14903815 -0.0728961 0.15014936 0.65174276
-1.1594412 -0.69753045 0.24948767 0.33374527 -0.49889007 0.61155933 0.20568514 -0.39576668 1.6456286
-0.93737984 -1.5697708 -0.81121 -0.5514547 -0.102017894 -0.49980927 0.3574604 3.4022949 0.0
-0.115336716 -0.5111044 0.38331753 -0.013542188 0.010909832 -0.039454464 -0.59866023 -0.13557181 1.5682364
-0.2703488 -0.5066299 -0.34352085 -0.40371862 -0.5412103 -0.64275986 -0.32737988 -0.24377841 3.0558836
0.58919746 -0.42142895 -0.5780835 -0.42456692 -0.02304871 0.036185645 0.7728059 -0.11969546 0.9874164
-0.7422475 -0.60886127 -1.3751369 0.19050364 0.046242453 -0.20924465 0.52067596 2.3321989 0.0
0.19223413 0.66521376 0.0075566676 -0.7726834 -0.6493707 0.051751133 -0.47268033 -0.20933782 1.6813192
0.7248304 -0.051881675 -0.31232774 0.09906363 -0.12846796 -0.21002826 0.30685645 -0.7470475 1.3026191
0.16886221 -0.13660903 -0.42048576 -0.36169147 -0.7857745 -0.25586236 0.07844785 -0.12280243 2.082038
-0.7703984 -0.7706852 -0.7243515 -1.0945406 0.21132995 -1.1700019 2.905133 0.8033942 0.0
-0.11631065 -0.041457072 -0.24756646 -0.10109856 -0.1005788 -0.49023023 0.32545027 0.967763 0.1693182
-0.28880835 -0.7023675 0.114449374 -0.11437551 -0.3418476 0.019402115 0.17923349 -0.0061400277 1.627904
-0.01506973 -0.33371684 -0.6465412 -0.0005275562 0.1708944 0.3774623 -0.3175791 -0.054734223 1.4341443
0.012471167 0.75654143 -0.00862363 -0.65240306 0.9269635 0.62153053 0.23547795 0.57021946 0.0
