-0.5275641 -1.4137665 -1.4304656 -0.34755766 -0.8150647 -1.0689045 -0.13866644 4.766371 0.0
-0.92469776 -1.4564053 -0.017448992 -0.96500653 0.19750535 -1.3416748 -0.67366475 5.118597 0.0
-0.24829338 -0.67522025 -0.622591 -1.0555546 -0.24293205 -1.1148149 -0.01345802 4.012178 -1.0026252
-0.073568925 -0.33930525 -0.6809711 -0.09712839 -0.24641259 -0.2601291 -0.35751134 0.3321678 2.0284135
0.041468985 -0.13842267 -0.20503101 -0.02452463 0.5191973 0.8448229 -0.23409232 -0.747563 0.4015909
-0.9361849 -0.60209733 -0.3563689 -1.0656257 -1.1781534 -1.1500788 4.4246864 -0.5042473 0.0
0.50663507 0.119848214 -0.85862064 -0.41023046 -0.28799015 -0.5308309 -0.40567368 0.3937315 2.0258794
0.16693087 -0.3943461 -0.26042742 0.52537376 0.00042523406 0.3289865 -0.32728353 0.055595074 0.5980116
-0.9280582 -0.7294897 -0.22568704 0.14158347 -0.17228326 0.6717535 0.010687427 -0.39022505 1.6897589
-0.91255736 -1.5137925 -0.7793955 -0.26249775 -0.39189857 -0.44924104 0.19536668 3.5214853 0.0
-0.16609323 -0.37707722 0.5835824 0.47344318 -0.53961426 -0.14892009 -0.6107122 -0.0179063 1.3890916
-0.3639261 -0.28296515 -0.3974823 -0.52544445 -0.5064646 -0.56704414 -0.14464009 0.06856557 2.8260202
0.33578414 -0.3413081 -0.33785146 -0.20452711 -0.09869622 0.07790944 0.62133336 0.1002027 0.87893975
-0.7204959 -0.6947674 -1.4233947 0.2141497 -0.058274146 -0.382903 0.55530274 2.4691389 0.0
0.2523983 0.5158011 0.18700741 -0.83584505 -0.7801576 -0.037412785 -0.37019622 -0.11736219 1.7127784
0.31056964 -0.16086884 0.13371423 -0.09563188 -0.23055291 -0.3648198 0.36598024 -0.44362324 1.321901
0.32078436 0.26972643 -0.04195587 -0.24810897 -0.8640338 -0.16012946 -0.28405625 -0.16812183 1.7629514
-0.7231357 -0.6374363 -0.6900071 -1.0952338 0.3694368 -1.2640039 2.9283516 1.0338173 0.0
-0.03993949 -0.40039015 0.14550005 0.3456854 -0.09093599 -0.4331168 0.289122 0.40499854 0.18227933
0.11235732 -0.63568443 0.16132548 -0.32598191 -0.28743875 0.017727943 0.21320526 -0.09429296 1.3076384
0.13051592 0.11459797 -0.6775248 -0.01766671 -0.09959931 0.58356005 -0.7866341 -0.22875147 1.4559475
0.36189902 0.62511456 0.28445 -0.5728755 0.9248777 0.44398883 0.20415781 0.3634444 0.0
