-0.7820744 -0.9930527 -1.4996772 -0.19268195 -1.1338981 -1.1671844 -0.23857747 4.7422156 0.0
-1.1089691 -0.99797374 0.03282743 -1.1461759 -0.46467507 -1.6069885 -0.43652728 4.9179196 0.0
0.056149226 -0.44062182 -0.48466694 -1.0008905 -0.8868268 -0.92343557 -0.4467193 3.8384032 -0.5242239
-0.58094615 -0.42205727 -0.24230182 0.07914847 -0.42120078 -0.26151922 -0.3520768 0.34973997 1.846191
0.024578363 -0.15994501 -0.0052228933 -0.49559972 0.2856475 0.31410196 -0.062004436 -0.56324697 1.2583364
-0.7166189 -0.50306493 -0.095314145 -1.1156874 -1.1567689 -1.1165556 4.019032 -0.17186418 0.0
0.11234494 0.108823 -0.58076566 -0.08260493 0.0900361 -0.19212627 -0.5168983 0.35674736 1.3522837
-0.5865891 -0.012978571 -0.411283 0.5521775 -0.18412857 0.52208674 -0.5054955 -0.044950955 1.0792447
-0.895467 -0.55833125 0.008023845 0.1761741 -0.034550264 0.0026685982 0.12022115 -0.5332786 1.8364013
-0.44256252 -1.1698027 -1.0019876 -0.6375305 -0.19256628 -0.51863927 0.61317724 3.0471423 0.0
-0.1642139 -0.6975055 0.06212429 -0.340165 0.24859813 -0.069200896 -0.30055767 -0.41471156 1.9975746
-0.07203239 -0.44737646 -0.64700305 -0.3607683 -0.23607959 -0.5448949 0.11507181 -0.3361366 2.4900858
-0.037545953 -0.23046798 -0.16683495 -0.57638013 -0.155343 0.21881457 0.5734207 -0.0021610833 1.1395442
-0.7172037 0.00091808324 -1.0830933 -0.142937 -0.9040073 -0.18412589 -0.28048876 2.8896973 0.0
0.36033005 0.1849933 -0.1635452 -0.6317501 -0.27561015 -0.28328758 -0.555936 0.4449213 1.4559255
0.043636173 -0.12507054 -0.09942091 -0.10074447 -0.1950994 0.1865372 -0.0878783 -0.19709487 1.6505156
0.18253167 -0.20122187 -0.26500684 -0.4040532 -0.47138593 -0.26107547 -0.016834307 -0.013068369 1.9074804
-0.74137706 -0.24592203 -0.65725905 -0.6839564 -0.044462744 -1.0783606 3.0610619 0.24779166 0.0
0.054426465 0.088187434 -0.10204769 -0.300467 -0.07126731 -0.5896953 -0.009403449 0.8298392 0.49685356
-0.6636291 -0.60894924 0.19487196 -0.16294946 -0.40474194 -0.03270857 0.13668074 0.651897 1.2310803
-0.29644534 -0.9298869 -0.6915428 0.13297418 0.24393539 0.50696445 -0.4498455 -0.06368387 1.7625885
0.5719955 0.81510836 -0.17889467 -0.9754047 0.7872691 0.9108762 0.3534497 -0.053171434 0.0
