-0.6384025 -0.9477008 -0.7555885 0.3951802 -0.71227247 -1.1763921 -0.07797339 3.386033 0.0
-1.0903081 -0.6041898 0.6441588 -0.7336751 0.12770219 -0.6200764 0.37958053 3.1714914 0.0
-0.29828787 -0.51564443 -0.45986727 -0.3439279 -0.511447 -0.5139065 -0.5645145 2.9634063 -0.09169917
-0.25085616 -0.061411045 -0.5079123 -0.14213571 0.4044283 -0.1275207 -0.2375528 0.19475862 1.4000541
-0.10978575 -0.48453832 -0.6633988 0.08960856 0.19007216 0.31606606 -0.36051106 -0.40096593 1.6670401
0.2269474 -0.8674531 -0.22569376 -0.49842727 -0.62078357 -0.56910133 2.9715648 0.12776266 0.0
-0.33114493 -0.55915177 -0.5281454 -0.028961435 -0.18040553 -0.25912586 -0.3342829 0.013314746 2.2851036
-0.024908103 -0.14992931 -0.45087972 -0.089020774 -0.15526628 0.29839864 0.045209244 -0.06392515 1.2439995
-0.21351898 -0.16368453 -0.51174486 -0.2509012 0.18374306 -0.64647603 0.078473285 0.0907028 1.6624166
-0.24129465 -0.7056304 -0.4691394 -0.41301563 -0.30004153 0.6928319 1.1184787 1.4886502 0.0
-0.4075755 -0.55959195 -0.567855 -0.48544097 -0.19039308 -0.37683818 -0.20706159 -0.07273782 2.6151247
-0.32158098 -0.29930213 -0.5438751 -0.2690112 -0.3597948 -0.18169272 -0.032752898 -0.17070414 2.1060965
-0.23513885 -0.55742747 -0.3742028 -0.3291512 -0.14018434 -0.36158857 -0.02965038 0.23110016 1.9852307
-0.17639647 -0.6287889 -0.15797177 -0.3057456 -0.15171374 0.13250679 -0.074359395 2.0495055 0.0
-0.29264694 -0.57016 -0.54167837 -0.6117411 -0.4537452 -0.043061983 -0.27390084 -0.33348873 2.5499215
-0.39273575 -0.4478166 -0.51534206 -0.60391283 -0.24810582 -0.39467394 -0.20919141 -0.49022946 2.9019198
-0.48216063 -0.71948177 -0.46343175 -0.028677898 -0.3168605 -0.27227277 -0.2848057 -0.011082322 2.5129817
-0.47777122 -0.50042486 -0.07544313 -0.21408518 -0.61334115 -0.856239 2.1838975 0.8374811 0.0
-0.3621075 -0.65566105 0.22265676 -0.28862786 -0.083386265 -0.4311076 -0.21469305 0.17473711 1.5083693
-0.03595476 -0.800772 -0.41567138 0.046265025 -0.10107512 -0.29154873 -0.28291115 0.12945212 1.8051635
-0.33805004 -0.37163958 -0.6564407 -0.24334854 -0.06861162 -0.3969883 -0.13594915 0.5045655 1.7247524
0.27695757 0.24324146 -0.402609 -0.8873812 1.9848801 0.5032532 -0.27205986 -0.7873582 0.0
