-0.5211378 -1.2736859 -0.94691306 -0.8596645 -1.0764663 -0.31783518 -0.1098782 5.1901155 0.0
-0.09381671 -1.3983783 0.2999103 -0.2790473 0.10671694 -0.46570018 -0.7976113 4.7671924 0.0
-0.16351987 -0.37688273 -0.19960788 -0.65145516 -0.21533257 -0.23405866 -0.008366757 3.7151117 -0.91786623
-0.3205535 -0.055509675 -0.32704422 0.010172473 -0.088725924 -0.5372979 -0.083459616 0.1690212 1.6014522
-0.20369355 -0.15072165 -0.019784141 -0.20608255 0.2629784 0.9426911 0.4460844 -0.3822137 0.246459
-0.47645324 -0.38184857 -0.32385972 -0.44829205 -0.28704485 -0.33911225 4.2600493 -0.70643723 0.0
0.1415963 0.025495593 -0.4645672 -0.062261112 -0.28900892 -0.22441947 0.017730162 0.08478941 1.2809536
0.031781513 -0.19417799 0.052413005 0.6066527 0.22061169 -0.002910386 -0.29963416 -0.12363597 0.36550838
-0.3045563 -0.19806957 0.021258945 -0.2267335 -0.5373137 0.5840812 0.07700551 -0.005340694 1.6897669
-0.8660117 -0.8174198 -0.39462173 -0.17177281 -0.31673887 -0.4180706 0.46837473 3.2118378 0.0
-0.029454855 -0.66095847 0.36405638 0.1985707 -0.6330835 -0.37005025 -0.3840651 0.70444393 1.431415
-0.4676746 -0.05469091 -0.13805918 -0.06973003 -0.13747059 -0.06551796 -0.32862404 0.10032612 2.572692
0.20374778 -0.04700402 -0.3413191 -0.041958004 -0.04889413 -0.4177858 1.2078311 0.12128549 0.41558164
-0.3758628 -0.369312 -1.2045954 0.11967362 0.2227484 -0.35204437 0.105397165 2.5043406 0.0
-0.23493078 0.053413708 0.62085927 -0.1885283 -0.25974697 0.13173127 -0.32303053 -0.02282817 1.5582108
0.24455243 -0.10432058 0.11451279 0.022874322 -0.58463633 -0.06604249 0.44240737 -0.042544946 0.70779365
0.053530317 0.10906631 0.23353554 -0.11250058 -0.13134713 -0.08581753 -0.11359007 -0.4172522 1.0743121
-0.1851795 -0.39492613 -0.26483104 -0.63013947 0.28977996 -1.2274063 2.7835395 0.714063 0.0
-0.026525661 -0.17670259 0.480829 -0.08114842 -0.24531646 -0.08794902 0.22421652 -0.008253847 0.26500952
0.2879325 -0.5950897 0.15166113 -0.14109813 0.020482544 0.027604371 0.45299804 -0.027291331 0.6331724
0.066524655 -0.20635481 -0.13746902 -0.066244796 0.0309631 0.46066573 -0.32436103 0.09385257 0.81020415
0.38363332 0.29541704 0.11002509 -0.41282445 1.4181826 0.3932813 0.48762876 -0.011269016 0.0
