-0.52949893 -1.4158039 -1.4386314 -0.34521583 -0.82784957 -1.0869151 -0.13914695 4.7691107 0.0
-0.95424527 -1.4556834 -0.017897973 -0.9816404 0.19918814 -1.3613898 -0.6804824 5.119924 0.0
-0.24996282 -0.68067116 -0.63237625 -1.0626047 -0.2435185 -1.1390364 -0.013544335 4.0165615 -1.003849
-0.08934349 -0.34685907 -0.6918238 -0.0979274 -0.26038474 -0.26182452 -0.34459293 0.33906236 2.040301
0.005512015 0.06487828 -0.20231305 -0.02486514 0.4371613 0.9412911 -0.21378286 -0.7546775 0.44933635
-0.9436349 -0.60589105 -0.35008165 -1.0784205 -1.2012953 -1.1678758 4.424593 -0.51065063 0.0
0.5246271 0.122440435 -0.88470334 -0.41399506 -0.29753312 -0.2795797 -0.41424596 0.3647516 1.8601313
0.1714912 -0.38246688 -0.41571248 0.4949764 0.00034614338 0.31672478 -0.34442675 0.059041794 0.80355376
-0.9440224 -0.748778 -0.2112284 0.08279086 -0.23466235 0.6413149 0.1290884 -0.33226302 1.7182921
-0.9182519 -1.526713 -0.78674024 -0.53001684 -0.3928618 -0.4511456 0.19641525 3.619612 0.0
-0.015426439 -0.39388976 0.40049255 0.40275174 -0.38343996 -0.1539265 -0.7102132 -0.0220492 1.464925
-0.3771087 -0.29057634 -0.14388472 -0.53762543 -0.51566094 -0.5841265 -0.14918609 -0.18028127 2.8105052
0.33291075 -0.35403338 -0.36071277 -0.213737 -0.10021159 0.079757124 0.6330202 0.1026774 0.8961372
-0.7257546 -0.6952824 -1.4453735 0.20125502 -0.053546183 -0.3596382 0.5573397 2.4619737 0.0
0.268061 0.49257076 0.19089769 -0.6650372 -0.79265857 -0.021242457 -0.38918248 -0.12000837 1.6140908
0.1436885 -0.1383038 0.11978208 0.07980138 0.029362066 -0.37337872 0.2771051 -0.44861576 1.3204035
0.3118097 0.12019113 -0.19998981 -0.19314395 -0.88663936 -0.17636481 -0.08899462 -0.16109966 1.8081043
-0.73617834 -0.64171606 -0.69892645 -1.1024735 0.41684058 -1.2654327 2.9157727 1.0375408 0.0
-0.041358598 -0.29724616 0.09520309 0.35650882 -0.094348565 -0.44115943 0.4072814 0.5101809 -0.08942565
0.08134255 -0.65072924 0.18584467 -0.39706603 -0.30316484 0.018186757 0.16728732 0.01938166 1.338001
0.1129886 0.11191938 -0.69073594 -0.056156725 0.17085999 0.49200457 -0.7666591 -0.18710758 1.3937505
0.06841277 1.0011653 0.011247211 -0.5819502 0.957388 0.41892546 0.22195873 0.3577163 0.0
