-0.6181559 -1.3701603 -1.2638592 -0.873305 -1.0842581 -0.7430259 -0.13094945 5.224063 0.0
-0.4661951 -1.4387358 -0.009800734 -0.6652488 0.1642017 -0.97678155 -0.98540837 5.102105 0.0
-0.22964367 -0.5668531 -0.44109723 -0.91322994 -0.24331374 -0.698283 -0.012768206 3.9266262 -0.9764001
-0.32350707 -0.056021314 -0.34601143 0.0152204055 -0.2643558 -0.56937355 -0.14462163 0.21760862 1.8771166
-0.20714346 -0.19671479 -0.03120862 -0.27761057 0.2903768 1.2009836 0.4535387 -0.61108065 0.30892807
-0.70002586 -0.52519053 -0.35063666 -0.8218719 -0.77152544 -0.79753697 4.505491 -0.7688254 0.0
0.42789733 0.072702564 -0.5113902 -0.14147924 -0.5188005 -0.4115433 0.034082115 0.26492512 1.5712817
0.060567893 -0.32112274 0.06837347 0.4593979 0.2858484 -0.0033691444 -0.05833133 -0.22742613 0.41153964
-0.63453376 -0.23317945 0.02250661 -0.22987522 -0.6459059 0.68741196 0.16655923 -0.0075075985 1.7119838
-1.054954 -1.2582356 -0.63534683 -0.23049235 -0.36745054 -0.5100832 0.493372 3.3623693 0.0
-0.11555208 -0.80198807 0.57786924 0.22014186 -0.844967 -0.092462726 -0.4206624 0.40593186 1.58004
-0.5456333 -0.17294809 -0.14425981 -0.28352198 -0.3433775 -0.29746166 -0.31850007 0.11728968 2.666445
0.40640634 -0.1487057 -0.56538075 -0.20607068 -0.06727753 -0.43814352 1.072809 0.20785478 0.7653802
-0.39923847 -0.5750562 -1.4363848 0.121866725 0.230597 -0.36880365 0.11089821 2.5439084 0.0
-0.2659823 0.06325753 0.7041567 -0.4363638 -0.5503061 0.19374792 -0.5017107 -0.07016069 1.8421592
0.34566534 -0.23641887 0.20173198 0.043665614 -0.60448015 -0.11217303 0.540028 -0.064785995 0.9297917
0.23538516 0.23062712 0.25921592 -0.2499007 -0.48925447 -0.13746257 -0.21622549 -0.4632604 1.5323958
-0.26322225 -0.5524098 -0.50805944 -0.8093536 0.32540625 -1.2810589 2.8925061 0.84075296 0.0
-0.052878782 -0.30190533 0.5594229 -0.095345415 -0.3042568 -0.10601453 0.3343121 0.31622645 -0.04902306
0.3475329 -0.79118323 0.26929098 -0.24987687 0.049882673 0.07924459 0.5202373 -0.05275368 0.7399783
0.10196766 -0.22253846 -0.42226163 -0.08256633 0.0392556 0.6183062 -0.66046983 0.1011404 1.166155
0.4110213 0.30279377 0.13904618 -0.44155762 1.1768708 0.70738447 0.5030823 -0.012695959 0.0
