0.10442027 -0.2567785 0.23229808 1.1628357 0.018702492 -0.46456176 0.07318489 1.3305743 0.0
-0.19647281 0.34707218 1.237729 0.48007727 0.39406338 0.1890547 0.63297826 1.590678 0.0
0.093565434 -0.08618729 0.16060798 0.0019788062 -0.12265814 0.2220214 0.18313153 0.9152631 0.74130756
0.195013 0.2523649 -0.079455376 0.2726489 0.37370053 0.25087288 0.040139843 0.4936921 0.76144797
0.09419008 0.24673624 0.078306586 -0.023177184 0.33987963 0.2350372 -0.033843532 0.11115072 0.8376001
0.8564298 0.22655775 0.30874348 0.46165973 0.10924239 0.22922926 0.71047664 0.92779624 0.0
0.07495303 0.15187001 -0.19078821 0.21587016 0.0745933 0.20344205 0.27546698 0.07783373 0.8761864
0.117526345 0.18839133 0.016677156 0.24154268 0.28436172 0.4468762 0.22475068 0.120748326 0.6521164
-0.11628151 0.30099133 0.13764377 -0.059480593 0.2760731 0.04948961 0.26480794 -0.07277564 0.861705
0.16950476 0.08352303 0.056154903 0.55178726 0.061383147 0.58584374 0.62888134 0.6504909 0.0
-0.120040074 -0.045087643 -0.20285118 -0.04917118 0.18770611 0.11285748 0.11310299 0.327419 0.9092788
-0.26544532 0.17487696 -0.030770699 -0.09320577 0.20679043 0.27966967 0.2956587 -0.24706733 0.8609682
0.23359515 0.08941012 -0.3022362 -0.055618495 0.24536425 0.17416164 -0.006068604 0.18845789 0.876786
0.36802688 0.12154194 0.18040808 0.23942332 0.3466846 0.6047838 0.024009444 0.6144958 0.0
-0.02988474 0.0056082164 -0.21746102 -0.23771778 -0.008737402 0.32070965 0.07347987 -0.014796726 0.95172054
-0.014086716 0.27635077 -0.03462026 0.012153697 0.2295889 0.28092435 0.05331341 -0.06253458 0.9022161
-0.070693 0.1966953 -0.1313588 -0.25407246 0.23206384 0.13136908 0.12950595 0.108624905 0.7628015
-0.019530209 0.22976758 0.46654147 0.44974497 0.31891814 0.06755004 0.6959314 0.30149278 0.0
0.07527154 -0.05319261 -0.18228042 -0.028077962 0.20666079 -0.005403191 0.06918977 0.243999 1.0497168
0.13863157 -0.18014401 0.017563805 0.13089712 0.120573334 -0.10845007 0.3629398 0.037337307 0.9479321
0.2405095 -0.21943758 -0.15286602 0.1885776 0.10613813 -0.07099641 0.04171137 0.43899447 0.8754968
0.6434537 0.5773966 0.2932193 -0.22644803 0.90300566 0.64098 0.5615255 0.28018606 0.0
