-0.6526981 -1.403071 -1.3881724 -0.87083 -1.0868032 -0.97875106 -0.1385753 5.2322383 0.0
-0.7833575 -1.4521064 -0.015174486 -0.88184166 0.18886203 -1.2423446 -0.7863039 5.112996 0.0
-0.25583124 -0.6471912 -0.5704793 -1.0191473 -0.2531696 -0.9953539 -0.014646223 3.9978614 -0.99622184
-0.105733514 -0.4574899 -0.3670158 0.016716342 -0.17800257 -0.5670854 -0.17247969 0.19054158 2.0250344
0.09903055 -0.21428134 -0.05150352 -0.17124212 0.37277576 1.0025555 0.16362067 -0.7116617 0.15771008
-0.897869 -0.5824834 -0.3598092 -1.0006249 -1.0632969 -1.0526304 4.601799 -0.79027 0.0
0.61848724 0.08004373 -0.757369 -0.18459919 -0.38952348 -0.50105906 -0.34432322 0.38321796 1.8191414
0.15833028 -0.37809157 -0.096220106 0.4830882 0.022511896 0.30183288 -0.06950766 -0.27634227 0.46967745
-0.84072226 -0.63698053 0.026710246 0.081233986 -0.5245401 0.7204639 0.21391146 -0.0015375542 1.3551145
-1.124824 -1.4474523 -0.74160314 -0.25359505 -0.38562122 -0.5441446 0.5632419 3.359259 0.0
-0.16834036 -0.83069396 0.6625765 0.22767544 -0.92776495 -0.15952581 -0.18280222 0.33661273 1.6055609
-0.6092832 -0.2511283 -0.24943538 -0.45447487 -0.46059793 -0.48538518 -0.12589784 0.123410195 2.7580543
0.37354296 -0.21595109 -0.6660317 -0.35811642 -0.07274647 -0.4259527 1.0778221 0.24783577 0.87237364
-0.70070636 -0.63283145 -1.3128915 0.08234605 -0.19716509 -0.3871222 0.43038782 2.7031295 0.0
0.017506897 0.45025116 0.43876964 -0.7280351 -0.70168257 -0.052642807 -0.300597 -0.10455596 1.615797
0.37811297 -0.30821174 0.24167162 0.056470685 -0.32897556 -0.13274144 0.5762313 -0.42482936 0.9844807
0.27981797 0.28161323 0.26782233 -0.294061 -0.74883026 -0.16017444 -0.26592603 -0.4791453 1.7361007
-0.6581849 -0.6159998 -0.6276838 -0.87779045 0.33516896 -1.2582247 2.893468 1.0259584 0.0
0.0014905361 -0.35923812 0.43210676 -0.11418939 -0.32625762 -0.11467287 0.3799492 0.33967918 0.19073017
0.09730817 -0.7593293 0.32726243 -0.30080593 -0.23621732 0.02958122 0.7371457 -0.066001 0.82316226
0.11713607 -0.18781134 -0.60747916 -0.08893258 -0.22101745 0.67981976 -0.7541015 0.067466356 1.5021985
0.41789448 0.56159216 0.278784 -0.14528993 1.0940547 0.42910615 0.20466042 -0.012456449 0.0
