-0.6111775 -1.3635223 -1.2398269 -0.87239087 -1.0837384 -0.70227426 -0.12943064 5.221798 0.0
-0.41918078 -1.4360155 0.30185553 -0.62795 0.15956593 -0.92986715 -0.9716505 4.797269 0.0
-0.22451776 -0.5516811 -0.41847026 -0.8929505 -0.24134481 -0.6494033 -0.012414509 3.9121892 -0.9723933
-0.32330966 -0.05598713 -0.34471634 0.014818186 -0.24588025 -0.5671818 -0.13943438 0.21398343 1.8573917
-0.20691216 -0.19326237 -0.030277437 -0.27216598 0.28846902 1.1817993 0.4532013 -0.59231716 0.30224907
-0.6823486 -0.5141791 -0.3487889 -0.78942496 -0.72249275 -0.7534938 4.4887323 -0.7645099 0.0
0.3976155 0.06781785 -0.47187385 -0.13397455 -0.49890956 -0.39529276 0.03250512 0.24563557 1.5260218
0.058028117 -0.3105657 0.06717569 0.44856238 0.28096718 -0.0033365078 -0.05633415 -0.21840136 0.40828675
-0.5990344 -0.23066264 0.02242172 -0.22966489 -0.638012 0.68000555 0.15823892 -0.00733955 1.7104504
-1.0411993 -1.2226758 -0.61555207 -0.22603041 -0.3638394 -0.5033805 0.49166855 3.3521402 0.0
-0.10698329 -0.79151237 0.5603939 0.21863711 -0.8289029 -0.082684405 -0.41812354 0.40315762 1.5696924
-0.54006755 -0.16022867 -0.14383884 -0.25833791 -0.3231297 -0.26907027 -0.3853169 0.116077475 2.676565
0.38818756 -0.13776524 -0.5467329 -0.18543838 -0.065865114 -0.4367591 1.1642178 0.2005466 0.5889113
-0.39763546 -0.5638992 -1.4196714 0.1217196 0.23006862 -0.3651635 0.110523544 2.5412548 0.0
-0.26379544 0.062549986 0.69826114 -0.41258 -0.52353644 0.18884292 -0.4872424 -0.06512359 1.8217621
0.33805877 -0.22391766 0.19440496 0.04182912 -0.6042582 -0.10869616 0.53291523 -0.04406109 0.827852
0.2133704 0.22107498 0.25742358 -0.23700105 -0.44837785 -0.1332268 -0.20717414 -0.46004885 1.4958422
-0.25714043 -0.54022247 -0.4865385 -0.79599553 0.32290643 -1.2774184 2.8851278 0.8316705 0.0
-0.050510414 -0.29134914 0.5538189 -0.09432862 -0.29993165 -0.10470567 0.32555285 0.3119971 -0.048250873
0.34331548 -0.7764248 0.2592122 -0.24056688 0.047015227 0.073888294 0.5154739 -0.05049405 0.7323469
0.09911409 -0.2214237 -0.39195496 -0.081365995 0.038641103 0.6063256 -0.34272206 0.10063856 0.8534102
0.40914038 0.30229744 0.13692187 -0.43958583 1.1749746 0.7043093 0.5025275 -0.012595686 0.0
