-0.55701697 -1.310469 -1.0597732 -0.86495745 -1.0794978 -0.44273716 -0.117659286 5.2033257 0.0
-0.17553934 -1.4139781 0.30072284 -0.39169785 0.12625435 -0.62176955 -0.8661694 4.779731 0.0
-0.18668199 -0.44193566 -0.27201268 -0.7431966 -0.22583953 -0.3586461 -0.009866793 3.796192 -0.9402609
-0.32170182 -0.055708606 -0.33431306 0.011904165 -0.13589701 -0.54958415 -0.103429005 0.1865272 1.7037717
-0.2050318 -0.16722031 -0.023634797 -0.23148 0.2733407 1.0360593 0.4490433 -0.45900106 0.268392
-0.5536074 -0.43240067 -0.33404875 -0.5679012 -0.42225122 -0.47347912 4.354113 -0.730139 0.0
0.21807463 0.03838862 -0.24433707 -0.08577765 -0.36359876 -0.28433415 0.023421943 0.13230489 1.2017661
0.040876724 -0.23628834 0.058139276 0.6501003 0.24406826 -0.0030813501 -0.32265562 -0.15683353 0.38280493
-0.37405297 -0.2110849 0.021737127 -0.22795331 -0.5772888 0.6223893 0.10406398 -0.006099487 1.6979783
-0.93529725 -0.96713746 -0.47519693 -0.19264886 -0.33562467 -0.4517962 0.47796747 3.2697132 0.0
-0.04631638 -0.7139406 0.43596765 0.20671886 -0.7085383 -0.37097162 -0.3979412 0.70619434 1.4876304
-0.4966559 -0.085742384 -0.14044456 -0.12062019 -0.19652629 -0.11833619 -0.35121703 0.10662839 2.6155794
0.26676175 -0.0737041 -0.4156007 -0.07815372 -0.055376675 -0.42560875 1.2259736 0.14965704 0.42616025
-0.38483295 -0.41302893 -1.2901679 0.120524 0.22579603 -0.37297675 0.10750894 2.5196908 0.0
-0.24658349 0.057055995 0.6520911 -0.2615725 -0.34818184 0.15312725 -0.3835667 -0.035392597 1.6633247
0.2818327 -0.1435721 0.1423061 0.029434172 -0.5927536 -0.08402428 0.4781831 -0.043134354 0.75567067
0.09548215 0.13978459 0.24323243 -0.15362248 -0.21953414 -0.10312962 -0.14603077 -0.434623 1.2376384
-0.21240851 -0.45016068 -0.34149665 -0.6947568 0.30318376 -1.248054 2.82553 0.7610247 0.0
-0.034721963 -0.2177777 0.51007205 -0.08641453 -0.2668079 -0.094596155 0.26202765 -0.008271755 0.26558465
0.30930668 -0.66459274 0.18974695 -0.1763501 0.028964669 0.041670438 0.47814274 -0.035296615 0.67285615
0.07858611 -0.21252052 -0.21307462 -0.07218679 0.03396566 0.51670396 -0.33142322 0.09662973 0.8275042
0.39408863 0.29827175 0.12042327 -0.4237992 1.4244438 0.39533862 0.49379745 -0.011805326 0.0
