-0.8368501 -0.7820481 -1.5023448 -0.1797733 -0.9260993 -1.2268252 -0.32698157 4.706547 0.0
-1.0511528 -0.93099624 0.050210044 -1.1108319 -0.21168178 -1.642207 -0.5715193 4.8740187 0.0
0.0014186283 -0.70754814 -0.8277715 -0.86240226 -0.91609985 -1.1319103 -0.1070921 4.0167265 -0.5378785
-0.6463405 -0.35858622 -0.15651661 0.24737245 -0.5007398 -0.35125738 -0.46046388 0.35039523 1.8446624
-0.058867842 -0.21197823 0.13001487 -0.34352323 0.31614962 0.3606698 -0.12696083 -0.6060675 1.1635112
-0.83509797 -0.59882945 -0.07933068 -1.0980556 -1.2099384 -1.3179318 4.277685 -0.389111 0.0
0.26403818 0.37218103 -0.68198085 -0.05285451 0.06671827 -0.44976667 -0.6455145 0.37917778 1.4090011
-0.15867946 -0.16834709 -0.40070054 0.49978358 -0.2998579 0.5636497 -0.27964714 -0.029839858 0.882141
-0.9158747 -0.5642992 0.028877107 0.29156348 -0.17391309 0.26476046 0.06325469 -0.5756298 1.7550814
-0.6991076 -1.4808992 -0.70376885 -0.6471432 0.044892274 -0.521265 0.63893086 3.023599 0.0
-0.008703755 -0.54542315 0.10166487 -0.31462085 0.26455945 -0.2031914 -0.43975616 -0.35184425 1.8977933
-0.04238553 -0.35451496 -0.5478656 -0.36190677 -0.46435556 -0.5827327 -0.28647342 -0.23718995 2.7969859
0.11888756 -0.27861518 -0.17496155 -0.5565785 -0.20301458 0.25851506 0.49882656 -0.13353825 1.191845
-0.42008644 -0.46200904 -1.3335807 0.047567166 -0.41017452 -0.0072981436 -0.24360245 2.660859 0.0
0.3061849 0.40182844 -0.08161442 -0.51402634 -0.28740662 -0.46307284 -0.3627803 0.073623 1.4783431
0.116806336 0.026887037 -0.121835664 -0.13041864 -0.087494366 0.41717166 -0.17101619 -0.39263064 1.4451753
0.15260185 -0.14427908 -0.24184807 -0.28053108 -0.5462816 -0.2456506 -0.11824588 0.09656847 1.8603987
-0.7302519 -0.4127274 -0.60975856 -0.7419712 0.10699009 -1.2100137 2.9008348 0.52631426 0.0
-0.14487377 -0.19780307 -0.3022547 -0.09205039 0.060562618 -0.37239432 -0.08989903 0.8923187 0.5172549
-0.34164822 -0.65804696 0.24208793 -0.07035222 -0.2148454 -0.16876921 0.03974003 0.17191374 1.4414928
-0.3581285 -0.84103817 -0.60967326 -0.07873562 0.113127 0.18945405 -0.3360251 0.26171094 1.894641
0.29048437 0.6717412 -0.13693276 -0.692298 0.9103258 0.93060505 0.1283789 0.24821882 0.0
