-0.6490436 -1.3990399 -1.372477 -0.8772416 -1.0864954 -0.94661146 -0.13767765 5.2338033 0.0
-0.7356279 -1.450479 -0.014392016 -0.8522341 0.18568662 -1.2066588 -1.0465002 5.143207 0.0
-0.25301662 -0.63687736 -0.55297506 -1.005683 -0.25195408 -0.9535079 -0.014405079 3.989242 -0.9937978
-0.104193516 -0.44048104 -0.35163108 0.01707519 -0.36045548 -0.57895 -0.1691056 0.23381847 2.0070002
0.098631464 -0.21225454 -0.045388833 -0.29975745 0.31050834 1.2622328 0.1624545 -0.69864106 0.15611795
-0.88376224 -0.5752198 -0.3586847 -0.97704387 -1.0227616 -1.0178201 4.5916405 -0.7876391 0.0
0.5922225 0.07681295 -0.72218376 -0.17874095 -0.37647182 -0.48925114 -0.32360548 0.36646336 1.7879195
0.15422305 -0.37068266 -0.09471038 0.4760686 0.25427136 0.29612717 -0.067844406 -0.27069303 0.28159255
-0.81243116 -0.60533935 0.023074154 0.080789804 -0.52011365 0.71582806 0.20752683 -0.0024082044 1.3430716
-1.1161216 -1.4230827 -0.72783446 -0.25067618 -0.38337174 -0.5398984 0.5621435 3.3530416 0.0
-0.16084254 -0.84857506 0.65064484 0.22675201 -0.9176016 -0.14932147 -0.1583813 0.32363015 1.5994183
-0.6106627 -0.2400352 -0.14609015 -0.43015248 -0.44432667 -0.45743826 -0.11116154 0.12264497 2.6518161
0.49416053 -0.20641407 -0.65295124 -0.33645838 -0.07369528 -0.44434503 1.0877727 0.24238108 0.8474471
-0.7216499 -0.625531 -1.2733064 0.12249749 -0.08156187 -0.38485414 0.42881593 2.6546407 0.0
-0.27292752 0.15229717 0.7272769 -0.7014899 -0.6812745 -0.051193718 -0.28160256 -0.09612158 1.8756996
0.3803131 -0.2985067 0.23662046 0.055052623 -0.33284387 -0.13025281 0.5716701 -0.41776615 0.9776875
0.3171935 0.27475873 0.26683804 -0.3135798 -0.71144336 -0.15723386 -0.25927982 -0.47731084 1.7113693
-0.63508856 -0.6079505 -0.6118068 -0.86931556 0.33731207 -1.2967811 2.9243844 1.0187624 0.0
-0.065686144 -0.35174996 0.5826034 -0.099341065 -0.32355103 -0.112047866 0.37452766 0.3370273 -0.052285846
0.09515374 -0.7546787 0.317244 -0.29411998 -0.21807285 0.028355872 0.7314542 -0.06366065 0.8210963
0.115183584 -0.21013966 -0.5812959 -0.08792566 0.04195238 0.6718433 -0.7419415 0.08994579 1.2343317
0.41675976 0.5848672 0.19072784 -0.14296514 1.0890783 0.4257967 0.20170896 -0.013135711 0.0
