-0.6372772 -1.3881327 -1.3306692 -0.87576264 -1.0856549 -0.8644062 -0.13511355 5.230146 0.0
-0.6199582 -1.4460611 -0.012460766 -0.7766107 0.17731486 -1.1146733 -1.0232941 5.1277657 0.0
-0.24398035 -0.6096515 -0.5080175 -0.9699449 -0.2486766 -0.8483417 -0.013767703 3.9656308 -0.9872336
-0.00975173 -0.39723697 -0.34951076 0.016354267 -0.3210498 -0.5752968 -0.15952826 0.2276416 1.9292922
-0.20208462 -0.20628566 -0.0338507 -0.29276276 0.29555863 1.2540118 0.46181998 -0.66440904 0.15411498
-0.84649426 -0.5559135 -0.35564336 -0.9156617 -0.9201249 -0.9288255 4.5641203 -0.7805262 0.0
0.5262163 0.08259917 -0.63448733 -0.16374984 -0.34304535 -0.458513 -0.2733164 0.32447958 1.6994663
0.06794335 -0.35125118 0.07169365 0.45784855 0.29948542 -0.0034422912 -0.06405558 -0.2535754 0.4304627
-0.74049556 -0.24048729 -0.2711407 0.079589665 -0.66746384 0.707686 0.19109473 -0.00797772 1.4952686
-1.0927653 -1.358841 -0.69165426 -0.24290399 -0.37731844 -0.5285124 0.5589569 3.3363667 0.0
-0.14207247 -0.83078694 0.6192318 0.22423199 -0.88965666 -0.124766886 -0.15522899 0.108072996 1.6098977
-0.5608525 -0.21226673 -0.14539553 -0.3638402 -0.40417197 -0.3892606 -0.09868019 0.12060521 2.627865
0.4596133 -0.18252695 -0.6186113 -0.28391665 -0.07121846 -0.44188032 1.0821577 0.22880283 0.8151774
-0.4035728 -0.606093 -1.4643662 0.122262426 -0.07557447 -0.37875137 0.11191055 2.6890175 0.0
-0.27194053 0.06519585 0.7201611 -0.5067528 -0.62907135 0.20773926 -0.5426819 -0.08567625 1.897941
0.3669218 -0.27350533 0.22279072 0.049000047 -0.3166438 -0.122059494 0.55958563 -0.39871666 0.95941776
0.3062807 0.2583391 0.2640875 -0.28807485 -0.6182306 -0.14950326 -0.24250704 -0.47198942 1.6349529
-0.5762626 -0.58648413 -0.57061064 -0.8463134 0.33314624 -1.2908795 2.9124005 0.9992084 0.0
-0.059794586 -0.33215222 0.5747724 -0.0981282 -0.31617215 -0.10960785 0.35884556 0.32789323 -0.051156536
0.33553952 -0.7148007 0.29829985 -0.27667126 0.058466725 0.09560488 0.49403843 -0.05932706 0.7608613
0.11003563 -0.22555768 -0.51561993 -0.08587521 0.0409531 0.64889306 -0.7103083 0.102499574 1.2171601
0.4136898 0.30418712 0.15287973 -0.44667056 1.1813217 0.7157031 0.5054788 -0.01296899 0.0
