-0.88137466 -1.0939044 -1.2734926 0.07024144 -0.59417003 -1.241144 -0.58856905 4.2161493 0.0
-1.1018399 -1.1573753 0.09876247 -0.6830342 -0.31595254 -1.1910921 -0.5491894 4.4814725 0.0
-0.30281973 -0.37262923 -0.9949837 -0.64981174 -0.78661174 -0.9856536 -0.8699266 3.955069 -0.5782564
0.11691629 -0.33637658 -0.51457953 -0.37620014 0.4433196 0.08225138 -0.15175307 0.08877073 1.2629919
-0.15359393 0.014337727 -0.6280807 -0.4340382 0.17128508 0.7201166 -0.21782555 -0.12876159 1.1214528
-0.10294051 -0.8216362 -0.4295393 -0.94352317 -0.8551782 -0.76828396 3.5598855 -0.00096781296 0.0
-0.3181775 -0.24398807 -0.3470169 -0.16960958 0.014027679 -0.08509795 -0.2020869 0.4607506 1.5555409
-0.5984249 -0.39347032 -0.35166344 0.20086958 0.2967297 0.3262771 -0.07134097 -0.15861884 1.2191627
-0.30827966 -0.4762295 -0.14075494 0.033725325 0.16160041 -0.26368526 -0.010009213 -0.31574336 1.6613623
-0.6394609 -0.9843523 -0.9074848 -0.39197052 -0.7369001 0.09996182 1.1136522 2.520591 0.0
-0.6919244 -0.81419533 -0.021563686 -0.29701465 0.4489086 -0.26464358 -0.17037593 -0.28965405 2.2885025
-0.37146056 -0.04384042 -0.71498674 -0.018201066 -0.25938743 -0.5798082 0.24490865 -0.07855059 1.8864172
-0.3257368 0.13284416 -0.64784163 -0.15842547 -0.31089795 -0.0992827 -0.00985573 0.041367564 1.7592528
-0.12534656 -0.52596587 -0.61140656 -0.4167861 -0.6502347 -0.44901988 -0.73629606 3.0127645 0.0
-0.13426107 -0.47341785 -0.38288453 -0.66578525 -0.29789266 0.13164592 -0.12078505 0.3910268 1.9070959
-0.3469994 -0.19197467 -0.3956651 -0.42342067 -0.1800771 0.023967598 0.10971652 -0.46642032 2.3500834
-0.15692438 -0.7318314 -0.03476325 -0.117273115 -0.68766457 0.076165915 -0.17292197 -0.05032732 2.1031811
-1.1225853 -0.3294021 0.021585058 -0.43514925 -0.3604377 -1.1342868 2.7733746 0.3340581 0.0
0.053784344 -0.3477084 0.63843805 -0.30616394 -0.21608575 -0.20585954 0.4545444 0.03369849 0.42019874
-0.13834697 -0.12479191 0.0507297 -0.2845449 -0.052284203 -0.3073874 -0.1865335 -0.22746761 1.5012984
-0.32537276 -0.28481826 -0.6841461 -0.48223054 0.45617935 -0.17870057 -0.42195883 0.12324902 1.8854855
-0.1399224 -0.20222293 -0.29562786 -0.9508355 2.7367277 -0.3361879 -0.4051546 -0.6569563 0.0
