-0.83914334 -0.78826857 -1.5045067 -0.18005292 -0.92883706 -1.2318288 -0.32895705 4.7113957 0.0
-1.0607796 -0.94210786 0.05037441 -1.1140344 -0.212258 -1.6473837 -0.57324237 4.881252 0.0
0.0013922411 -0.7075986 -0.77469 -0.861046 -0.914599 -1.0122298 -0.12008926 3.9820802 -0.54048806
-0.63400847 -0.37264064 -0.19823202 0.2510426 -0.5057502 -0.36901292 -0.5027625 0.33368143 1.8988566
-0.02546881 -0.2217642 0.1367858 -0.37362158 0.30525246 0.38209543 -0.12192627 -0.6111222 1.1587783
-0.8370457 -0.44544134 -0.06567966 -1.0986395 -1.2162482 -1.3200259 4.1676345 -0.3808403 0.0
0.24568534 0.34641448 -0.67929107 -0.02042465 0.07661596 -0.41106036 -0.65126556 0.38051274 1.3787311
-0.20923632 -0.17056832 -0.42504212 0.512066 -0.30136698 0.58435214 -0.35464516 -0.0019745575 0.9259988
-0.9300472 -0.5755792 0.021582326 0.25571352 -0.16774154 0.24448425 0.04919893 -0.5728185 1.8179963
-0.5031833 -1.3171208 -0.7061118 -0.6473488 -0.11285503 -0.44406554 0.6696861 2.864333 0.0
-0.078795105 -0.5339119 0.11297799 -0.32412398 0.2432208 -0.19605407 -0.32659924 -0.37377444 1.8909304
-0.045444444 -0.35116047 -0.6304669 -0.31709573 -0.41290072 -0.5463138 -0.08273157 -0.25539947 2.620234
0.036645427 -0.25210187 -0.17325531 -0.58765024 -0.19334388 0.31079346 0.50522816 -0.09292081 1.1522262
-0.48232108 -0.45318848 -1.3410262 0.010679042 -0.5276089 0.015471692 -0.19582093 2.723737 0.0
0.32630664 0.41290605 -0.16236614 -0.534872 -0.29031214 -0.44087037 -0.4202025 0.017192215 1.5901939
0.14012457 0.016905893 -0.13085528 -0.21500218 -0.0887217 0.36420667 -0.13015701 -0.37010595 1.4872494
0.15681975 -0.15085016 -0.26442754 -0.33538562 -0.514689 -0.28927737 -0.04261614 0.17537025 1.865981
-0.7406768 -0.2540299 -0.6127109 -0.736258 0.120817736 -1.180646 2.819749 0.52781653 0.0
-0.059896804 -0.173593 -0.29191536 -0.036655795 0.057990283 -0.36688042 -0.08317521 0.81768006 0.481177
-0.36809722 -0.63868165 0.08680884 -0.095106535 -0.31445244 -0.19693856 0.078594014 0.3757555 1.4399456
-0.36324018 -0.8517006 -0.79073 0.032013867 0.17716612 0.21855362 -0.34399244 0.22038482 1.8783083
0.32931307 0.78971946 -0.13565823 -0.71546453 0.8752593 0.8168047 0.17193702 0.18456504 0.0
