-0.5490692 -1.1258923 -1.4695698 -0.055608828 -0.87310195 -1.1508292 -0.12414385 4.3470793 0.0
-1.0620152 -1.1636046 -0.013939668 -1.0407177 0.20103651 -1.431025 -0.5351218 4.791158 0.0
-0.18785085 -0.68865687 -0.67012614 -1.0869389 -0.30380404 -1.1118053 -0.2428353 4.030777 -0.9675447
-0.44546476 -0.3094565 -0.46875134 0.27493426 -0.3736973 -0.3300234 -0.44905475 0.11207868 2.1014063
-0.042348765 -0.14103664 0.23709945 -0.054980207 -0.0398575 0.54836327 -0.06482584 -0.53624576 0.71902263
-0.9701727 -0.61904585 -0.47097778 -1.12335 -1.3040072 -1.2370627 4.592681 -0.40198368 0.0
0.4302395 0.21204275 -0.9051787 -0.37413248 -0.12425002 -0.40607813 -0.5282736 0.3314696 1.8740847
0.029651836 -0.05478963 -0.21587205 0.29486018 -0.052000865 0.15225232 -0.078054376 0.13094226 0.6793704
-1.1695225 -0.6903203 0.2685618 0.32512087 -0.49557507 0.55616546 0.206393 -0.39645308 1.6761442
-0.9386257 -1.5717374 -0.8123157 -0.5449318 -0.10212027 -0.56331533 0.3658283 3.4413905 0.0
-0.120285854 -0.5145912 0.39323652 0.011299029 0.012402638 -0.06647644 -0.6023479 -0.16728196 1.5741316
-0.27184948 -0.50629187 -0.3453247 -0.41158238 -0.52565414 -0.64417964 -0.32961607 -0.24458843 3.0506628
0.57365555 -0.42127672 -0.57739997 -0.42816132 0.014024795 0.035322413 0.7665411 -0.122414015 0.97679687
-0.74288553 -0.6069759 -1.3779293 0.2737993 0.04085893 -0.28362912 0.5205907 2.3284907 0.0
0.16286884 0.69732475 0.0043061078 -0.77560765 -0.64725035 0.055798702 -0.46830633 -0.20715548 1.6839695
0.7259593 -0.087244876 -0.31340307 0.1043231 -0.11274779 -0.21003316 0.32392314 -0.7507768 1.3038865
0.15391201 -0.13651729 -0.414667 -0.3642817 -0.7767049 -0.13553311 0.078789525 -0.12603283 2.0093808
-0.75267303 -0.7697508 -0.71717 -1.0474933 0.19490509 -1.1781942 2.893968 0.8073035 0.0
-0.11691903 -0.055609338 -0.24827266 -0.106856085 -0.100817166 -0.48698676 0.32216772 0.97221935 0.180986
-0.29395032 -0.7046906 0.14511226 -0.11494657 -0.35562256 0.02019124 0.16203767 -0.007243887 1.6198671
0.058732715 -0.34047362 -0.6487098 -0.00072902197 0.15890563 0.3746686 -0.26347956 -0.05504515 1.3679019
0.02353086 0.68534195 -0.00477942 -0.6539515 0.9370831 0.6340611 0.20784113 0.65844387 0.0
