-0.6166912 -1.0615811 -0.75460637 0.43356025 -0.6689912 -1.0472522 0.09582774 3.2856781 0.0
-1.0797476 -0.8875936 0.31278533 -0.66112095 -0.111839116 -1.1014174 0.06781288 3.845611 0.0
-0.13196915 -0.39217854 -0.7208937 -0.34902072 -0.6961026 -0.78515726 -0.2224065 3.032248 -0.11099759
-0.112968884 -0.34984994 -0.77900636 -0.05635261 0.69734776 -0.14597094 -0.21443912 0.25846136 1.2794458
-0.19950123 -0.54669994 -0.3358432 -0.19425015 0.41322798 0.28381422 -0.24660832 -0.2655324 1.4998995
0.43647704 -0.79729754 -0.26099944 -0.767349 -0.72772825 -0.5850802 2.9774277 0.09984363 0.0
-0.27722877 -0.3767468 -0.34637576 -0.2024178 -0.23842634 -0.043402605 -0.14771418 0.38589358 1.8209474
-0.018880788 -0.19915658 -0.38294187 -0.09243827 -0.10580988 0.41795513 0.15530236 -0.12133604 1.0026432
-0.23888354 0.0010906889 -0.5003174 -0.20906541 0.27005738 -0.3792183 0.024708886 -0.1621254 1.5342493
-0.485535 -0.8293235 -0.5513546 -0.43848926 -0.41720498 0.4489785 1.4252197 1.674111 0.0
-0.2985171 -0.60366446 -0.38403648 -0.31742314 -0.14009182 -0.12598597 -0.2401706 -0.2334168 2.4066324
-0.45507914 -0.51124656 -0.27325708 0.038639836 -0.43044883 -0.20366229 -0.01077515 -0.14126275 1.9679731
-0.45556486 -0.24614595 -0.114706956 -0.5174065 -0.3349668 -0.21669929 -0.08445161 0.32319418 1.8859338
-0.11865101 -0.35791 -0.28352422 -0.34874943 -0.4314684 -0.12785774 -0.46311182 2.3853312 0.0
-0.2591854 -0.4822288 -0.30750564 -0.4214857 -0.3627795 -0.02414509 -0.15617375 -0.11626748 2.171952
-0.44914836 -0.24742791 -0.37647074 -0.6520659 -0.26634705 0.0025739716 -0.34627077 -0.34018886 2.6943967
-0.514168 -0.4937752 -0.31305832 -0.052168302 0.053806946 -0.13108838 -0.115034394 0.1407986 1.9942875
-0.53247166 -0.40437904 0.26180694 -0.45669362 -0.6828463 -0.8710988 2.4026706 0.49412885 0.0
-0.42305472 -0.4855808 0.1536829 -0.33960244 -0.029930517 -0.096052706 0.0020532038 0.223594 1.1780406
-0.27986914 -0.7025733 -0.089467004 0.22819637 -0.23176226 -0.3110892 -0.21669409 0.1525206 1.5843455
-0.24800181 -0.37256113 -0.6145596 -0.197337 -0.22347116 -0.49828845 -0.13226551 0.5730021 1.7435062
0.109967016 0.13675705 -0.15675956 -0.986296 2.310307 0.12981921 -0.44755 -0.9332563 0.0
