-0.56192034 -1.1086881 -0.65549684 0.3835969 -0.820647 -1.1634831 -0.29486498 3.4329636 0.0
-0.9269602 -0.35686746 0.82666737 -0.7619853 0.19806632 -0.5774834 0.44292873 2.9318662 0.0
-0.5481147 -0.630797 -0.43124107 -0.06532734 -0.59810054 -0.3715748 -0.6172216 2.8451533 0.086468436
-0.2810948 0.019740703 -0.52470213 -0.0057889433 0.28226015 -0.23011093 -0.09154505 0.18053101 1.4269139
-0.105974324 -0.5756825 -0.6281966 0.31781632 0.28079236 0.3488227 -0.16999897 -0.36799622 1.2699063
0.8168991 -0.788203 0.07573062 -0.506672 -0.5588496 -0.43936053 2.3098567 0.32543346 0.0
-0.05806151 -0.7276454 -0.5688038 -0.17275755 0.06705314 -0.036662266 -0.18026607 -0.1646469 2.0966146
-0.19750005 0.16569261 -0.15240991 0.12239827 -0.25401106 0.04670365 0.32191896 -0.04907876 0.906166
-0.35965326 -0.11893009 -0.5052736 -0.4862369 0.3294418 -0.35134032 -0.10042587 0.08172673 1.766037
-0.24573357 -0.47825578 -0.5813931 -0.4150758 -0.4570308 0.37585518 0.8800338 1.9721203 0.0
-0.46231097 -0.5868024 -0.4719702 -0.4075552 -0.11766864 -0.019693952 -0.20460564 0.12593713 2.2527177
-0.18189538 -0.18614846 -0.42526194 -0.3770739 -0.41455403 0.040596407 0.03540933 -0.042714518 1.7697564
-0.17982756 -0.7331702 -0.11667284 -0.22219548 0.019828144 -0.22826707 -0.11671003 0.15418635 1.8335322
-0.40949586 -0.6912053 -0.32788727 -0.21516587 -0.08785345 -0.061377663 -0.18484284 2.4259558 0.0
-0.34478512 -0.29648945 -0.5746925 -0.23495528 -0.13439308 0.18994454 -0.10277292 -0.26692373 1.8052248
-0.29957104 -0.16237785 -0.25250787 -0.39981517 -0.11307993 -0.4898185 -0.17309508 -0.27212143 2.33353
-0.40539488 -0.5309749 -0.47492918 -0.11138924 -0.37760964 -0.28202087 -0.2857834 0.22622596 2.326132
-0.45513126 -0.40343446 0.049432363 -0.06999372 -0.42900965 -0.8802684 1.4156524 1.4136695 0.0
-0.46009654 -0.51804584 0.13419455 -0.04789998 -0.007076657 -0.024615632 0.11034815 0.23432447 0.8876982
-0.052163247 -0.5322879 0.070597135 0.033157837 0.10923634 -0.2347688 0.0816535 -0.13133723 1.0752531
-0.3840456 -0.4652525 -0.37752253 -0.12673807 0.19147189 -0.06487337 -0.15132411 0.23470962 1.4131874
0.45929846 0.23478281 -0.46551877 -0.8143237 1.7657825 -0.06653382 0.12872647 -0.2601116 0.0
