-0.5706651 -1.3241055 -1.1040565 -0.8668902 -1.0806019 -0.49939075 -0.12062274 5.2081375 0.0
-0.2203527 -1.4196937 0.30101883 -0.4430495 0.13420911 -0.6906248 -0.89252895 4.7842975 0.0
-0.1958909 -0.46826693 -0.30438206 -0.77965695 -0.22978555 -0.41877323 -0.010476238 3.8261123 -0.9485387
-0.32212043 -0.055781122 -0.33699608 0.012604121 -0.15865254 -0.5541211 -0.111814216 0.19333088 1.7425737
-0.20552061 -0.17365545 -0.0252128 -0.2414684 0.27720866 1.07225 0.45012414 -0.49058002 0.2768405
-0.5846476 -0.45239052 -0.3378325 -0.61886835 -0.48580036 -0.5345204 4.388831 -0.7389527 0.0
0.25510162 0.04453967 -0.29015055 -0.096365884 -0.39523557 -0.3098646 0.025914928 0.15550385 1.2790359
0.044790857 -0.2537584 0.060372457 0.6666562 0.2531999 -0.003145967 -0.3314567 -0.1709906 0.38929465
-0.42297634 -0.21602595 0.021913657 -0.22839853 -0.59254795 0.6369315 0.116093986 -0.0064012473 1.7012227
-0.96183854 -1.0281163 -0.50839406 -0.20085064 -0.34276667 -0.4647204 0.4815039 3.2910154 0.0
-0.054589618 -0.73423797 0.46548578 0.20976368 -0.738143 -0.3713072 -0.40310994 0.7068321 1.5086133
-0.5076322 -0.10094892 -0.1413221 -0.14716674 -0.22376733 -0.14665683 -0.3598106 0.10901654 2.631351
0.29420117 -0.0867811 -0.44643125 -0.09794394 -0.057940267 -0.42848948 1.2326378 0.16153638 0.4300732
-0.38814735 -0.43019778 -1.3227654 0.12083473 0.22690275 -0.38087884 0.10828725 2.5253015 0.0
-0.25096202 0.05844089 0.6638334 -0.29461434 -0.38729325 0.16173704 -0.4082751 -0.041501448 1.7032655
0.29553127 -0.16123325 0.15545386 0.03226165 -0.5957331 -0.08986309 0.49189454 -0.043439575 0.77386874
0.117797814 0.17119981 0.24685703 -0.17203037 -0.26453975 -0.110252194 -0.15998764 -0.44111663 1.2928396
-0.22326861 -0.47209868 -0.37454784 -0.7198556 0.30820936 -1.2556477 2.840955 0.77885365 0.0
-0.038290385 -0.23496278 0.5211393 -0.08841268 -0.27507916 -0.09713533 0.2772975 -0.008278281 0.26579416
0.31746462 -0.6918229 0.20584084 -0.19123639 0.03286905 0.04839225 0.48761213 -0.0387543 0.6878926
0.08349211 -0.21480778 -0.24983026 -0.074476615 0.035127908 0.5387223 -0.3340292 0.09765978 0.83388525
0.39796054 0.2993166 0.12444223 -0.42786163 1.4267278 0.39608946 0.49605986 -0.012006585 0.0
