-0.6204569 -0.97630686 -0.7538214 0.43623725 -0.8108706 -1.1259121 -0.2986735 3.4258528 0.0
-0.90192443 -0.36524042 0.75833946 -0.6817192 0.079800695 -0.5811504 0.51555806 2.9321878 0.0
-0.5257744 -0.5979423 -0.4173635 -0.19271202 -0.44773883 -0.3759161 -0.65891576 2.8871846 0.01692318
-0.2603338 -0.022369662 -0.58573383 -0.049567796 0.34226462 -0.23743524 -0.12270302 0.20954609 1.4522063
-0.111045964 -0.564863 -0.5492841 0.22161794 0.3208568 0.30269817 -0.13414775 -0.34944677 1.2631832
0.8134969 -0.76809716 0.14296658 -0.51881564 -0.5802794 -0.37646034 2.206711 0.3704792 0.0
-0.14276624 -0.893471 -0.60544795 -0.00022594474 -0.037853155 -0.06525575 -0.25607902 -0.13918363 2.2234688
-0.18214859 0.057566002 -0.20477751 0.06802348 -0.28483957 0.18924056 0.25200933 -0.11868607 1.0343225
-0.30690375 -0.08443809 -0.5372296 -0.4965706 0.27055803 -0.40950826 0.022066303 0.09967629 1.7171137
-0.2847146 -0.6245099 -0.5719114 -0.46650103 -0.571516 0.48023683 0.7882744 2.1326702 0.0
-0.43377504 -0.5691093 -0.45002556 -0.41996056 -0.15561105 -0.13148187 -0.27046964 0.062683314 2.365651
-0.2534462 -0.16966628 -0.5451707 -0.3553966 -0.28031346 -0.11298841 0.116878435 -0.0086435145 1.8190982
-0.24198276 -0.7311531 -0.12946963 -0.28806406 0.06583761 -0.2663862 -0.12564363 0.26565138 1.8243568
-0.28387365 -0.6984079 -0.18638659 -0.2007406 -0.1311872 0.10504588 -0.036558352 2.1240678 0.0
-0.4471851 -0.20364314 -0.53826755 -0.3377241 -0.10463889 0.1496702 -0.14380975 -0.3550455 1.9191146
-0.3650761 -0.1937265 -0.4062424 -0.4306086 -0.07174558 -0.5226545 -0.18920158 -0.3907515 2.5335152
-0.36268213 -0.5676639 -0.5958238 -0.089335814 -0.3829351 -0.35505763 -0.1988772 0.14923376 2.4137566
-0.41551256 -0.38370273 0.19672747 -0.06146223 -0.48649532 -0.8581301 1.428942 1.2649869 0.0
-0.34585163 -0.52502245 0.0618314 -0.20754024 9.854671e-05 -0.13082701 -0.021878298 0.18624327 1.1340408
0.117767975 -0.57935745 -0.09902354 0.10682723 0.068661906 -0.2964036 -0.09308993 -0.14862026 1.2493823
-0.45637456 -0.52207226 -0.43949872 -0.28979272 0.13312602 -0.13750271 -0.08746064 0.22847511 1.6961557
0.10556288 0.13907711 -0.4108701 -0.912802 2.1271415 -0.16233703 0.08689661 -0.38539436 0.0
