-0.835596 -0.7792034 -1.5012561 -0.17940648 -0.924643 -1.2242379 -0.2623207 4.6930127 0.0
-1.0463341 -0.9254443 0.05005813 -1.1085923 -0.21132413 -1.6391702 -0.5706358 4.8699074 0.0
0.0014176425 -0.7070415 -0.8270372 -0.8613979 -0.91486764 -1.144072 -0.10565214 4.0176363 -0.5361542
-0.64941186 -0.35314205 -0.16654107 0.23132466 -0.50933903 -0.34811324 -0.43977615 0.37009776 1.8356794
-0.06425256 -0.21645626 0.13453414 -0.33794117 0.31305686 0.35669488 -0.12489282 -0.59627104 1.1581041
-0.8340906 -0.61520666 -0.12045169 -1.0967066 -1.2060498 -1.3154948 4.3030224 -0.38933533 0.0
0.2641901 0.34537366 -0.70635384 -0.08319006 0.06956111 -0.45156616 -0.6594479 0.37403387 1.4863411
-0.15434824 -0.16318007 -0.39623237 0.5133449 -0.31118947 0.5509602 -0.2541359 -0.027024329 0.8601006
-0.90994257 -0.56091 0.029558865 0.30809334 -0.17779861 0.27110222 0.06678507 -0.57368827 1.7311405
-0.7461775 -1.4974203 -0.7347222 -0.64638275 0.037124656 -0.5042119 0.6340251 3.0748496 0.0
0.012134304 -0.54536325 0.106213 -0.33098176 0.266058 -0.21667287 -0.48326737 -0.33608782 1.9064945
-0.03370384 -0.35370737 -0.4553745 -0.4294126 -0.464754 -0.5843683 -0.3208484 -0.23898685 2.8142283
0.12493181 -0.28186265 -0.1784112 -0.5470061 -0.19855207 0.2361721 0.50050646 -0.15818506 1.2236942
-0.36339182 -0.41798234 -1.3299884 0.051988702 -0.38607645 -0.06316786 -0.2863274 2.650375 0.0
0.30252022 0.369822 -0.09148021 -0.5247302 -0.28044745 -0.48623347 -0.3163502 0.091546446 1.4828968
0.11426047 0.04565634 -0.12418121 -0.12484555 -0.08676044 0.41785598 -0.1841471 -0.4130581 1.4444084
0.15404738 -0.14765662 -0.23713155 -0.28015304 -0.5458176 -0.24014893 -0.12624511 0.08658309 1.8626812
-0.7275407 -0.384738 -0.6085499 -0.74323833 0.08781826 -1.210119 2.8937478 0.52615255 0.0
-0.16578387 -0.19587314 -0.39115742 -0.09795646 0.10675478 -0.37270054 -0.09030157 0.9083592 0.52335894
-0.28626916 -0.65682817 0.25772673 -0.049474597 -0.26909763 -0.15669015 0.060791537 0.111582264 1.4468061
-0.29488975 -0.8361616 -0.60147697 -0.093875825 0.10765175 0.16698197 -0.33208403 0.28277484 1.8760493
0.293699 0.6434335 -0.12919407 -0.67008847 0.90182406 0.95691186 0.12251262 0.25478277 0.0
