-0.5459594 -1.4196827 -1.4570134 -0.2410965 -0.8528576 -1.1222048 -0.14006165 4.71597 0.0
-1.0133991 -1.2773187 -0.013662087 -1.0142503 0.20244797 -1.3999003 -0.6936968 4.946236 0.0
-0.18841857 -0.6904975 -0.65151787 -1.0762177 -0.2446601 -1.1867553 0.047114193 4.0063653 -1.0061896
-0.088113815 -0.29781324 -0.41390398 -0.041639302 -0.2788042 -0.32806692 -0.3612156 0.08612761 1.9675506
0.17547643 -0.10403554 0.04806624 -0.041457772 0.12768967 0.5036312 0.027775632 -0.56068844 0.46128246
-0.95817226 -0.61321205 -0.4397525 -1.1033176 -1.2470429 -1.2060733 4.506264 -0.3988366 0.0
0.540388 0.13179418 -0.9264383 -0.35427994 -0.36327597 -0.3861568 -0.42858645 0.3160544 1.9928837
0.26116982 -0.2387177 -0.5031892 0.48387858 -0.029103367 0.13292605 -0.075588726 0.16033474 0.6275716
-1.0139649 -0.6806697 -0.02267446 0.32217088 -0.47476944 0.5273754 0.11303783 -0.3912825 1.7695577
-0.9292404 -1.5517287 -0.80117863 -0.54706335 -0.37062582 -0.4568519 0.20353216 3.6168828 0.0
-0.06619685 -0.42244607 0.4243404 0.19879813 -0.08069282 -0.019954432 -0.57129246 -0.10881031 1.3514168
-0.26694807 -0.49013057 -0.14928104 -0.40427795 -0.5338597 -0.61821353 -0.28638834 -0.23256345 2.9282448
0.39285055 -0.4073566 -0.5688633 -0.2206998 -0.07935001 0.05004059 0.85314995 -0.16644628 1.0110413
-0.735926 -0.7093597 -1.4948999 0.17477112 -0.053493697 -0.3595804 0.4941159 2.5299246 0.0
0.33813787 0.5975887 -0.14152743 -0.68964785 -0.79538924 0.06277134 -0.46093622 -0.13862713 1.6718702
0.53439504 -0.1975101 -0.16894248 -0.016984692 0.039977506 -0.4391695 0.3585115 -0.43146527 1.2859852
0.22817987 -0.17001489 -0.3955568 -0.37996894 -0.79979295 -0.103811495 0.11807942 -0.13459441 1.9264524
-0.7642645 -0.7640598 -0.716308 -1.11568 0.22268468 -1.0171868 2.7909212 0.967422 0.0
-0.108691156 -0.025240436 -0.25864774 0.32856292 -0.13843371 -0.4689905 0.38397107 0.7212959 -0.025254812
-0.29259357 -0.6817174 0.09737242 -0.18429604 -0.31114322 0.019113168 0.12099534 0.03616349 1.6532015
-0.14090817 0.06426424 -0.6190224 -0.2398012 0.17439863 0.38207603 -0.28041133 0.057321005 1.2898679
-0.016335681 0.8623573 -0.10800002 -0.63852113 1.1500531 0.5556776 0.23550344 0.25761515 0.0
