0.06803893 -0.2933443 0.22377639 1.1748964 -0.056222 -0.48789978 0.061026413 1.3801395 0.0
-0.217821 0.3265751 1.2456694 0.43390018 0.42117086 0.14617129 0.6212799 1.6307287 0.0
0.04113859 -0.12252067 0.15985988 -0.0010387712 -0.13818976 0.18090518 0.17110588 0.96692103 0.73527926
0.19158083 0.23930968 -0.108160034 0.3175418 0.35126644 0.21819691 0.024772216 0.54260206 0.75038254
0.0919305 0.19745037 0.050977413 -0.06660107 0.3458041 0.22358233 -0.020102594 0.15044798 0.8313937
0.8689793 0.12702833 0.29962102 0.4781289 0.06951482 0.2044454 0.74682796 0.95247865 0.0
0.023904638 0.09493494 -0.21415557 0.25018582 0.08436341 0.2009917 0.2935359 0.08457478 0.86652404
0.09130566 0.17195651 0.00029775564 0.28672752 0.23799461 0.41502845 0.22858223 0.14428037 0.6379967
-0.12881804 0.2834307 0.09780381 -0.032461513 0.2775678 0.037398282 0.2655006 -0.060026437 0.8469173
0.1507587 0.08343216 0.05368081 0.56798226 0.02924738 0.57705665 0.6087009 0.64820266 0.0
-0.104856975 -0.08525439 -0.21489808 -0.07184516 0.18244259 0.09383255 0.10200888 0.31491682 0.9330017
-0.28801164 0.13663052 -0.050652985 -0.083776034 0.19585466 0.28941438 0.2820688 -0.19748981 0.8571301
0.24354894 0.062607385 -0.34787387 -0.05769521 0.25796628 0.10505039 0.03436106 0.21092094 0.88883936
0.39069933 0.045391254 0.15762015 0.22238901 0.2933459 0.62501055 0.06387105 0.6334555 0.0
-0.11846021 0.022497179 -0.20157433 -0.22357543 -0.042059783 0.288233 0.099346995 -0.017016962 0.95209944
-0.042709284 0.23708981 -0.014406966 0.038043987 0.22099978 0.23747845 0.027324175 -0.04401823 0.91294897
-0.10374843 0.12469128 -0.120696545 -0.21335055 0.21603508 0.08915841 0.12060303 0.15923007 0.7615698
-0.037448954 0.21823402 0.47136277 0.44554368 0.29007822 0.027391696 0.6918886 0.343204 0.0
0.06467493 -0.06267505 -0.17045534 -0.008140932 0.14844126 -0.0075126854 0.06324444 0.22387813 1.0476991
0.08529088 -0.19707152 0.025331132 0.110609144 0.12149347 -0.10636059 0.33330873 0.089260265 0.9366766
0.18360306 -0.25463322 -0.16429043 0.19711663 0.1407222 -0.07886243 0.049565587 0.4371082 0.87615734
0.6416477 0.5556625 0.28397754 -0.240342 0.91418827 0.62815136 0.5673979 0.27752233 0.0
