6.456569 -0.09791292 -0.6583596 -1.3614604 -0.18405834 -0.86271363 -1.236806 -2.4300556 0.0
0.42111942 -0.7960301 -0.25577888 0.31555316 -0.27779981 -0.74423146 2.4337034 -0.8596105 0.0
0.08242454 -0.6148434 0.14538842 -0.26192385 -0.33513162 -0.8763754 -0.92332876 -1.2707499 4.1354823
-0.70917046 -0.579574 -0.42395678 -0.39313787 0.10953883 -0.57125753 -0.5947105 -1.1552129 4.430381
-0.9827713 -0.9249478 1.4999255 -1.2092813 -0.54040587 0.26901507 -0.5659702 -1.1826041 3.8866608
-0.21121764 -1.4687387 0.0035144365 0.96905684 -0.9436164 -0.36078778 2.8182714 -0.86552805 0.0
0.04879859 -0.977549 -0.022940328 0.18297271 -0.007876053 -0.592938 0.096051715 -0.67413646 1.9626652
0.15870576 -0.06326321 0.23264086 0.3637272 -0.4962907 -0.39800355 -0.48173523 -0.528182 1.1230007
-0.5490034 -0.52782696 0.042581834 -0.11249065 -0.28956297 0.10144075 0.039423235 -0.58261013 1.8843076
2.467561 -1.1570512 -0.2689019 -0.07925528 -0.02722932 -0.90693796 0.2045967 -0.48308527 0.0
-0.33398616 0.35580683 -0.49800992 -0.26397887 0.2647985 0.3364703 -0.57104754 -0.5708178 1.3453197
-0.2859598 -0.07101991 -0.17869544 -0.81673855 -0.49160174 -0.7525744 -0.47783688 -0.47350258 3.677069
-0.062666185 -0.4222667 -0.38417462 -0.41803122 -0.4844473 -0.49747658 -0.39107057 -0.6537145 3.6187937
0.31354955 -0.6291796 1.7843626 0.889278 -0.43736294 -0.970836 -0.25150007 -0.90168774 0.0
0.07039133 -0.5972801 -0.59373456 -0.4778778 0.23197962 -0.48731485 -0.34135023 -0.6541172 3.0244377
-0.568087 -0.6862596 -0.37992388 -1.0486263 -0.10334973 -0.31035095 -0.30863553 -0.7814224 4.4960856
-0.44053975 -0.6004897 -0.32920578 -0.7547639 -0.114484824 -0.64351714 -0.7505421 -0.6841413 4.5734105
1.9728088 -0.6877694 0.55440843 0.080679 -0.22485581 -0.71480536 -0.36935988 -0.6239614 0.0
-0.012232523 -0.48950043 -0.4963184 -1.0850253 0.24227941 -0.33283937 -0.59696376 -1.193895 4.138305
0.06564931 -0.31025705 -0.8531757 -1.192754 -0.103419274 -0.11297998 -0.6295469 -1.3735952 4.7361374
-0.4264247 0.28363335 -0.8809478 -1.1230112 -0.19612212 -0.35830465 -0.38923106 -1.2450916 4.621148
0.80528146 3.742729 -0.11215606 -1.3117107 -0.38873902 -0.058246784 -0.77325207 -1.7393987 0.0
