4.6860113 0.7464635 -0.2179683 -2.241343 0.99148375 -0.02425766 -1.474674 -2.6341205 0.0
0.7744148 -1.4763738 -0.23983034 -0.6413042 0.7124241 0.10290522 2.3094838 -1.3754559 0.0
0.34581584 0.40391347 -0.4819146 -1.2928681 -0.53535765 -0.8942829 -1.124155 -1.6376027 5.10853
-0.5348825 -0.40141356 -0.58257824 -0.8377629 -0.23770028 -0.40329027 -1.3022335 -1.4654993 5.606479
-0.61882704 -0.96679235 0.13833119 -1.3489356 -0.26840764 -0.5462827 -0.75816715 -1.8740544 6.036485
0.36576208 -0.46293038 -0.39123616 0.9971154 -0.5326302 -1.0602635 2.0069265 -0.6801909 0.0
-0.6608081 -0.54111445 -0.7844293 -0.1540216 0.26215792 -0.6723227 -0.075849265 -0.5368076 3.382477
-0.39886945 0.22061208 0.017178083 -0.46634823 -0.011672454 -0.6728998 -0.18310052 -0.31012926 1.8668594
-0.22785535 -0.9640192 -0.14883539 -0.703123 0.0017835136 -0.6314641 0.022082582 -0.726616 3.6162946
1.4354885 -1.0410942 -0.39617532 -0.12300215 0.65603626 -0.5316254 0.43704718 -0.3745682 0.0
-0.6419848 -0.24063677 -0.76075774 -0.8305822 -0.4816838 -0.36767805 -0.615923 -0.7049144 4.752394
-0.32928023 -0.5354363 -0.60536075 -0.7216405 -0.49074447 -0.99000114 -1.0564516 -0.64553416 5.593971
-0.20947161 -0.5885908 -0.5322441 -0.5122727 -0.9072486 -0.24786319 -0.86961025 -1.1580691 5.288585
0.014454687 -0.62600636 1.0977764 0.21735425 0.8766026 -0.8055986 -0.32224032 -0.35456485 0.0
-0.5948671 -0.4945001 -0.5192057 -1.0854614 -0.0016482307 -0.669853 -0.50889254 -1.3028178 5.2485113
-0.49376896 -0.8638741 -0.23809446 -1.2046663 -0.1842526 -0.74517745 -0.60230565 -1.1413645 6.1277165
-0.8173317 -0.92696923 -0.80123895 -1.1383548 -0.2809233 -0.7081585 -0.6149272 -1.1969475 6.699347
1.5322433 -0.49307364 0.8208805 0.5083895 -0.3378743 -0.668266 -0.32849574 -1.1095002 0.0
-0.19551782 -0.019300727 -0.7743252 -1.4967542 -0.5841215 -0.48883313 -0.824474 -1.6143368 6.28339
-0.39535767 -0.47538656 -0.86448 -1.4806824 -0.029662097 -0.7915981 -0.93377954 -1.5800223 6.464613
-0.72106916 -0.25386238 -0.66991097 -1.5118473 -0.40646303 -0.4780338 -0.9635642 -1.3714654 6.233006
1.4531128 3.931308 -0.6139871 -1.5546461 -0.118388616 0.053719718 -1.2550238 -1.9940056 0.0
