6.0632205 -0.1253744 -0.2872546 -1.4330512 -0.20457211 -0.65095425 -1.3035814 -1.975943 0.0
-0.11778408 -0.14195363 -0.37891856 -0.029974954 0.3849181 -0.8269884 2.3111916 -1.0445753 0.0
-0.5597841 -0.14539254 -0.006353574 -0.08695095 0.22009486 -0.507603 -0.25055182 -0.90924203 2.3008087
-0.09048849 -0.044983003 -0.11689906 -0.0748978 0.6897659 0.3743315 -0.45659497 -0.9984943 0.75979173
-0.58589536 -0.6256809 0.74738175 -0.46076152 -0.12269623 0.37530288 -0.4559767 -0.7428302 2.0407047
-0.62804866 -0.4989462 -0.57004315 0.75468016 -0.71276045 -0.48853868 3.18959 -0.74576044 0.0
-0.3211819 -0.5108623 -0.14726539 -0.13003677 -0.09863997 -0.41867974 0.20713152 -0.11825041 1.5396798
0.09119405 -0.2409367 0.04834472 0.20048241 -0.25924718 -0.29031616 0.106297 0.002457401 0.32952705
-0.26454127 0.018413115 0.3057213 0.0493214 -0.48302644 -0.74832064 0.3109198 0.047722165 0.76483476
2.2656934 -0.9565207 -0.45273507 1.0167097 -0.5774539 -0.86260295 0.33962625 -0.70977604 0.0
-0.2809983 -0.018870797 -0.19020303 -0.35668337 0.12659816 -0.103236586 -0.36230904 -0.35791183 1.5021025
-0.27090392 -0.33567065 -0.18366286 -0.6290747 -0.6946874 -0.2991031 -0.06453108 -0.35899457 2.818699
-0.38906944 -0.18443292 0.5270709 -0.7421407 0.037754238 -0.6965517 -0.6033631 -0.44412133 2.565959
-0.6214145 -0.5979938 1.7433431 0.94907945 -0.021003759 -0.76285243 -0.10929231 -0.857599 0.0
0.05431661 -0.30619842 -0.22077388 -0.45051447 0.2914777 -0.13140231 -0.15528695 -0.7033938 1.6677232
-0.23134796 -0.56455415 0.028495427 -0.66732675 0.39125624 -0.26688346 -0.30624083 -1.0894593 2.7276518
-0.19301312 -0.21038587 -0.48429722 -0.6103523 0.143398 -0.4189596 -0.4466595 -0.7003823 3.0110393
1.7233605 -0.07674208 0.3634942 -0.21094325 -0.3605247 -0.37459207 -0.31214648 -0.80630106 0.0
0.2901736 -0.4829036 0.11836868 -1.1232132 -0.13187331 0.09481428 -0.23414616 -1.0666001 2.589083
0.010426087 0.18602943 -0.81490517 -0.8195553 0.30942196 0.0025824662 -0.505204 -1.2300664 2.9652684
-0.18063441 0.21839231 -0.44285887 -0.88954717 -0.06448194 -0.13236466 -0.46354386 -0.87505597 2.8862665
0.28987026 2.95035 -0.33889356 -0.8407553 -0.10030848 0.1064096 -0.7106937 -1.07021 0.0
