6.040157 -0.38567054 -0.3887202 -0.9075251 -0.30432078 -0.6401299 -1.459124 -1.8925321 0.0
-0.25729114 -0.42349434 -0.28463235 -0.05348731 0.3505778 -0.63292736 2.2863238 -0.90311253 0.0
-0.24921419 -0.13368349 0.18370831 -0.5171339 0.33885837 -0.39755082 -0.14755847 -0.4422142 1.4968538
-0.042797875 -0.2136752 -0.08741491 -0.03618244 0.2982392 0.17588633 0.06064295 -0.5730521 0.4166797
-0.22409153 -0.24855907 0.927529 -0.23034519 -0.24413224 0.087561674 -0.68686014 -0.86591727 1.5374188
-0.45736408 -0.8459419 -0.58927613 0.6064392 -0.46827513 -0.85836077 3.318228 -0.8368794 0.0
-0.036258597 -0.47569063 -0.3211647 0.15749899 0.24614364 -0.5130955 -0.10887979 -0.18764657 1.168443
0.019909993 -0.4096168 -0.34106556 0.3480485 -0.049784422 -0.12405156 -0.010700946 0.08609836 0.5377454
-0.5567618 -0.16897719 0.41701752 0.19017465 -0.2750481 -0.3825152 0.41316018 0.0067177652 0.329124
2.1034324 -0.949386 -0.04565742 1.0970838 -0.7748186 -0.88387233 0.11114854 -0.5340204 0.0
-0.3558298 -0.09478763 -0.34999734 -0.37988138 0.00719775 0.10745526 -0.35259768 -0.5497025 1.9279321
-0.13538395 -0.41000113 -0.100226566 -0.54063374 -0.23734634 -0.30142456 -0.32221895 -0.41502276 2.5170999
-0.10233461 -0.42456734 -0.048711076 -0.581293 -0.025053792 -0.35741317 -0.21670331 -0.5480791 2.3123531
-0.60297257 -0.5187905 1.5697734 1.2643847 -0.27675197 -0.66910905 -0.2615149 -0.49598384 0.0
0.07129737 -0.06601221 -0.07842107 -0.21570143 0.24149917 -0.33313817 -0.5106344 -0.6213663 1.518142
-0.36473238 -0.284756 -0.050839752 -0.640296 0.27017435 -0.23144206 -0.32762724 -0.42332134 2.0858164
0.18153177 -0.39517242 -0.44341847 -0.7273625 -0.109341376 -0.26026377 -0.35652742 -0.3656547 2.491235
1.5556303 -0.14040166 0.6265442 -0.06506997 -0.17633288 -0.6314029 -0.32621807 -0.77127564 0.0
0.34177628 -0.09088014 0.0011326952 -0.9687064 -0.15152615 -0.22193423 -0.13304067 -1.1004534 2.3488245
0.14111423 0.40179437 -0.34872028 -0.8872463 -0.0035299214 -0.03988375 -0.4369914 -1.1367812 2.4055676
-0.040632233 0.30087635 -0.33040464 -1.0157782 -0.05536227 -0.12778226 -0.32378682 -0.9112131 2.5322964
0.69757825 2.7571619 -0.46360862 -0.9931518 -0.3922724 0.18804519 -0.74073005 -1.1524932 0.0
