2.3946662 2.3990586 0.5340986 -0.8010616 1.7037833 1.8800867 -0.7339605 -0.81644547 0.0
1.5174993 0.104201205 -0.12503017 0.0066635534 0.43417212 0.19800593 1.7157947 -0.75336003 0.0
0.50353956 0.6641883 0.42711166 -0.6307155 0.1147118 -0.7043695 -0.63952506 -0.80768436 3.0314753
0.0154527435 0.72234106 -0.17836624 -0.54440016 0.1318205 -0.2645249 -0.5012598 -0.73856974 3.1524272
0.65104544 -0.08921367 -0.24502659 -0.6243065 0.011957093 0.02379502 -0.3402208 -0.7135052 3.0636773
0.50094473 0.6367486 0.079729766 0.5410308 0.21464396 0.038814068 0.7407189 -0.24717958 0.0
-0.21356046 -0.2595235 -0.07781607 -0.6197703 -0.37464976 -0.40881568 -0.21919185 -0.61731523 3.0611558
0.021187639 -0.09049579 -0.32806438 -0.3319008 -0.14214563 -0.31143838 0.13806696 -0.2938901 2.2167268
-0.29642105 -0.24042907 -0.4434307 -0.36550376 -0.31470573 -0.7462314 0.067500174 -0.5554989 3.0561535
0.56890947 -0.22685352 0.37365475 -0.17434457 0.4122924 0.22863731 0.54013115 -0.15442938 0.0
-0.3543733 -0.25053507 -0.5177643 -0.41425955 -0.17688462 -0.088108994 -0.4979839 -0.5542539 3.1323183
-0.35714012 -0.5696854 -0.068058774 -0.5898402 -0.6048618 -0.31031817 -0.40402055 -0.602437 3.2890098
-0.16971381 -0.2885281 -0.41542837 -0.49688885 -0.31643483 -0.630711 -0.6366743 -0.5923718 3.2653422
0.33377644 0.35650444 0.03771924 0.3308056 0.24007688 0.17140199 0.58491474 -0.4236147 0.0
-0.21311049 -0.38091323 -0.5005684 -0.6527621 0.24805969 -0.59585094 -0.32056397 -0.7082468 3.2309139
-0.6586285 -0.5932518 -0.3502586 -0.6918246 0.4894937 -0.37346572 -0.5714854 -0.685787 3.2713537
-0.12675 -0.40567723 -0.41299978 -0.7518216 -0.12339833 -0.60318947 -0.52310175 -0.7688033 3.3214722
0.52274114 -0.11033406 0.46231794 0.21235381 0.71088314 0.41431585 -0.0790158 -0.5330448 0.0
0.9380495 0.11208533 -0.31961843 -0.7460774 0.022140477 -0.21042675 -0.5370538 -0.8094379 3.0729666
0.13150631 1.0105332 -0.7626452 -0.7600615 0.106345735 0.14292741 -0.5474966 -0.78211516 3.151077
0.54409736 0.3815409 -0.5309352 -0.81567323 0.60591096 0.3120497 -0.57585275 -0.7960363 3.0509493
1.8533926 2.8117576 0.07152268 -0.74690264 0.31176615 0.15259318 -0.4112055 -0.80012226 0.0
