3.6673374 2.42015 0.14725101 -1.9681509 0.3705743 0.79576 -1.5056031 -2.4616764 0.0
1.4038248 -1.0220757 -0.6022258 -0.3743768 0.3081769 -0.07876378 2.0317783 -1.3830963 0.0
-0.2181212 -0.19050077 -0.1500095 -1.3648205 -0.33433777 -0.8476973 -0.72842616 -1.7112764 5.198745
-0.24806498 -0.25962654 -0.529376 -1.1932706 -0.108524404 -0.7822095 -0.81175774 -1.6243517 5.314938
0.108920105 -0.5065936 -0.3637358 -1.2524527 -0.4392164 -0.660822 -0.8672228 -1.7381335 5.2874207
0.3708682 0.26598787 -0.42849326 0.633946 -0.16358389 -0.9836114 1.4660455 -1.018377 0.0
-0.3059755 -0.84934175 -0.28134817 -0.8867107 -0.18873353 -0.7797964 -0.3254781 -0.9239259 4.428226
-0.17481071 -0.27779126 -0.23614103 -0.74218357 -0.15945719 -0.4306808 -0.2955497 -0.18625 2.5343776
-0.5162192 -0.39687812 -0.53396946 -0.67497087 -0.40030617 -0.5220516 -0.41304433 -0.64334476 4.0138826
1.1646295 -0.61368585 0.2323333 -0.6036976 0.21568483 -0.12443386 0.39067525 -0.7140818 0.0
-0.72292995 -0.55520403 -0.70424694 -0.5122771 -0.45425054 -0.44417557 -0.7334774 -0.9975171 4.98676
-0.4422047 -0.66830754 -0.5167825 -1.0706048 -0.6261682 -0.90822834 -0.9302346 -0.83632725 5.528441
-0.28136528 -0.5557432 -0.7260356 -0.9371638 -0.71896577 -0.7091771 -1.0287081 -1.1017091 5.586641
0.21925825 -0.21193446 0.3693554 0.8123825 -0.030965237 -0.46303773 0.023298776 -0.79473877 0.0
-0.52004933 -0.68691957 -0.70424974 -0.9837553 -0.025022885 -0.7219192 -0.65557647 -1.3294501 5.2584367
-0.95878476 -0.71270263 -0.62377334 -1.3712217 -0.39048162 -0.8593976 -0.7860442 -1.131854 5.967069
-0.6334981 -0.9475403 -0.8168793 -1.194516 -0.521231 -1.0500667 -1.0038114 -1.2599306 6.241544
0.68900245 -0.6961513 0.52377796 0.7350658 0.14996487 -0.29478845 -0.015596735 -1.1446347 0.0
0.0041156267 -0.561852 -0.72791344 -1.6308695 -0.52067024 -0.42259982 -0.78738624 -1.7752315 5.8743825
-0.4145445 0.09644653 -1.0570941 -1.5631504 -0.33994943 -0.49520355 -0.9945863 -1.7945334 5.9560237
-0.39192137 -0.11979111 -0.8138919 -1.6469526 -0.09736137 -0.43294084 -1.0027269 -1.6428317 5.774133
2.4259903 3.2537835 -0.30714098 -1.7704757 0.01752803 -0.59614044 -1.0668519 -2.0027232 0.0
