4.16008 1.2921604 0.21769136 -2.6116557 1.077325 0.17588465 -1.504643 -2.6334202 0.0
1.1218648 -1.856679 -0.0048065763 -0.89627254 0.76570857 -0.16273613 2.3117814 -1.3503677 0.0
0.4486002 0.82211155 -0.017726872 -0.8805909 -0.69791573 -1.6889421 -1.1532742 -1.3449727 4.6945977
-0.43158937 -0.07015725 -0.653815 -0.7934559 -0.48079792 -0.3706327 -1.0304066 -1.6912838 5.424995
-0.20298405 -0.7789321 0.18173817 -1.1189404 0.61415833 -0.99943 -0.64814794 -1.9218998 5.447818
0.29062557 -0.31945187 -0.8791332 0.8521749 -0.37887892 -1.1150727 2.320015 -0.9696343 0.0
-0.06415716 -0.25325164 -0.32245544 -0.6057303 -0.21885918 -1.015334 -0.30078295 -0.7066982 3.8230631
-0.5045906 0.87317634 -0.2222045 -0.46185592 0.12285069 -0.8591869 -0.13172232 -0.46411708 1.6423752
-0.07508313 -0.7979236 -0.11661468 -0.37524724 -0.3728613 -0.80023474 -0.34656087 -0.74482566 4.0677924
1.43469 -1.1747514 -0.55823225 -0.3247473 0.46319553 -0.090681374 0.3151888 -0.22534983 0.0
-0.35897714 -0.41700202 -0.9348049 -0.55576485 -0.76547545 -0.46058497 -0.66080576 -0.9116342 5.132154
-0.27272594 -0.73133343 -0.68649924 -0.94224066 -1.1120225 -0.7627381 -0.78916013 -0.5529969 5.8920074
-0.445982 -0.47677264 -0.47362918 -0.56876516 -0.743185 -0.23675807 -1.1742215 -1.033597 5.580097
-0.02082277 -0.53933924 0.9562382 0.28823352 0.6410928 -0.5395809 -0.029022692 -0.69767356 0.0
-0.4006175 -0.56324255 -0.2627827 -0.9400075 -0.33801672 -0.76276845 -0.716757 -1.2932643 5.5263214
-0.88080317 -0.7780618 -0.6962508 -1.0569835 -0.4392286 -0.8544885 -0.7540039 -1.1850443 6.6345787
-0.72509664 -0.8003042 -0.5975505 -0.99700963 -0.48587915 -1.064855 -0.926617 -1.122238 6.870121
1.1501902 -0.4535636 0.44301155 0.5064884 -0.17784317 0.0121410815 -0.38840884 -1.1062868 0.0
-0.34990862 -0.4116893 -0.87708366 -1.6611569 -0.31884417 -0.7675836 -0.66247135 -1.6485094 6.671615
-0.48193076 -0.23143484 -1.0192376 -1.4046042 -0.5115832 -0.82279754 -0.83102983 -1.6426864 6.6869874
-0.34452498 -0.13794896 -0.8844128 -1.5968848 -0.53732944 -0.6460134 -1.0069699 -1.4608717 6.5209727
1.4898939 3.7306788 -0.2311144 -1.5897835 -0.016795624 -0.29280683 -0.77563727 -1.8029864 0.0
