4.388595 1.0178245 0.1542184 -2.5246375 1.1177659 0.01439667 -1.5409782 -2.6183913 0.0
0.8931818 -1.6737297 -0.1700894 -0.861365 0.6345154 -0.06595291 2.4568093 -1.2392079 0.0
0.2716773 0.69858027 -0.0029325758 -0.9314806 -0.59198767 -1.3306764 -0.8779605 -1.4637527 4.5412116
-0.38442352 -0.12996729 -0.5678795 -0.726625 -0.30079588 -0.4997895 -1.0950572 -1.6362196 5.3681154
-0.14887746 -0.79036534 0.0016064524 -1.124486 0.38955265 -0.96216595 -0.66918445 -1.897921 5.43748
0.16728981 -0.42018896 -0.741495 0.7097897 -0.35569188 -1.1540359 2.6158493 -0.98647606 0.0
-0.26702344 -0.562062 -0.34642008 -0.4772773 0.015996555 -0.8394173 -0.17133708 -0.6969153 3.6048326
-0.46103758 0.45439392 -0.08567366 -0.48011133 0.021344213 -0.63084 -0.21996272 -0.27690217 1.7247328
-0.10182479 -0.7834299 -0.115249045 -0.5675286 -0.26657662 -0.7384244 -0.31666166 -0.70636076 3.880208
1.5063785 -1.1364613 -0.52046543 -0.25221115 0.48142108 -0.29983452 0.24287793 -0.11221234 0.0
-0.69836545 -0.4908006 -0.7104962 -0.6130161 -0.5436097 -0.32806662 -0.62600315 -0.7670047 4.976539
-0.27376124 -0.6196408 -0.56723225 -0.92645013 -0.75647795 -0.8074606 -0.93325895 -0.63893354 5.754688
-0.39182675 -0.4645058 -0.5352494 -0.6359584 -0.8057852 -0.31592733 -1.0001265 -1.0368941 5.4614177
-0.08032638 -0.6029867 1.0356671 0.36799404 0.646465 -0.7253056 -0.018723562 -0.5822641 0.0
-0.44955263 -0.58756137 -0.4022251 -0.8800617 -0.20069288 -0.7151611 -0.6848513 -1.171039 5.338073
-0.85998344 -0.5992798 -0.5809858 -1.0624026 -0.3960582 -0.80324614 -0.6336747 -1.1516737 6.46849
-0.61230254 -0.8557216 -0.71516573 -1.0390179 -0.35963064 -0.9729388 -0.84210837 -1.1399688 6.804745
1.1928655 -0.56095964 0.45765465 0.5413918 -0.12127819 -0.15116566 -0.2656735 -1.1225524 0.0
-0.08422654 -0.36865145 -0.7425564 -1.5823642 -0.5086902 -0.59557396 -0.6460049 -1.5941772 6.452584
-0.38093293 -0.19582756 -1.0007896 -1.3788499 -0.2883778 -0.5351889 -0.7889975 -1.601398 6.5196075
-0.35321197 -0.0770785 -0.8231933 -1.5379663 -0.2853585 -0.4693659 -0.91518444 -1.3937678 6.258708
1.6253542 3.9145439 -0.2697487 -1.6326715 -0.13879114 -0.5312969 -1.0481365 -1.9704057 0.0
