3.9531565 2.025395 -0.04680716 -2.423713 0.37543428 0.5446835 -1.2669369 -2.7877707 0.0
1.3750647 -1.2820847 -0.48187912 -0.6638303 0.26282147 -0.29911336 2.183992 -1.2018064 0.0
-0.11062893 -0.19077724 0.28093842 -1.3167115 -0.46937177 -1.0803757 -0.9548608 -1.6027066 5.4412956
-0.39631802 -0.2997208 -0.92448837 -0.94772285 -0.23963086 -0.98129493 -0.4945453 -1.4471846 5.6101184
-0.0840612 -0.54777354 -0.46367487 -1.3551264 -0.15813822 -0.8662854 -0.79082054 -1.705444 5.9476
0.23712412 -0.04846076 -0.5517218 0.62396705 -0.24481945 -1.1238836 1.9134513 -0.81011397 0.0
-0.49952182 -0.51852834 -0.44452158 -0.72368896 -0.1663281 -0.70020175 -0.2390231 -0.9702416 4.489898
0.1672514 -0.20688312 -0.01781639 -0.8538763 -0.045118336 -0.46390298 -0.24985233 -0.33589137 2.0753567
-0.3197552 -0.37917238 -0.7396523 -0.7111669 -0.77228713 -0.5288781 -0.23608074 -0.9292083 4.6645103
1.0907372 -0.76160645 -0.10292501 -0.27779287 0.2928432 -0.25841385 0.275986 -0.16719212 0.0
-0.642253 -0.5543165 -0.7787057 -0.5819053 -0.71119606 -0.5041856 -0.72130406 -0.92068976 5.279165
-0.47766292 -0.78088945 -0.6557514 -0.85530305 -0.80143917 -0.745191 -0.8600633 -0.6813298 5.9163237
-0.52762955 -0.5118477 -0.72707194 -0.80106765 -0.76328325 -0.6154423 -0.96688277 -1.0056885 6.1102242
-0.11980268 -0.22360656 0.40367496 0.41365194 0.5777364 -0.19432431 -0.105762884 -0.6331724 0.0
-0.583113 -0.5537496 -0.6859314 -1.0009875 -0.1490787 -0.78291035 -0.61911577 -1.2858533 5.827237
-0.9285324 -0.76755655 -0.6923223 -1.2959957 -0.40827888 -0.75342286 -0.7814999 -1.0899537 6.674621
-0.69850206 -0.81451523 -0.8282763 -1.0576093 -0.5414759 -1.1110103 -0.9193675 -1.1407406 6.9984803
0.90984565 -0.6492555 0.40453568 0.35674453 0.2837526 -0.23796971 0.033144806 -1.0880679 0.0
-0.29238755 -0.5518764 -0.71446824 -1.5285275 -0.5205552 -0.6941054 -0.77953655 -1.6988418 6.5693526
-0.47543067 -0.12723283 -1.037367 -1.5313518 -0.26090744 -0.70468336 -0.9234348 -1.6534247 6.5605416
-0.5748114 -0.50825375 -0.88969654 -1.5712001 -0.23661324 -0.5292371 -0.93654126 -1.5313327 6.416873
1.764911 4.111389 -0.47662657 -1.8399639 -0.288897 -0.3365793 -0.9661747 -1.9646536 0.0
