5.643919 0.46072498 -0.33796096 -2.1143498 0.26084068 -0.29760003 -1.4800066 -2.5349522 0.0
0.49864563 -1.4294599 -0.05073589 -0.27812687 0.2174235 -0.45029172 2.621277 -1.1894301 0.0
0.26157522 -0.27546206 0.21373446 -0.9335575 -0.46936592 -0.9697969 -0.81926376 -1.5120094 4.6695275
-0.7029554 -0.5098677 -0.64666873 -0.30504227 -0.36118647 -0.68218654 -0.79305977 -1.2536143 5.247791
-0.7912856 -0.87438107 0.2762347 -1.1251489 -0.16062215 -0.35667586 -0.8592898 -1.6090324 5.619677
0.12705997 -0.75844055 -0.20680538 0.92007786 -0.7029774 -1.0544628 2.5365875 -0.95908445 0.0
-0.31113294 -0.82131547 -0.7054798 -0.1603604 0.2889048 -0.9106134 0.5319036 -0.34427285 2.5485554
0.0020827483 -0.1082174 0.49645793 -0.41046736 -0.09950625 -0.80144083 0.23690319 -0.07064133 0.7108787
-0.5490851 -0.44028082 -0.18382306 -0.5972294 0.17503582 -0.36686662 0.26794094 -0.8842739 2.6340616
1.7511804 -0.9575389 -0.3038065 -0.16761899 0.71691334 -0.9451378 0.29077557 -0.28577402 0.0
-0.6571805 -0.2183147 -0.356399 -0.6802277 -0.08255938 -0.24904153 -0.52755207 -0.66185796 3.6050043
-0.33510777 -0.4738175 -0.3645397 -0.3947641 -0.5061577 -0.9755547 -0.8284502 -0.80284977 4.807698
0.08256895 -0.8305 -0.7893072 -0.76758176 -0.4221481 -0.28974193 -0.51206124 -0.82270885 4.4983187
0.28746372 -0.89543176 1.5158011 0.2812468 0.20404455 -0.86414313 -0.05595539 -0.44356054 0.0
-0.20683807 -0.653797 -0.7568636 -0.5789878 -0.017207075 -0.367997 -0.4083791 -1.1772801 4.3718796
-0.4379016 -0.7146201 -0.42082274 -1.1375945 -0.27774733 -0.5891964 -0.5789213 -0.899789 5.338732
-0.72889525 -0.89270055 -0.6294099 -1.1353232 -0.2372779 -0.67030656 -0.6240644 -0.97818655 6.1051674
1.5774614 -0.55509734 0.7885233 0.0051264046 -0.28950852 -0.3598599 -0.09717045 -1.107445 0.0
-0.23723501 -0.03797327 -0.5860443 -1.4059427 -0.27512085 -0.24463864 -0.7147405 -1.5350513 5.384935
-0.38955066 -0.17033732 -0.65364075 -1.4540628 -0.16076191 -0.4216701 -0.8266354 -1.474744 5.775511
-0.38068405 -0.13822542 -0.805928 -1.3765424 -0.21462238 -0.27600446 -0.7217585 -1.2592914 5.4684653
1.1713787 4.2535086 -0.11234838 -1.5306227 -0.32766145 -0.31761798 -1.0416113 -1.9248528 0.0
