1.1704435 1.2749889 0.22969347 -0.5213812 2.7680874 0.6222077 0.22520281 -0.61405003 0.0
0.97160983 0.8790725 1.3394408 0.4510474 1.0763426 1.3385981 0.017217357 0.14923698 0.0
1.0208522 0.44821268 0.24490601 -0.23546758 0.41860908 0.11874347 -0.04826525 -0.6166113 2.2765307
0.722651 0.50046164 0.52238524 0.23067342 0.7902216 0.33669266 0.482678 -0.5098384 1.8433511
0.719412 0.20308176 0.57760996 -0.24560246 0.797882 -0.08925753 0.3307677 -0.5700918 2.840235
0.6729194 0.29026443 0.7507342 0.8960007 1.1699035 -0.13095362 0.84930456 0.20968583 0.0
0.6002422 -0.40874597 -0.28338328 -0.08832517 0.39947233 0.112238705 0.043573596 -0.25108892 2.771443
-0.16592039 0.85694253 0.2202885 0.010737344 0.43304703 -0.30568948 0.57935256 0.03634358 1.4424192
0.20713341 0.47152683 0.15650952 0.060980286 -0.032976393 0.081642956 0.504722 -0.040271185 2.5686014
0.11800396 0.79366136 1.1571743 1.2142626 0.2225587 0.01211496 0.16598514 0.7795558 0.0
-0.1474312 0.056142293 -0.5841819 -0.18521942 0.22458486 -0.32626963 0.018525872 -0.23440021 2.8839474
0.0027407191 0.06637714 -0.015749961 -0.39755967 -0.21270448 -0.22807617 -0.123824626 -0.27491862 2.601588
0.10349583 -0.09046232 0.00321697 -0.21075812 -0.21069622 -0.17763785 -0.5464538 -0.4104145 3.010648
0.78361297 0.1132672 0.32400608 0.9294011 0.4706065 0.45024616 0.3563415 0.79437315 0.0
-0.2933967 -0.20706694 -0.34488058 -0.32837877 0.07650784 -0.08423322 -0.23770647 -0.7675571 2.6668763
-0.3397184 -0.29110187 -0.19371241 -0.23875923 0.3573836 -0.27433655 0.03458288 -0.3907653 3.23742
0.1012645 -0.27391976 -0.29978916 -0.22581615 0.10605406 0.02668291 -0.08896151 -0.40364045 2.8335667
0.7701353 0.15056427 0.6750612 0.5441366 0.7196055 0.760312 0.500326 0.56725305 0.0
0.47968933 -0.10278888 -0.5032005 -0.49009198 -0.2101271 0.042995453 -0.27879754 -0.9731866 2.6952562
0.09542024 0.55663705 -0.2918294 -0.4420724 0.12790012 -0.086730644 -0.1701727 -0.7494599 2.790408
-0.08330459 0.09580697 -0.4120267 -0.41151065 0.46585643 0.19516118 -0.08327993 -0.63197607 2.8580241
0.74620825 0.9808999 0.7238719 -0.0675439 1.575347 1.1751046 0.61256313 -0.5140331 0.0
