-0.28335956 -0.010038757 -0.38255882 -1.0173237 4.616258 -0.71856856 -0.48250425 -1.0797552 0.0
-0.2009117 -1.0236572 3.888942 0.5236706 0.4015647 -0.09400197 -0.895319 0.27177483 0.0
-0.24934283 0.20711285 -0.30338 -0.6846833 -0.35494664 -0.4200309 -0.08036861 -0.60003614 3.040548
-0.17754793 -0.2469408 -0.1474591 -0.47550568 0.06599279 -0.052819073 -0.058971066 -0.6536584 2.9539053
-0.31417996 -0.60291904 -0.36120367 -0.5508321 0.063713394 -0.17108424 -0.2855597 -0.3297941 3.6523972
0.04103971 -1.1347313 -0.21864241 1.904086 0.9354649 -1.5081767 2.184414 -0.7917499 0.0
-0.2328846 -0.39346296 -0.6013991 -0.38984537 -0.45357648 -0.40480253 0.0007503674 -0.65438867 3.432797
-0.65756124 -0.0013039644 -0.5014056 -0.45968804 -0.6229018 -0.49152982 -0.2519638 -0.026184905 3.1583624
-0.26108435 -0.2007541 -0.45563042 -0.5546068 0.10208167 -0.48266304 -0.25672257 -0.124400064 3.2116528
-1.3201966 -1.1714966 1.258073 2.231692 -1.2409884 -1.4793525 -1.1834224 3.0696385 0.0
-0.46229914 -0.28647625 -0.53967065 -0.16869979 -0.22744896 -0.21216132 -0.35264617 -0.15798613 2.9780917
-0.3752678 -0.42359394 -0.37278047 -0.513563 -0.16770022 -0.4015669 -0.18275197 -0.44412598 3.210726
-0.43108693 -0.23390085 -0.2653032 -0.59830576 -0.5513412 -0.34496623 -0.23924397 -0.33180285 3.3596945
-0.17016205 -0.53794205 -0.26351127 3.184761 -1.1314118 -0.6549546 -0.37245733 0.5035025 0.0
-0.26520604 -0.36030608 -0.12880468 -0.48869443 -0.42094383 -0.5224996 -0.30340663 -0.4759898 3.1546118
-0.43170896 -0.27014711 -0.49752837 -0.52923256 -0.43257502 -0.085455865 -0.26780793 -0.11869036 3.1460786
-0.36432463 -0.2317911 -0.30599254 -0.61989254 -0.44590655 -0.21961746 -0.042716984 -0.5087867 3.08181
0.13819967 -1.1283176 0.4166173 1.898994 -0.34255886 -0.44352338 0.10585613 0.70328206 0.0
-0.5725135 -0.5568328 -0.46249413 -0.7407699 -0.42894074 -0.42090482 -0.31632024 -0.21636331 3.4712698
-0.2610578 -0.16230838 -0.19825159 -0.57540095 -0.11463088 -0.33496737 -0.49634156 -0.54497635 3.10527
-0.16707788 -0.20185943 -0.65552944 -0.60205567 -0.14176357 -0.26590014 -0.2569024 -0.52639705 3.1709673
-0.25643787 -0.038808737 -0.31927463 -0.4751317 3.2727723 0.20716617 -0.04448863 -0.78240776 0.0
