-0.82376 -0.010211476 -0.4770103 -0.79356426 4.7156935 -0.7279496 -0.34780428 -0.9787344 0.0
-0.73257697 -0.6441677 4.6112876 0.42036712 -0.36165914 -0.48258734 -0.83686155 -0.12417818 0.0
-0.38113174 -0.3608968 -0.43460947 -0.52321607 -0.36709934 -0.35733497 -0.20844635 -0.795863 3.4520419
-0.3453783 -0.34560695 -0.68203205 -0.41066912 -0.051301103 0.14963712 -0.45099378 -0.6436336 3.3462539
-0.22736174 -0.43108362 -0.619539 -0.09962234 -0.0313719 -0.6857778 -0.2284278 0.07916873 3.2445996
-0.3051969 -1.3163702 -0.17956801 1.1836925 0.22238669 -1.8801244 3.5746775 -0.7427322 0.0
-0.34332788 -0.38952148 -0.68832064 -0.49794087 -0.49607545 -0.53883463 -0.283927 -0.6556657 3.714912
-1.0516492 -0.09323054 -0.5004055 -0.22705817 -0.4575573 -0.7630628 -0.022458415 -0.16763008 3.2508302
-0.18276607 -0.4398963 -0.73894787 -0.47560695 0.52519625 -0.39300564 -0.5558257 -0.48384804 3.3043373
-1.6159321 -1.0680659 0.6475971 1.8590641 -1.3882746 -1.4787517 -1.1148388 3.8106303 0.0
-0.5583026 -0.4104966 -0.59668785 0.02123626 -0.056333818 -0.18115382 -0.35523292 -0.29311252 2.8749065
-0.3804413 0.06406543 -0.47052485 -0.6039538 -0.3736336 -0.010543939 -0.14242435 -0.6214467 3.0176547
-0.50738525 -0.4406456 -0.4946796 -0.5154642 -0.23112683 -0.16409034 -0.3417253 -0.42348298 3.4244952
-0.49371174 -0.99555 -0.4374633 4.0501213 -1.2534897 -0.7609011 -0.7458462 0.02268533 0.0
-0.2061607 -0.24495457 -0.5300549 -0.6058878 -0.19407116 -0.35328335 -0.39988008 -0.19118209 3.0889244
-0.36422196 -0.03821549 -0.6175156 -0.66893876 -0.6735271 -0.38277066 -0.32985526 -0.22280753 3.4152546
-0.51965845 -0.014396759 -0.70298195 -0.468558 -0.43665063 -0.25922665 -0.2313525 -0.40573987 3.1674743
-0.17650996 -1.0385193 0.06010821 2.2075558 -0.11095504 -0.5728348 -0.37787881 0.9244176 0.0
-0.4245896 -0.29690152 -0.37168667 -0.5035258 -0.2787555 -0.25301126 -0.5446735 -0.4707628 3.28034
-0.4480544 -0.28469455 -0.3652121 -0.57461846 0.07934514 -0.42249364 -0.54946953 -0.366699 3.1857984
0.07746197 -0.49507028 -0.5291849 -0.67484874 -0.40243927 -0.36755562 -0.34153962 -0.5118474 3.3256977
-0.5663277 -0.2662688 -0.42713854 -0.69331527 3.7178621 0.16126466 -0.3859417 -1.0511101 0.0
