-0.03445484 -0.00862965 -0.35208315 -0.3601262 4.3344 -0.115240134 -0.2157713 -0.14318207 0.0
-0.10339808 -1.0343924 5.2132525 -0.45351985 -0.16792352 -0.2741895 -0.3009863 -0.068805166 0.0
0.0107322335 -0.31312305 -0.19096147 0.06322763 -0.12567197 -0.058329556 -0.3271045 -0.15927647 2.7146823
-0.103483506 -0.03396731 -0.059105694 -0.7145739 -0.0065473313 -0.05017509 -0.055151626 0.07510859 2.5648932
-0.6967485 -0.23990078 -0.44331896 -0.024139496 0.25674394 -0.20536377 -0.033545975 -0.13484204 2.9390726
-0.053797413 -1.542323 -0.2510811 0.39626858 -0.26695496 -0.9407872 4.59613 -0.33531576 0.0
-0.08927474 -0.2745535 0.032493357 -0.7772665 -0.21059695 -0.2538987 0.2892469 -0.617558 3.3077328
-0.6693724 0.19314966 -0.06450836 -0.61548984 -0.010073945 -0.33657178 -0.26031655 0.15218402 2.8574336
-0.12178352 0.16396393 -0.23046635 -0.48680913 -0.18026027 -0.4238842 0.3008706 -0.5542948 2.4148064
-1.0456591 -0.5824619 0.29964462 0.5855525 -1.1892412 -0.6429429 -0.11519759 4.620413 0.0
-0.47048777 0.067504235 -0.7669684 0.062331423 -0.052628633 0.05099294 -0.44741064 -0.056397434 2.6571429
-0.33611232 -0.35760283 0.22688688 -0.5643704 0.278233 -0.07088994 -0.49083415 -0.07092702 2.933147
-0.12357035 -0.0005667452 -0.1890088 -0.46958813 0.17969954 -0.034855507 -0.033522084 -0.18258378 3.1318882
-0.38798356 -0.44488096 -0.048073065 4.4428344 -0.30803388 -0.61566985 -0.29791322 -0.40226576 0.0
-0.039659426 -0.082674205 -0.12336786 -0.4201954 0.3921752 -0.36015528 -0.026630295 -0.17370127 1.9249405
-0.13558011 -0.0662982 -0.45302865 -0.06584962 -0.06502252 -0.20149304 -0.10437911 -0.017440574 3.5152352
-0.26918098 0.017159833 -0.4427838 -0.089774914 0.03465299 -0.25150725 -0.43146876 -0.4926476 3.6160736
0.9140498 -1.003955 0.27125528 2.1981006 -0.7669075 -0.38035357 0.9000422 -0.55332214 0.0
-0.10656169 -0.058272447 -0.05171094 -0.23637897 -0.064496435 0.018345954 -0.062166177 -0.007183389 1.64573
0.035615098 0.32475638 -0.05024328 -0.16563484 0.0040809284 -0.0014628296 -0.47287062 -0.009802128 1.326827
0.3001258 -0.1639625 -0.47058725 -0.36635324 -0.24750768 -0.0627299 -0.092174284 -0.26763818 2.9190483
-0.54398715 -0.77205515 -0.310285 0.679046 2.7278302 0.9330962 -0.3980501 -0.78925896 0.0
