-0.23054518 0.051941972 -0.29053342 -0.8956021 4.617711 -0.5146531 -0.5523213 -0.9134063 0.0
-0.02567299 -0.77899975 4.2048903 0.17249084 0.45631826 0.34684777 -0.6583647 -0.20794642 0.0
0.088649444 -0.03170834 -0.5524512 -0.3616193 -0.24073933 -0.54751354 -0.5399717 -0.6819855 3.3462577
0.04039075 -0.029129522 -0.0566669 0.10566951 -0.021614801 -0.5120265 -0.0044433386 -0.6311947 2.7280493
-0.03509031 -0.428179 -0.05378153 -0.4831485 0.2535109 -0.36183196 -0.21425839 -0.6345375 3.6925068
0.15290885 -1.2039654 -4.862908e-05 1.2924744 1.620143 -1.5594984 2.0139816 -0.53694516 0.0
0.045628157 -0.54642534 -0.23524198 -0.23104939 -0.33201736 -0.2359626 -0.18228073 -0.35225832 3.1486433
-0.853741 0.30495313 -0.33913025 -0.31583142 -0.37012884 -0.47908652 0.033222966 -0.24378969 2.7399166
-0.3602337 -0.40561405 -0.5499405 -0.3686066 -0.3396294 -0.33323956 -0.017369084 -0.21138577 3.5842009
-1.320873 -0.85408103 1.5252222 2.8162289 -1.3499702 -1.2314851 -0.8493898 2.0069013 0.0
-0.42530698 -0.26735702 -0.41886103 -0.46139756 -0.23947328 -0.34441155 -0.47155184 -0.2250176 3.3172479
-0.5181023 -0.3027873 -0.35299 -0.11030905 -0.61180586 -0.34474453 -0.26175585 -0.5505674 3.251956
-0.30509442 -0.67447627 -0.45934045 -0.31603464 -0.39362305 -0.276483 -0.29451042 -0.44462246 3.5057833
-0.20955518 -1.2332501 -0.5196492 3.3112817 -0.63369673 -0.97358304 -0.26821116 0.915867 0.0
-0.47739518 -0.3395389 -0.4936744 -0.49041522 -0.2646316 -0.25850806 -0.41161674 -0.44790077 3.2728899
-0.16267243 -0.417315 -0.54346764 -0.4551095 -0.31027928 -0.12520602 -0.2850311 -0.34284216 3.3026915
-0.24251044 -0.4781983 -0.29907018 -0.6051093 -0.28550598 0.035837065 -0.44552997 -0.055447597 3.093699
0.0061182627 -0.93440396 0.50154144 1.3945714 -0.13242866 0.0013461119 0.10441233 1.1500448 0.0
-0.0854374 -0.58621633 -0.4132978 -0.47666758 -0.23980454 -0.39499816 -0.2510591 -0.29350868 3.0139852
-0.254995 -0.4125626 -0.35852385 -0.5608638 -0.27795687 -0.22523546 -0.5046226 -0.38408872 3.274415
-0.3900503 -0.47149715 -0.3982632 -0.4564203 -0.22076815 -0.31593046 -0.35589314 -0.36468697 3.322612
-0.27147192 0.92725533 0.10123563 -0.32908773 2.4520633 0.09064541 -0.26118377 -0.7531436 0.0
