-0.88838065 -0.25683558 -0.30122942 -0.08910697 4.7457786 -0.8833889 -0.5067267 -0.71359634 0.0
-0.5577269 -1.0978215 5.4940705 -0.011893043 -0.7129381 -0.37765917 -0.70969504 -0.5281697 0.0
-0.0738058 -0.290356 -0.38302255 -0.26317197 -0.27913824 -0.51420856 -0.6421673 -0.2803495 3.0456219
-0.52096385 -0.7350791 -0.27639025 -0.5943195 -0.42927417 -0.323586 -0.24975765 -0.2030333 3.510141
-0.3171376 -0.41272905 -0.67541337 -0.4470357 0.5624105 -0.7000061 -0.35919484 -0.44986868 3.4159164
-0.65976655 -1.3407068 -0.40438738 0.5560327 -0.115429126 -1.9395151 4.5235877 -0.69795716 0.0
0.03193829 0.41599637 0.2499519 -0.8853221 -0.83842534 -0.40862122 -0.28638878 -0.19987863 2.8656778
-0.8571409 -0.036205534 -0.1398586 -0.7364062 -0.5538944 -0.63044864 -0.23383105 -0.2797295 3.4817755
-0.1847475 -0.05322785 -0.4850514 -0.81388587 0.68883294 -0.5636258 -0.15812488 -0.31258863 2.786935
-1.638277 -1.0347515 0.08006323 1.1142462 -1.6196512 -1.5534931 -0.8068457 4.8993783 0.0
-0.30837253 -0.4122337 -0.7653689 -0.23342879 -0.1436209 0.1610931 -0.7665654 -0.22095554 3.0319424
-0.69124556 -0.97326154 -0.36462682 -0.83999413 -0.32734907 0.16645066 -0.16556503 -0.6172166 3.6956124
-0.7519903 -0.42248088 -0.47491854 -0.37222332 -0.1960844 -0.43230012 -0.7802487 -0.49160898 3.9161298
-0.9304064 -1.088002 -0.70436525 4.781117 -0.91158 -1.0673971 -1.1515994 -0.054567024 0.0
-0.27416927 0.16864794 -0.59466726 -0.9794158 0.16624543 -0.3135686 -0.3459786 -0.96177566 3.0879776
-0.71182704 -0.063887164 -0.4585379 -0.31835485 -0.7082076 -0.80803055 0.045550294 -0.48762146 3.6133573
-0.02563865 -0.35101753 -0.62326974 -0.47896737 -0.49407125 -0.31135067 -0.62488115 -0.012981497 3.1967158
0.27834865 -1.644636 0.20131779 2.4747522 -0.45584702 0.08743314 0.60696596 -0.59745276 0.0
-0.33363938 -0.30158862 -0.695523 -0.5543113 -0.3345324 0.18128413 -0.9119489 -0.7757816 3.5413742
-0.44095722 0.50522083 -0.70280915 -0.3496733 0.28320983 -0.2762454 -0.5774888 -0.66438544 2.801613
0.35753664 -0.43231916 -0.63761544 -0.673218 0.034237277 -0.212654 -0.39994946 -0.56875503 2.9602478
-0.62887156 -0.9888492 -0.92156863 0.37014973 2.949939 1.2297115 0.07525669 -1.1221441 0.0
