-0.057564337 -0.013719714 -0.3976446 -0.36094248 4.3436484 -0.115971945 -0.24936539 -0.18596333 0.0
-0.13743636 -1.044085 5.2356496 -0.46348506 -0.210717 -0.30626416 -0.30248186 -0.094777234 0.0
0.012241803 -0.35148796 -0.21771486 0.067850195 -0.16120857 -0.08685436 -0.33078256 -0.1856442 2.7445707
-0.13958709 -0.055147026 -0.08250956 -0.7691559 -0.008386755 -0.06569064 -0.07585315 0.08539704 2.7163386
-0.71744335 -0.26279238 -0.46312702 -0.024845487 0.28428724 -0.25885636 -0.041919746 -0.14523368 2.9918501
-0.07979635 -1.5535936 -0.2684683 0.43012947 -0.27667844 -1.0220158 4.6285605 -0.3820823 0.0
-0.10576315 -0.29383022 0.03798398 -0.8162583 -0.25750682 -0.27815685 0.31042188 -0.62614906 3.3506057
-0.40423194 0.2173867 -0.08583305 -0.6768746 -0.019447139 -0.4018305 -0.26637453 0.15572163 2.6739585
-0.13053621 0.16539937 -0.24608313 -0.50809205 -0.16357759 -0.4464245 0.28421465 -0.6059057 2.4349651
-1.0499473 -0.59854704 0.30230683 0.58940756 -1.2392693 -0.7592147 -0.1560379 4.63522 0.0
-0.48565486 0.0714267 -0.7999065 0.0627595 -0.05555629 0.21347162 -0.5079885 -0.062245548 2.5879002
-0.40099078 -0.37814987 0.24147429 -0.6331917 0.28149536 -0.085551724 -0.4913167 -0.07257325 2.9360154
-0.1641796 -0.0017435092 -0.23309739 -0.51729965 0.18441619 -0.043700334 -0.058464754 -0.23587312 3.210239
-0.44531262 -0.5317887 -0.06890778 4.5044274 -0.2434522 -0.6339196 -0.37763315 -0.41009542 0.0
-0.061796177 -0.098168805 -0.1583683 -0.44695744 0.4240244 -0.3948726 -0.03761579 -0.18824553 2.0233283
-0.16994719 -0.086359404 -0.4907681 -0.3820161 -0.10200609 -0.25855005 -0.10599773 -0.02993297 3.7768888
-0.30116633 0.022233484 -0.45415217 -0.12585199 0.04001262 -0.28743094 -0.46660972 -0.49529326 3.6349823
0.93471056 -1.0935585 0.27761665 2.2248297 -0.7869295 -0.3872258 0.9210639 -0.5958798 0.0
-0.14693314 -0.08030754 -0.06958115 -0.2924082 -0.09304819 0.0275694 -0.095003314 -0.015377068 1.8958935
0.041925773 0.38257065 -0.07240636 -0.21096876 0.0072843954 -0.0023910312 -0.5091934 -0.019776743 1.4861678
0.33268434 -0.2042447 -0.52427876 -0.39051336 -0.25544834 -0.08437678 -0.1283777 -0.32270426 3.0003054
-0.5747754 -0.78647107 -0.31918073 0.68780774 2.7503185 0.94190484 -0.40844125 -0.84394825 0.0
