-1.1307653 -0.2983543 -0.5697633 -0.34845677 5.1558843 -0.8780359 -0.74304074 -0.7123985 0.0
-0.79064673 -0.68477434 5.0934343 0.080538094 -0.5161402 -0.6028628 -1.0358071 -0.5742617 0.0
-0.23133196 -0.39750907 0.08479474 -0.2030605 -0.07447878 -0.33477998 -0.3340991 -0.6875118 2.9536734
-0.37758127 -0.74801254 -0.122204214 -0.7365752 -0.42226002 -0.23909771 -0.30637723 -0.3352572 3.4810078
-0.33861515 -0.82439494 -0.62544423 -0.121536344 0.42579857 -0.8651943 -0.28142092 -0.23062766 3.4702694
-0.7477165 -1.5122553 -0.1366268 0.67590386 -0.28350228 -2.1317525 4.5973115 -0.7858657 0.0
-0.1439788 -0.15937012 -0.12488874 -0.8110251 -0.5647144 -0.21987225 0.036255695 -0.5689427 3.175289
-0.92015857 0.07652523 -0.09621039 -0.57284474 -0.49848667 -0.50559664 -0.31800443 -0.17502324 3.1942637
-0.36049387 -0.36145577 -0.4463179 -0.19783135 0.5461796 -0.5018616 -0.27206385 -0.6018453 2.9952395
-1.2548457 -1.1942346 0.11508566 1.8084707 -1.3099766 -1.4511867 -0.8763716 3.991055 0.0
-0.4917308 -0.37986255 -0.92168885 -0.6487497 -0.21883266 0.47446364 -0.36546695 -0.27741593 3.055489
-0.57512033 -0.6513043 -0.3731572 -1.0255712 -0.12685426 0.09311035 0.24545349 -0.5222607 3.236699
-0.59912723 -0.566843 -0.5192443 -0.27235574 -0.16883859 -0.41382086 -0.96918035 -0.80868924 3.9083674
-0.71937203 -1.1363868 -0.44675377 4.6118827 -0.94464636 -1.1206104 -1.2896363 0.017628154 0.0
-0.09949051 -0.19206661 -0.66793424 -1.1156416 0.3355651 -0.35193098 -0.19615339 -0.73709923 3.182689
-0.62809336 -0.20050152 -0.52670985 -0.5182054 -0.48739344 -0.37584752 -0.22423527 -0.5137188 3.5656576
-0.2338934 -0.3440146 -0.6982822 -0.51929575 -0.33891794 -0.38371444 -0.23668185 -0.38617784 3.2216384
0.6772364 -1.6018974 0.13500246 2.355642 -0.59354186 0.0018706504 0.32060748 -0.14389212 0.0
-0.20156953 0.059976846 -0.6375497 -0.6916557 -0.16543807 -0.15089993 -0.45234728 -0.6484943 3.072995
-0.4446104 0.058055438 -0.5361713 -0.55136603 -0.20070308 -0.56004834 -0.6338242 -0.4263132 3.3248532
0.20067814 -0.4702557 -0.52300435 -0.18220603 0.021348808 -0.15023302 -0.44828036 -0.57269055 2.849371
-0.2711338 -0.6975362 -0.5027216 0.22774205 3.1710079 0.592028 -0.10430449 -1.1295506 0.0
