-0.25034186 -0.021336462 -0.1677657 -0.871118 4.3374133 -0.4817738 -0.47345728 -0.7171987 0.0
-0.07756232 -0.75696987 3.8418214 0.26079038 0.4448222 0.27921715 -0.53146815 0.038734794 0.0
0.016941512 0.20538227 -0.58670574 -0.41952723 -0.36721006 -0.51465756 -0.21505183 -0.7337666 3.1293073
-0.14360805 -0.2897806 -0.24853566 -0.36097738 0.21290062 -0.32766008 -0.25573128 -0.7708243 3.2470658
-0.24013785 -0.46562198 0.035078388 -0.6799676 0.06348585 -0.33203575 -0.15219091 -0.33963075 3.54745
-0.0017139105 -0.99325174 -0.32579076 1.9735842 1.0656413 -1.2999591 1.9024844 -0.43816236 0.0
-0.07069795 -0.43760782 -0.53136957 -0.43265605 -0.48723042 -0.38463426 -0.039686993 -0.57189345 3.3988583
-0.7368 -0.0076700845 -0.55814725 -0.47474772 -0.45792627 -0.46227625 -0.22941785 -0.3585014 3.2664607
-0.38930732 -0.4761997 -0.60534966 -0.627006 -0.25001812 -0.32831395 -0.050954983 -0.10672865 3.5877461
-1.2265807 -1.1042514 1.5603176 2.3725667 -1.0855757 -1.3787049 -0.9944095 2.5123613 0.0
-0.49665573 -0.37353432 -0.50669664 -0.28191352 -0.21898709 -0.35886985 -0.32426608 -0.21930845 3.1936345
-0.5314045 -0.40606984 -0.2998109 -0.5307744 -0.4337419 -0.34222928 -0.30673662 -0.6672091 3.4681423
-0.35355753 -0.53948605 -0.45598072 -0.612541 -0.43482566 -0.32131907 -0.49418986 -0.3731189 3.6386356
-0.17084406 -0.85685617 -0.6098974 3.220145 -0.81595486 -0.78018093 -0.39103472 0.81502306 0.0
-0.5034677 -0.43805814 -0.40042588 -0.4033652 -0.42856446 -0.52004254 -0.48778 -0.29840592 3.3680046
-0.21224026 -0.4893183 -0.3947809 -0.5746161 -0.4516781 -0.400941 -0.39929608 -0.12321898 3.4043972
-0.4324307 -0.49834597 -0.30557564 -0.6888963 -0.26557133 -0.32536188 -0.1932921 -0.3540642 3.2775075
0.20805268 -0.997227 0.1392953 1.9894606 -0.4820404 -0.17656651 0.17403142 0.67216206 0.0
-0.5723324 -0.6135976 -0.3682513 -0.64291334 -0.3385724 -0.62466383 -0.4439319 -0.3355307 3.4829762
-0.44934887 -0.2948536 -0.34973717 -0.5854775 -0.38131446 -0.40674996 -0.6064446 -0.26727355 3.364672
-0.33963504 -0.53591245 -0.38790697 -0.44664133 -0.192511 -0.3927474 -0.41675264 -0.29839882 3.2977986
-0.56724054 -0.12128418 -0.6106333 -0.77057564 3.9878912 -0.17410766 -0.57360667 -1.1794851 0.0
