-0.436247 -0.08555594 -0.6442541 -0.05561008 4.1013575 -0.12462651 -0.44252476 -0.52346647 0.0
-0.42381716 -1.0834688 5.2819 -0.28275874 -0.5177653 -0.47491813 -0.30849293 -0.3363759 0.0
0.020625452 -0.35507357 -0.36612678 0.089767955 -0.43206814 -0.41884702 -0.34569672 -0.34069198 2.8476999
-0.456003 -0.3734811 -0.3086239 -1.0300239 -0.02234886 -0.19081084 -0.26757365 0.1420592 3.4116523
-0.80582845 -0.3772269 -0.5509822 -0.027850606 0.42623666 -0.6474726 -0.101306304 -0.19495346 3.2108932
-0.37897944 -1.5991591 -0.34313622 0.5954663 -0.31887907 -1.4196303 4.7588654 -0.64117354 0.0
-0.20703709 -0.3846035 0.07052066 -0.99126333 -0.57118875 -0.39945972 0.41084966 -0.6614488 3.5263786
-0.7278747 0.34737018 -0.26574305 -0.98693985 -0.2593158 -0.53670794 -0.29127273 0.17002746 3.305955
-0.17191501 0.17076042 -0.3195932 -0.6021323 0.25519577 -0.31345746 -0.043511014 -0.7953058 2.4745684
-1.1124032 -0.6668954 0.31311166 0.6049644 -1.4594728 -1.4679964 -0.5183959 4.7298775 0.0
-0.5240428 0.089369506 -0.9451826 0.3655909 -0.06886901 0.22475035 -0.84049755 -0.09455091 2.3798532
-0.80709606 -0.47199583 0.3091991 -0.9993816 0.43870446 -0.1801637 -0.20766051 -0.079493485 2.6418126
-0.5054742 -0.14168888 -0.4896416 -0.58661777 0.42324647 -0.106996514 -0.52438813 -0.6501598 3.2886403
-0.76907027 -1.0788373 -0.28604165 4.796667 -0.67173874 -0.7118481 -0.96611714 -0.44270873 0.0
-0.3561667 0.20694077 -0.40907207 -0.43443033 0.5780159 -0.56881744 -0.14737262 -0.24093565 2.3138206
-0.41578084 -0.24587189 -0.6741139 -0.56851923 -0.60402805 -0.69395185 0.19084631 -0.25200796 3.7585623
-0.46998957 0.061980974 -0.5022177 -0.47869363 0.07132153 -0.4879835 -0.38954434 -0.20177205 3.3445017
0.77331084 -1.5352436 0.30442062 2.32669 -0.59217566 -0.3731475 0.9682283 -0.7995241 0.0
-0.5236322 -0.28555652 -0.22516093 -0.67911756 -0.31870365 0.13934411 -0.5074568 -0.3068227 3.3023064
0.08992373 0.73237866 -0.09766782 -0.5498476 0.07150425 -0.20228736 -0.6578157 -0.31330353 2.1814797
0.50052005 -0.4875182 -0.80474603 -0.2149435 0.019044803 -0.2726458 -0.47594634 -0.67728525 2.9602263
-0.71511114 -0.84640175 -0.4035189 0.7239063 2.6795654 1.1827893 -0.4524343 -1.1009568 0.0
