-0.16913599 0.088116914 -0.3765623 -0.8789558 4.587384 -0.48232085 -0.46116933 -0.9386506 0.0
0.0011491337 -0.83434933 4.082316 0.24434155 0.5185073 0.44472456 -0.62977606 -0.16275015 0.0
0.040390797 -0.030976089 -0.51418453 -0.30200496 -0.20027137 -0.5774063 -0.4231933 -0.6989916 3.29284
0.0014119685 -0.043554943 -0.015078743 0.07235719 0.013869965 -0.4864286 0.06760576 -0.5482272 2.7053523
-0.014261916 -0.474138 -0.055483736 -0.44648585 0.1680717 -0.4281105 -0.1965875 -0.5852952 3.7839363
0.11092032 -1.1669505 0.120683596 1.263702 1.7261472 -1.613013 1.9039354 -0.49454165 0.0
0.033453625 -0.67491037 -0.26935574 -0.32494453 -0.32883897 -0.23835586 -0.28546047 -0.3686901 3.3452861
-0.78948253 0.31050906 -0.373769 -0.3110062 -0.35787368 -0.53177243 0.07147742 -0.13670461 2.692518
-0.35657203 -0.33490324 -0.46803614 -0.34340057 -0.38303345 -0.37436908 -0.06295072 -0.27900243 3.5978663
-1.2505143 -0.879325 1.6020632 2.7679553 -1.2745191 -1.2743423 -0.89407635 1.9989383 0.0
-0.42674175 -0.23968606 -0.4011533 -0.50734234 -0.27448905 -0.37416285 -0.51871425 -0.25335395 3.3951156
-0.46500802 -0.36554173 -0.34935534 -0.22684948 -0.42599568 -0.38503262 -0.3142632 -0.5123355 3.2743456
-0.3489914 -0.6029535 -0.45696184 -0.26437575 -0.37298027 -0.36173207 -0.1824363 -0.5019935 3.4790397
-0.0798987 -1.2484943 -0.47819436 3.1362784 -0.5793056 -0.93822694 -0.22624017 0.98929703 0.0
-0.518462 -0.28915688 -0.46394452 -0.4465065 -0.27037925 -0.17663848 -0.46853355 -0.45995027 3.2338448
-0.39208153 -0.34936708 -0.5473917 -0.39774722 -0.31214246 -0.17167686 -0.21953617 -0.2809354 3.3062482
-0.27344283 -0.5522542 -0.4010337 -0.60168165 -0.29165563 0.00980568 -0.37631646 -0.12143949 3.195587
-0.013948172 -0.9113704 0.5609129 1.3610487 -0.17164911 0.019884657 0.2384967 1.1013026 0.0
-0.17328553 -0.60556465 -0.51723033 -0.45229062 -0.24022727 -0.28179586 -0.28768978 -0.22871658 3.0345805
-0.29463995 -0.3716493 -0.2961561 -0.59320104 -0.19785483 -0.1817273 -0.53287363 -0.41627562 3.2521398
-0.3405295 -0.5452025 -0.41391528 -0.5247938 -0.25905246 -0.34694162 -0.36456993 -0.39750245 3.4274602
-0.3018525 0.97400016 0.15158187 -0.26098523 2.3926897 0.089164265 -0.28935742 -0.6977922 0.0
