-0.2150275 -0.04513902 -0.5441008 -0.36305666 4.3675904 -0.117880955 -0.36201832 -0.364452 0.0
-0.28582674 -1.0695038 5.293858 -0.49020565 -0.37801534 -0.40729195 -0.3063733 -0.21599667 0.0
0.017182915 -0.47343168 -0.30520853 0.081384815 -0.30602077 -0.24166918 -0.3404601 -0.27545956 2.8231797
-0.30146348 -0.19144739 -0.19457905 -0.92987347 -0.015861444 -0.1314053 -0.17218544 0.1188739 3.149729
-0.7736896 -0.33237287 -0.5183788 -0.02676273 0.36966896 -0.46977094 -0.0743963 -0.17586346 3.1323853
-0.21983656 -1.5830439 -0.31904638 0.5313563 -0.30341545 -1.2652736 4.7132664 -0.5348839 0.0
-0.1636475 -0.3499965 0.05678768 -0.92605644 -0.43220213 -0.3519067 0.37243274 -0.6488602 3.4637666
-0.5924196 0.29479432 -0.17897552 -0.86482865 -0.10502632 -0.33648923 -0.2826557 0.1652285 3.0318546
-0.15611038 0.16915978 -0.2913967 -0.5673581 0.2067855 -0.5102225 -0.02896329 -0.7013573 2.4824135
-1.061089 -0.64210546 0.30928278 0.5994674 -1.3782002 -1.1652681 -0.34062642 4.6736274 0.0
-0.52705985 0.082622536 -0.891511 0.063877255 -0.063877344 0.22073254 -0.7046334 -0.08026643 2.6286838
-0.6317945 -0.4367331 0.2835519 -0.8517724 0.43095788 -0.13882601 -0.49256364 -0.076997 2.9317265
-0.34108186 -0.030695766 -0.3999367 -0.6638305 0.1969453 -0.07821757 -0.24373174 -0.45597896 3.4217181
-0.63515425 -0.8421494 -0.17390676 4.6921706 -0.4709416 -0.6835136 -0.69539875 -0.4309977 0.0
-0.19312634 0.14118437 -0.3011915 -0.34048057 0.5185626 -0.5005738 -0.09142703 -0.23159821 2.137211
-0.30402237 -0.17051193 -0.6031868 -0.4946308 -0.32440922 -0.49123338 -0.11028885 -0.11976168 3.9243567
-0.4022174 0.0433017 -0.4848334 -0.30003127 0.057954732 -0.40543807 -0.57096106 -0.50218266 3.6842103
0.99017173 -1.3632236 0.29471806 2.3117428 -0.84100777 -0.40552694 0.945957 -0.7212979 0.0
-0.33574018 -0.1832458 -0.14932294 -0.50566864 -0.23875856 0.0785287 -0.28253224 -0.108038336 2.7327726
0.06382 0.5834551 -0.08794911 -0.39325568 0.032215606 -0.008444544 -0.6162158 -0.11952203 1.9107822
0.43381444 -0.35956845 -0.6926125 -0.46040162 -0.27711943 -0.1809038 -0.30098966 -0.52249277 3.2204921
-0.6624313 -0.82490253 -0.34331983 0.71093005 2.8091807 0.96500814 -0.4365062 -1.003067 0.0
