-0.08779118 -0.02008892 -0.43957624 -0.36161676 4.3512845 -0.1165786 -0.28093192 -0.23062414 0.0
-0.17371646 -1.0521417 5.25418 -0.47186232 -0.25402734 -0.33548892 -0.30372006 -0.12336102 0.0
0.013643534 -0.386601 -0.24254665 0.07191197 -0.1978938 -0.12051776 -0.33384496 -0.21061094 2.7694502
-0.17858037 -0.08215055 -0.108576894 -0.8172516 -0.010283131 -0.082004145 -0.09860474 0.09492269 2.8478937
-0.7349599 -0.28328514 -0.48011383 -0.025442801 0.30918595 -0.31321535 -0.050362445 -0.15439507 3.0360608
-0.11037239 -1.5629451 -0.28369644 0.46019277 -0.28495738 -1.0941964 4.6554623 -0.42546967 0.0
-0.12160672 -0.31072706 0.043196596 -0.84985656 -0.30388802 -0.29987526 0.3290298 -0.6333193 3.386361
-0.45677885 0.239622 -0.1085829 -0.7320269 -0.033387933 -0.18645614 -0.27147308 0.1586989 2.7183428
-0.1382192 0.16659193 -0.25974348 -0.52632767 0.15237375 -0.46589693 -0.01731566 -0.65202254 2.4517064
-1.0534949 -0.6121367 0.30451894 0.5926038 -1.2820764 -0.8706464 -0.20031306 4.647459 0.0
-0.49852136 0.074829616 -0.8281112 0.063114546 -0.058090776 0.21576567 -0.56400967 -0.06751657 2.6008642
-0.4637332 -0.3959656 0.25419647 -0.6961552 0.28421286 -0.09987723 -0.49171484 -0.07395867 2.9383814
-0.20744772 -0.0043804254 -0.27702656 -0.5602316 0.18839628 -0.05264459 -0.092362456 -0.29123792 3.2762904
-0.49885023 -0.6159897 -0.09267076 4.563589 -0.30065933 -0.649365 -0.45906347 -0.4166628 0.0
-0.089002855 -0.11308824 -0.19452359 -0.2493926 0.4522016 -0.42597777 -0.049981378 -0.20113991 2.0005507
-0.20469475 -0.10735625 -0.5242151 -0.41490608 -0.14773794 -0.31747094 -0.107350595 -0.046669085 3.8234015
-0.33035305 0.027518312 -0.4637404 -0.16618791 0.045044575 -0.3208472 -0.49770576 -0.4974845 3.6506417
0.95208883 -1.1733764 0.28297132 2.247104 -0.8038228 -0.3929829 0.9387577 -0.63339585 0.0
-0.19140534 -0.10456899 -0.08883872 -0.34839046 -0.12580241 0.038543828 -0.13466756 -0.028731292 2.1306152
0.047954943 0.43784544 -0.07705012 -0.25747082 0.011728654 -0.0035815882 -0.54120976 -0.03520415 1.6104425
0.36214584 -0.24474473 -0.5730876 -0.4116143 -0.26218346 -0.10769647 -0.1686194 -0.3764678 3.0689795
-0.60145164 -0.79855436 -0.32670307 0.69511414 2.7689934 0.9492272 -0.4172086 -0.8918511 0.0
