-0.22234695 -0.040898517 -0.2580292 -0.93372935 4.4567394 -0.5259761 -0.51824135 -0.7470203 0.0
-0.11374052 -0.765113 3.9836686 0.19207443 0.44014624 0.2519843 -0.51338816 -0.047601007 0.0
0.11109426 0.16380729 -0.5550965 -0.44277734 -0.31564626 -0.50774324 -0.26417434 -0.7983645 3.1463525
-0.15360294 -0.2160853 -0.23302391 -0.35530278 0.18201406 -0.35285893 -0.20981707 -0.7616314 3.2135618
-0.25501382 -0.44708535 0.008446805 -0.61858904 0.07209912 -0.4295883 -0.20063807 -0.35039467 3.629126
-0.0014936652 -1.0179882 -0.28934222 1.8889922 1.0720774 -1.4699007 2.0471883 -0.47124863 0.0
-0.060329556 -0.44221273 -0.52434254 -0.39535293 -0.49108952 -0.30677733 -0.058409605 -0.54074484 3.3508804
-0.75510144 0.09477817 -0.5432876 -0.4705895 -0.4341265 -0.5376153 -0.20750679 -0.3587902 3.2023573
-0.4055496 -0.46771213 -0.6141462 -0.6031886 -0.23130777 -0.3480667 -0.038245283 -0.1304197 3.6086001
-1.1961973 -1.0300761 1.6172037 2.5293844 -1.1161494 -1.327506 -1.0111288 2.2490394 0.0
-0.53776556 -0.3600445 -0.58747745 -0.28503147 -0.22685568 -0.38731828 -0.3387301 -0.14267012 3.22962
-0.53061587 -0.46869412 -0.3052865 -0.56528497 -0.5713056 -0.3791223 -0.2803582 -0.652082 3.5540214
-0.33977553 -0.5892781 -0.4170896 -0.60321933 -0.4807225 -0.33593988 -0.5459934 -0.3901047 3.6835792
-0.18240754 -0.86596394 -0.4463203 2.981201 -0.72008145 -0.811117 -0.23946415 1.0008847 0.0
-0.5216432 -0.45603952 -0.40902627 -0.4300107 -0.40550363 -0.49620512 -0.48921102 -0.33503833 3.3890564
-0.16931589 -0.53916967 -0.45602039 -0.55733037 -0.46314913 -0.34650946 -0.42459974 -0.1683974 3.4366267
-0.41482395 -0.53386796 -0.3279868 -0.7190149 -0.29585415 -0.23027351 -0.2447725 -0.4027298 3.3240337
0.13269776 -0.9942546 0.18113256 1.9588361 -0.3535207 -0.13024461 0.15643352 0.6335075 0.0
-0.6176937 -0.63165784 -0.50395864 -0.6693876 -0.3790025 -0.6390824 -0.4280089 -0.32921743 3.5597017
-0.46961397 -0.3200923 -0.26848355 -0.59143895 -0.39719343 -0.42433396 -0.59217995 -0.29480368 3.3653948
-0.37733126 -0.6087287 -0.43076488 -0.43614662 -0.2080867 -0.46634933 -0.43427595 -0.25064462 3.3753562
-0.559777 -0.10541793 -0.6311025 -0.83484876 4.0810785 -0.26105526 -0.7402259 -1.2165679 0.0
