1.4197792 1.4770242 0.46654612 -0.036471482 1.4722962 1.2166213 0.53529423 0.081403755 0.0
1.1427637 0.99985504 0.8835039 0.5390706 1.0896873 1.1447495 0.3527986 0.35739273 0.0
0.691304 0.680797 0.8155806 0.2068352 0.69098383 0.6902579 0.3147356 -0.0466544 1.6101347
0.88853437 0.65146446 0.55563354 0.48330694 0.9722516 0.91876966 0.7756653 0.03369129 1.4347708
0.94683635 0.5446648 0.91287154 0.2677911 0.85274464 0.39701667 0.5124247 -0.0042298962 1.7128481
0.6174514 0.97404915 0.71676075 0.7438941 0.8115465 0.5708165 0.8088866 0.6348026 0.0
0.83675545 0.43851584 0.31791914 0.25640678 0.61172485 0.4856798 0.3532804 0.22572803 1.6354563
0.29959396 0.9372313 0.52264243 0.35923746 0.6500292 0.026192185 0.66500795 0.24227792 1.1943474
0.49376675 0.77260745 0.4179566 0.462486 0.45128348 0.5290605 0.7323443 0.56988305 1.544127
0.49089926 0.8943169 0.8725038 0.8052515 0.89991015 0.72885257 0.49666885 0.6251946 0.0
0.21289083 0.62974834 -0.07748488 0.1976058 0.62891006 0.2851162 0.5451924 0.34218082 1.7118764
0.47010627 0.5667851 0.3547752 0.17655018 0.4116519 0.45459914 0.38941714 0.08740912 1.6233999
0.6547724 0.5830965 0.5417611 0.19045924 0.19089021 0.3717253 0.084612444 0.19443557 1.7285497
0.6526556 0.7143668 0.78394276 0.6395443 0.7109705 0.9099764 0.75035197 0.6417955 0.0
0.32196894 0.34305736 0.24392553 0.1872721 0.3424239 0.4462905 0.29775718 -0.23756835 1.7799801
0.4417889 0.5738102 0.3319019 0.1905324 0.94785994 0.4849287 0.54098535 0.17041898 1.9333061
0.52628505 0.5334223 0.22555928 0.22064134 0.7019528 0.50448066 0.48334765 0.2507615 1.7298368
0.6916654 0.6990354 0.56344235 0.5270919 1.0170062 1.0939395 0.7087999 0.4050286 0.0
0.9078914 0.35018468 0.041181117 0.047590464 0.48807433 0.47211945 0.2436104 -0.3569677 1.9283808
0.5534506 0.6970289 0.2008273 0.17084734 0.33130643 0.50569856 0.28630704 -0.089918315 1.946192
0.66091824 0.33847603 0.22437002 0.18866768 0.7406908 0.5733422 0.5365525 -0.10502609 1.9194888
1.0594169 0.8393945 0.874685 0.23143765 1.0460024 1.3650271 0.9655807 0.19139278 0.0
