-0.17644775 0.1426006 -0.22991607 -0.84733737 4.319062 -0.7099857 -0.4222863 -0.95135665 0.0
-0.18797302 -0.88852984 3.847881 0.4059482 0.4142427 0.10081588 -0.8466158 0.19016077 0.0
-0.24027039 0.23263147 -0.31821766 -0.5866921 -0.38770503 -0.45954153 -0.056557514 -0.6293031 3.0318167
-0.20769787 -0.38255933 -0.07552454 -0.440911 0.14916787 -0.19533981 -0.2664838 -0.65678877 3.1224787
-0.25931007 -0.6172526 -0.35607007 -0.6601407 0.029298762 -0.23714992 -0.32683083 -0.21689245 3.726393
0.041652057 -1.1128697 -0.34070727 1.8547392 0.92666477 -1.513294 2.2939239 -0.7806537 0.0
-0.24765565 -0.32563114 -0.6120997 -0.27816436 -0.38882372 -0.43443078 -0.042777155 -0.6439916 3.3741848
-0.6926618 0.0449514 -0.5001366 -0.34574273 -0.5219861 -0.429432 -0.3061562 -0.11809649 3.0788817
-0.3512609 -0.2949282 -0.48075178 -0.5711726 -0.0056543862 -0.19363439 -0.23855639 -0.2442957 3.3291304
-1.262991 -1.1297268 1.224249 2.4058216 -1.3372087 -1.4618967 -1.0437361 2.8899486 0.0
-0.462503 -0.29654372 -0.4863595 -0.31711927 -0.3531174 -0.14783399 -0.38771284 -0.2573874 3.129568
-0.31094792 -0.2620175 -0.16936354 -0.5726653 -0.14938205 -0.44889614 -0.23058334 -0.5206661 3.128549
-0.48663202 -0.39492026 -0.22875953 -0.642771 -0.3401797 -0.4124189 -0.25206512 -0.38694713 3.4398313
-0.23112178 -0.64471096 -0.32367548 3.215024 -0.9446798 -0.72532195 -0.29849356 0.4844141 0.0
-0.32210794 -0.38016996 -0.14360207 -0.3678388 -0.42625624 -0.47466174 -0.25670555 -0.39326635 3.0922387
-0.32356986 -0.19752394 -0.52722126 -0.5706721 -0.55669 -0.18737468 -0.2586727 -0.16715956 3.2357101
-0.17384106 -0.33583412 -0.28981486 -0.5427142 -0.3016865 -0.19909133 -0.10149718 -0.4431425 2.961024
0.11461413 -1.0652418 0.44545949 1.890308 -0.30875155 -0.404031 0.08801381 0.657862 0.0
-0.5095479 -0.56436956 -0.34527627 -0.6719369 -0.3325191 -0.4347308 -0.3691905 -0.2427686 3.3737142
-0.30099508 -0.16848332 -0.2012691 -0.5310783 -0.18623595 -0.29838976 -0.4881358 -0.47806954 3.1089487
-0.16778071 -0.37983373 -0.6218463 -0.59566915 -0.094376795 -0.18259813 -0.3591296 -0.44489875 3.1962962
-0.19436555 -0.03382326 -0.24474087 -0.4816119 3.2966115 0.03286629 0.01386543 -0.7708854 0.0
