-0.90501565 -0.2613948 -0.35875225 -0.1254529 4.88017 -0.8963207 -0.6600171 -0.72109854 0.0
-0.5690045 -1.0971282 5.5067735 -0.011921831 -0.71884656 -0.5673199 -0.7206984 -0.53997135 0.0
-0.18788713 -0.2951799 -0.37781224 -0.25155 -0.21434665 -0.5210815 -0.53897274 -0.3554698 3.0811129
-0.40252426 -0.7398437 -0.29326698 -0.59369546 -0.4429303 -0.34246838 -0.25609022 -0.21240894 3.4805841
-0.3285167 -0.430777 -0.69533753 -0.4076255 0.5723327 -0.6931697 -0.4779062 -0.40090892 3.4421873
-0.6767707 -1.3593348 -0.3987669 0.42274162 -0.12260162 -1.960143 4.5555916 -0.6357767 0.0
0.01253762 0.3135617 0.25627398 -0.8088387 -0.852302 -0.24619058 -0.12608 -0.37789673 2.8790703
-0.8655458 -0.12699142 -0.13386211 -0.74714816 -0.5548975 -0.64446914 -0.2575143 -0.2706641 3.5284417
-0.07025451 -0.1258782 -0.4841097 -0.6831612 0.55620414 -0.57363594 -0.114052474 -0.40054524 2.7575493
-1.645979 -1.0460602 0.0805915 1.1941401 -1.6218239 -1.5668314 -0.81603414 4.850033 0.0
-0.31331643 -0.41769105 -0.7597269 -0.27296558 -0.16639373 0.16469929 -0.72143555 -0.1751922 3.0142086
-0.69140923 -0.9452325 -0.3999556 -0.85606325 -0.30439335 0.16752145 -0.06305373 -0.66614586 3.6375976
-0.75767064 -0.44579798 -0.5249995 -0.37904665 -0.2034823 -0.44966182 -0.7502232 -0.52164924 3.9495916
-0.93508697 -1.1095142 -0.6907024 4.7582884 -0.82585067 -1.0803592 -1.1575153 -0.05474011 0.0
-0.17995459 0.05308972 -0.6026811 -0.99189484 0.060241267 -0.31879577 -0.3392297 -0.89876544 3.1266997
-0.717826 -0.06415614 -0.4501283 -0.33328375 -0.6897448 -0.7559563 0.044386543 -0.50192887 3.5996633
-0.052141543 -0.34035888 -0.5720755 -0.48874602 -0.4564009 -0.4536135 -0.6302344 0.021774257 3.254309
0.20081885 -1.57188 0.18987182 2.633928 -0.4401083 -0.02782547 0.4770762 -0.6074837 0.0
-0.33922294 -0.24201444 -0.6788509 -0.5372144 -0.2902784 0.093530476 -0.89776725 -0.79703796 3.5102315
-0.49163073 0.27383792 -0.69397664 -0.3574085 0.26045147 -0.1394777 -0.52825654 -0.68558204 2.9255247
0.33337453 -0.44342428 -0.73184115 -0.66285616 0.048381813 -0.20875625 -0.24519569 -0.6461908 2.99281
-0.612815 -0.99971753 -0.9306537 0.36841208 2.9867742 1.1865838 0.04468244 -1.1254348 0.0
