-0.8317901 -0.23119205 -0.52250683 0.19804198 4.5677495 -0.8251413 -0.45826918 -0.69034296 0.0
-0.5375314 -1.0965981 5.5674744 -0.29436043 -0.6929331 -0.33967003 -0.67292327 -0.50709796 0.0
0.20415306 -0.33624175 -0.36097804 -0.2527603 -0.33257592 -0.5347918 -0.69202423 -0.32483184 2.968242
-0.5056934 -0.6925717 -0.38582054 -0.6048542 -0.12687425 -0.33746064 -0.36827374 -0.26876628 3.4645905
-0.567868 -0.46846858 -0.7576636 -0.43488967 0.29501858 -0.8568599 -0.13925532 -0.45904195 3.6388326
-0.6276364 -1.2784115 -0.37743837 0.6263541 -0.053217072 -1.6382923 4.3216357 -0.74875015 0.0
-0.094789 0.37242094 0.24355702 -0.935367 -1.0105648 -0.14711067 -0.119881846 -0.12466461 2.785899
-0.8170184 0.09932397 -0.13474523 -0.701671 -0.5965962 -0.7700483 -0.10344185 -0.21778457 3.3988945
-0.17355882 -0.069336824 -0.4893469 -0.9653441 0.38291278 -0.5167258 -0.1594423 -0.30772313 2.9854429
-1.6163522 -0.8490544 0.07789511 1.0751951 -1.6110133 -1.7248418 -0.74310476 4.8381367 0.0
-0.28474873 -0.4010052 -0.74332696 -0.22286724 -0.14155735 0.27586895 -0.74179083 -0.27834874 2.9187582
-0.6125547 -0.9489778 -0.06129637 -1.0210781 -0.3210082 0.1480676 -0.20397818 -0.5876904 3.6556625
-0.7278731 -0.3618294 -0.7264524 -0.3547153 -0.1552007 -0.15157755 -0.7767526 -0.5822595 3.913523
-0.9144265 -1.3328227 -0.6792104 4.718732 -0.924263 -0.7607842 -1.3525826 -0.14933033 0.0
-0.2704483 0.15138961 -0.5645933 -0.931181 0.25254533 -0.43907785 -0.30105516 -0.8716468 3.030875
-0.68974054 -0.06544818 -0.46780372 -0.3494302 -0.64204615 -0.7628206 0.03323042 -0.57164454 3.6159961
-0.027904369 -0.51070875 -0.40033215 -0.48901916 -0.4335766 -0.35980114 -0.5579821 0.011291681 3.1520712
0.3250192 -1.6706735 0.32979527 2.3811755 -0.5808311 0.18699238 0.7332807 -0.79904574 0.0
-0.3313609 -0.3166569 -0.59610283 -0.5545781 -0.5011722 0.15202618 -0.87303686 -0.7822285 3.6063492
-0.39634702 0.4360588 -0.62782323 -0.42388517 0.18174393 -0.31160834 -0.58381486 -0.59656227 2.871547
0.33251515 -0.39305717 -0.61134875 -0.63066393 0.105762325 -0.041415773 -0.3669469 -0.4865828 2.7601213
-0.41329423 -1.1991935 -0.78284943 0.3331406 2.801707 1.4547204 0.07311455 -1.124432 0.0
