-0.42773807 -0.08404633 -0.641227 -0.055493597 4.0955706 -0.1197588 -0.44005498 -0.51821184 0.0
-0.4191913 -1.0830771 5.281013 -0.2824191 -0.5132462 -0.4728889 -0.30843362 -0.33225068 0.0
0.020521391 -0.35302553 -0.3642743 0.08952294 -0.4279354 -0.41248074 -0.34554687 -0.33867982 2.846489
-0.45077148 -0.3665961 -0.30468374 -1.0270941 -0.022136366 -0.18883826 -0.26430807 0.14135543 3.4040637
-0.8049146 -0.37589803 -0.54994273 -0.027819496 0.4245584 -0.6417096 -0.1004386 -0.19439371 3.208634
-0.3732746 -1.5987074 -0.3422471 0.59357846 -0.31843716 -1.4150819 4.757567 -0.6379424 0.0
-0.20568529 -0.38359383 0.07009626 -0.9893844 -0.5667676 -0.39805 0.4097268 -0.66109455 3.5246174
-0.72370905 0.34578478 -0.2628327 -0.98331255 -0.2528753 -0.5297723 -0.29149768 0.17036018 3.2979844
-0.17145342 0.17109525 -0.31878248 -0.6011345 0.26098529 -0.312497 -0.04302067 -0.7925235 2.4730246
-1.1122248 -0.6661914 0.31300426 0.6048104 -1.4571432 -1.4585742 -0.51236594 4.7292852 0.0
-0.5233976 0.089174144 -0.9436433 0.22486365 -0.06872469 0.22463743 -0.83637714 -0.09419046 2.5033085
-0.8016061 -0.47097516 0.3084536 -0.994939 0.43859184 -0.17885982 -0.20603824 -0.079422794 2.6407065
-0.49996442 -0.13579488 -0.48565817 -0.5840023 0.42264968 -0.10606661 -0.5133198 -0.64376396 3.2843223
-0.7649799 -1.0714142 -0.2821045 4.7937217 -0.6651238 -0.71104234 -0.95730376 -0.44237792 0.0
-0.35014778 0.20474805 -0.4190517 -0.43145642 0.5762732 -0.5667941 -0.14542593 -0.2401853 2.311715
-0.41217077 -0.24337743 -0.67202795 -0.5663171 -0.5936599 -0.6873032 0.19035465 -0.2468428 3.7528515
-0.4680236 0.061364826 -0.5017345 -0.4725042 0.07092597 -0.48546943 -0.59709996 -0.1996612 3.4025373
0.7721677 -1.5301653 0.3041463 2.324477 -0.5905177 -0.37122476 0.9673581 -0.79723245 0.0
-0.5171885 -0.28204954 -0.22259955 -0.6735588 -0.31413746 0.13717899 -0.49924695 -0.29804164 3.2840672
0.081031404 0.7277565 -0.09738291 -0.54473585 0.06993512 -0.20161173 -0.6559267 -0.3050139 2.1788783
0.4985284 -0.48341587 -0.80138683 -0.21304795 0.018879654 -0.26954785 -0.4699093 -0.6724044 2.9496455
-0.71358716 -0.84579474 -0.36112225 0.7235703 2.6656826 1.1823019 -0.4519825 -1.0981022 0.0
