-0.28427503 -0.025606869 -0.51375794 -1.0173784 4.6803865 -0.71857613 -0.48131955 -1.0795476 0.0
-0.20522758 -1.0254372 3.9349387 0.5350048 0.37583253 -0.115492985 -0.8844809 0.20427006 0.0
-0.26118428 0.20044617 -0.29401422 -0.6903958 -0.38287333 -0.40232322 -0.10926009 -0.63305587 3.0737696
-0.13998786 -0.22363229 -0.1712752 -0.50695944 0.039390683 -0.007888364 -0.021546004 -0.6580986 2.9268155
-0.35271668 -0.5775485 -0.37406924 -0.5199136 0.054786105 -0.14611776 -0.31716773 -0.3757203 3.6762145
0.023606779 -1.1254492 -0.19160639 1.8504145 0.9706716 -1.4956709 2.2022018 -0.81360006 0.0
-0.20919795 -0.39061853 -0.5880776 -0.39305508 -0.46438122 -0.3977237 -0.009239257 -0.646265 3.4175904
-0.61271346 -0.02080172 -0.50514686 -0.49201757 -0.6186691 -0.49358186 -0.2555091 -0.02121828 3.1693606
-0.25061065 -0.21597224 -0.481179 -0.56639653 0.12213947 -0.5173636 -0.2514171 -0.12169976 3.2249095
-1.3460623 -1.1962719 1.2204288 2.228684 -1.282324 -1.4598293 -1.203301 3.1240053 0.0
-0.43173075 -0.29133102 -0.5600712 -0.16732402 -0.25872257 -0.26237145 -0.3802588 -0.1436493 3.0048132
-0.40522653 -0.41921586 -0.42370427 -0.5107862 -0.13634385 -0.38194323 -0.18626437 -0.41415682 3.2136354
-0.45562878 -0.22220042 -0.31376132 -0.5478799 -0.58230907 -0.35663003 -0.22874224 -0.32195073 3.3665285
-0.17541946 -0.5498252 -0.3407382 3.1981354 -1.1649 -0.6140732 -0.38645577 0.5471948 0.0
-0.30545312 -0.301637 -0.104296 -0.54174334 -0.42860344 -0.56410706 -0.34063148 -0.47872725 3.1902082
-0.46285057 -0.3235995 -0.48390952 -0.5421763 -0.44403842 -0.08824505 -0.23772602 -0.13059123 3.1761506
-0.4365915 -0.22623779 -0.32760406 -0.6320029 -0.4536972 -0.25240096 0.0088630915 -0.5123422 3.11467
0.13861603 -1.1260694 0.3811743 1.8839573 -0.31172234 -0.42124248 0.08488031 0.7186335 0.0
-0.55901265 -0.5194587 -0.5011397 -0.7447188 -0.46871963 -0.37572747 -0.30186176 -0.20228282 3.4585395
-0.27210748 -0.17742087 -0.2510378 -0.58414406 -0.06279183 -0.37344387 -0.52835417 -0.6506009 3.1810064
-0.15436524 -0.22466396 -0.6472907 -0.5947318 -0.1454358 -0.2545723 -0.25473732 -0.5256201 3.1614282
-0.27285123 -0.03506457 -0.3738747 -0.490456 3.3001285 0.2254384 -0.10517414 -0.7680497 0.0
