1.643946 1.5193986 0.5293853 0.29673603 1.0566833 1.1419413 0.32169235 0.31478724 0.0
1.1570867 0.8325365 0.58295065 0.4751059 1.1664107 1.1934321 0.6783885 0.45775646 0.0
0.44356006 0.53624654 0.51461184 0.3771868 0.90071964 0.9001223 0.65149826 0.17076579 1.5571623
1.0263511 0.58969253 0.6011498 0.4888682 1.0623652 0.74772894 0.64329946 0.14553398 1.4908162
1.0444163 0.55934364 1.0207267 0.38513 0.57802415 0.765124 0.4620185 0.2947492 1.6076201
0.68060535 1.1195987 0.60084987 0.46876517 0.6110865 0.5326697 0.91832864 0.9569504 0.0
0.98315054 0.57513607 0.36124858 0.37560356 0.5625017 0.33611253 0.433516 0.42130387 1.4689225
0.28797317 1.0198587 0.5467939 0.40744963 0.49331155 0.33405143 0.45156738 0.40050003 1.2358
0.5180984 0.9525549 0.46633306 0.7518992 0.35863975 0.36552322 0.45782802 0.74559015 1.4349083
0.8409189 0.75896335 0.921235 0.5244467 1.1147648 0.9439524 0.54823786 0.5484676 0.0
0.5708955 0.40163875 0.2820248 0.3867989 0.8129657 0.36528718 0.425667 0.34804082 1.5472826
0.7519666 0.7926927 0.48807037 0.26701054 0.29695755 0.3560596 0.40740347 0.2862179 1.5127555
0.47819927 0.48315272 0.42557445 0.4704854 0.44878346 0.24507204 0.38860092 0.5368601 1.5818475
0.6323091 0.9836447 0.7162308 0.62385887 0.8105332 0.9924912 0.88501143 0.4470909 0.0
0.44255948 0.62846637 0.41813427 0.3735865 0.7023523 0.2464318 0.33218256 -0.0047124927 1.5740614
0.4120763 0.6239603 0.38742644 0.4152826 0.885085 0.3705738 0.8145623 0.3626583 1.6543164
0.36871472 0.67789644 0.37320834 0.37851387 0.8832927 0.30171952 0.8033561 0.35033816 1.5825362
0.56323045 0.77547634 0.4939343 0.6536219 0.9846341 1.0921625 0.8687837 0.43291742 0.0
0.6558626 0.6878352 0.3572773 0.30194148 0.5074153 0.6270725 0.6211548 0.027962599 1.6000894
0.7759894 0.49918386 0.52984446 0.43562657 0.40739998 0.33124688 0.6813818 0.18243344 1.6199415
0.55370855 0.45138857 0.23026475 0.45722178 0.9280117 0.43392402 0.772675 0.23556153 1.5903976
1.1694347 1.0842706 0.80221415 0.38278523 1.0393767 1.1812555 0.71827936 0.14863831 0.0
