-0.049162753 -0.011897265 -0.38303494 -0.36069113 4.3408012 -0.11574631 -0.23851009 -0.17159767 0.0
-0.12592052 -1.0410935 5.2287483 -0.4603962 -0.19650765 -0.29601744 -0.30202097 -0.08588893 0.0
0.011756146 -0.3392113 -0.20910916 0.06639329 -0.14932364 -0.076848 -0.32964668 -0.17709982 2.7353396
-0.1273144 -0.047514495 -0.0744659 -0.7519351 -0.0077718664 -0.060467098 -0.06877207 0.082090616 2.6688125
-0.71101207 -0.2555272 -0.4569409 -0.02462612 0.27551392 -0.24106815 -0.039143108 -0.14195445 2.975513
-0.07068718 -1.5501173 -0.2629951 0.41941604 -0.2736497 -0.9963072 4.618559 -0.36704165 0.0
-0.10039113 -0.28776032 0.03620302 -0.8040591 -0.24206248 -0.27045768 0.30374795 -0.62349343 3.3373566
-0.38619977 0.20962408 -0.07861609 -0.6573663 -0.01588813 -0.38051504 -0.26449597 0.15462463 2.6253932
-0.12777866 0.16495644 -0.2411695 -0.5014474 -0.18027939 -0.4393656 0.30090812 -0.58953714 2.4287455
-1.0486262 -0.59355175 0.30148527 0.58821887 -1.2236584 -0.7213698 -0.14213638 4.6306586 0.0
-0.48093745 0.07019636 -0.7896255 0.062627494 -0.05463871 0.052013345 -0.48852912 -0.060384803 2.6675792
-0.37980315 -0.3717063 0.23688968 -0.6111722 0.28048763 -0.08074548 -0.4911683 -0.07206275 2.935132
-0.15044257 -0.0012347661 -0.218541 -0.50212824 0.18295212 -0.040764302 -0.04927729 -0.21800976 3.1859267
-0.42683 -0.5033879 -0.06168654 4.4825416 -0.2249972 -0.62824816 -0.35107383 -0.40767056 0.0
-0.05391965 -0.09311671 -0.14665991 -0.45248917 0.4139608 -0.38385087 -0.033825975 -0.18364629 1.9997294
-0.1585399 -0.079616606 -0.47883552 -0.067864254 -0.08881897 -0.23946565 -0.1054971 -0.025353873 3.5418212
-0.29094252 0.020531133 -0.450624 -0.11343593 0.038281277 -0.27586618 -0.45550516 -0.49447778 3.6291544
0.9283051 -1.0651737 0.27564386 2.216572 -0.78071475 -0.38509846 0.9145449 -0.5824506 0.0
-0.13311249 -0.072765425 -0.063511364 -0.27389073 -0.08313191 0.024324538 -0.08338996 -0.012170713 1.8151062
0.039874054 0.36376932 -0.07074531 -0.19584222 0.0060961307 -0.0020558406 -0.497732 -0.015939914 1.4422787
0.32230967 -0.19090128 -0.5071408 -0.3829161 -0.25297868 -0.077025115 -0.11594402 -0.3046581 2.9750679
-0.56512284 -0.78200763 -0.31641698 0.68510026 2.7433798 0.9391859 -0.40521592 -0.8267323 0.0
