-0.0940511 -0.02137894 -0.44683406 -0.36172703 4.3525324 -0.11667803 -0.28645495 -0.23887423 0.0
-0.18049018 -1.053464 5.2572136 -0.47324535 -0.26190156 -0.340521 -0.30392283 -0.12878586 0.0
0.0138872815 -0.39266112 -0.2468637 0.072598256 -0.20463172 -0.1271374 -0.33434802 -0.21499658 2.7735367
-0.18591003 -0.08767167 -0.11355438 -0.82539 -0.010631199 -0.08502876 -0.102919616 0.096576616 2.869989
-0.73786217 -0.2867815 -0.4829477 -0.025541747 0.31345564 -0.32311898 -0.05189439 -0.15594569 3.0433462
-0.11637441 -1.5644783 -0.28626505 0.46529993 -0.28633323 -1.1064639 4.659872 -0.43301085 0.0
-0.12441107 -0.31357837 0.04411349 -0.85547566 -0.3122197 -0.3035809 0.33217394 -0.6344985 3.3922389
-0.46598876 0.24346426 -0.11283237 -0.7414543 -0.036465503 -0.19510834 -0.27231547 0.15919071 2.7412016
-0.1395166 0.1667876 -0.26204607 -0.5293682 0.15598856 -0.46915796 -0.01801367 -0.659883 2.454453
-1.0540756 -0.61438626 0.3048819 0.59312767 -1.2892095 -0.8903435 -0.20865163 4.649462 0.0
-0.50065565 0.075400755 -0.83281285 0.06317275 -0.058515705 0.21614283 -0.5737306 -0.06841907 2.6029885
-0.4748759 -0.3989549 0.25633764 -0.7070198 0.28465936 -0.10243487 -0.4917799 -0.07418754 2.9387677
-0.21552461 -0.0050898455 -0.28494942 -0.56757605 0.18905468 -0.05427001 -0.099518225 -0.3014403 3.2872112
-0.50818783 -0.6309577 -0.09726339 4.5733294 -0.31120253 -0.6519242 -0.47393897 -0.41774577 0.0
-0.09446372 -0.11573186 -0.20116642 -0.25542635 0.45697957 -0.43128693 -0.052355286 -0.20332873 2.0168843
-0.21100889 -0.11124006 -0.5298918 -0.4205418 -0.15694547 -0.32829487 -0.10757327 -0.050176866 3.8310554
-0.33538255 0.028493444 -0.46532607 -0.17390497 0.045924608 -0.3266633 -0.50297904 -0.4978434 3.6532063
0.9549586 -1.1869594 0.28385597 2.2507646 -0.8066172 -0.39393163 0.94168067 -0.63974535 0.0
-0.19984965 -0.109174475 -0.0924545 -0.35850146 -0.13215144 0.040710818 -0.14255957 -0.031814925 2.1716585
0.04901895 0.4476038 -0.07783654 -0.26598394 0.0126765035 -0.0038257418 -0.54662824 -0.03867624 1.6317134
0.36720052 -0.25208303 -0.5814818 -0.4151683 -0.2633006 -0.112074174 -0.17629556 -0.38606304 3.0803485
-0.605926 -0.8005461 -0.3279488 0.6963152 2.7720566 0.95042896 -0.41865882 -0.899931 0.0
