-0.08477798 -0.019464852 -0.43594193 -0.36156088 4.3506503 -0.116528235 -0.27817273 -0.22655085 0.0
-0.17037992 -1.0514721 5.252642 -0.47116277 -0.25012606 -0.3329663 -0.30361733 -0.12069847 0.0
0.0135216005 -0.38356456 -0.24038696 0.07156654 -0.1945629 -0.11729419 -0.3335902 -0.20842183 2.767381
-0.1749753 -0.07948529 -0.10613717 -0.8131566 -0.010111039 -0.08051201 -0.09648662 0.09409506 2.8367584
-0.733493 -0.28152898 -0.47868362 -0.025392788 0.30704367 -0.30831087 -0.049603123 -0.15361491 3.0323741
-0.10744846 -1.5621685 -0.28240308 0.4576251 -0.28426242 -1.0880295 4.6532288 -0.42169687 0.0
-0.12020921 -0.30929154 0.042739056 -0.8470222 -0.29974928 -0.29801396 0.32744727 -0.63272226 3.3833847
-0.45217952 0.2376973 -0.10648991 -0.7272933 -0.031927954 -0.18221705 -0.27104706 0.15845016 2.7068279
-0.13756609 0.16649282 -0.25858393 -0.5247929 0.15057331 -0.46425247 -0.016972162 -0.6480735 2.4503155
-1.0532005 -0.6109995 0.30433512 0.59233844 -1.2784755 -0.8608275 -0.19621353 4.646444 0.0
-0.49744287 0.07454173 -0.8257379 0.063085064 -0.057876565 0.21557474 -0.5591447 -0.0670636 2.599788
-0.45818448 -0.39445874 0.25311783 -0.6907112 0.28398675 -0.09860505 -0.49168184 -0.07384293 2.9381843
-0.20346907 -0.004059294 -0.27309445 -0.55654466 0.18806341 -0.0518392 -0.088932924 -0.28619802 3.2707682
-0.49418232 -0.6085377 -0.09042569 4.5586596 -0.29545122 -0.6480716 -0.45170113 -0.4161149 0.0
-0.08635573 -0.11177115 -0.19123994 -0.24638829 0.4497986 -0.42331123 -0.048819188 -0.20003928 1.9923214
-0.20156603 -0.10543925 -0.5213606 -0.41207796 -0.14327769 -0.31212038 -0.10723789 -0.04498519 3.8195271
-0.3278322 0.027036743 -0.46293864 -0.16240701 0.044604886 -0.31793833 -0.4950536 -0.49730265 3.649342
0.9506372 -1.1665502 0.28252393 2.2452505 -0.80240995 -0.39250278 0.93727934 -0.63020104 0.0
-0.18726125 -0.10230869 -0.08705989 -0.34337384 -0.122700766 0.03748955 -0.13083448 -0.027283587 2.1101084
0.047424372 0.43297964 -0.076654494 -0.2532594 0.0112754395 -0.0034638047 -0.53848344 -0.033564337 1.5997657
0.35960996 -0.24110632 -0.5688784 -0.40982422 -0.26161894 -0.1055427 -0.16485606 -0.37169468 3.063232
-0.59919596 -0.79754657 -0.32607335 0.69450605 2.7674417 0.94861853 -0.41647536 -0.8877823 0.0
