-0.7051998 -0.13982117 -0.64496124 0.105545476 4.410389 -0.44870967 -0.511637 -0.6695142 0.0
-0.53858405 -1.0930765 5.2956867 -0.29117468 -0.64120495 -0.32262397 -0.31029803 -0.45448202 0.0
0.0321624 -0.30457747 -0.4143579 0.122427255 -0.37750387 -0.48415482 -0.30003047 -0.45058194 2.6412487
-0.50470954 -0.58798647 -0.45356047 -0.7958744 -0.06619859 -0.08443992 -0.3595083 0.19739367 3.2965765
-0.822826 -0.17464921 -0.76718307 -0.5144915 0.2603134 -0.7942796 -0.12703393 -0.057233084 3.5724545
-0.5485834 -1.4320983 -0.365501 0.44409862 -0.32985437 -1.535273 4.5622683 -0.7252845 0.0
-0.24044557 0.022664515 0.21522301 -0.8853333 -0.6934153 -0.4116591 -0.09985747 -0.38245627 3.2044404
-0.83550435 0.3461064 -0.347745 -0.6308391 -0.4778752 -0.7372741 -0.028168492 -0.17682885 3.3096313
-0.20857392 0.07608251 -0.2986974 -0.6260962 0.2959536 -0.045344282 0.035137665 -0.5917066 2.5511112
-1.5173731 -0.6843077 0.50945246 1.0581108 -1.5175034 -1.7177824 -0.689529 4.501054 0.0
-0.34703976 -0.068652816 -0.70024985 0.13917413 0.07595241 0.017725332 -0.97719693 -0.1736154 2.5247083
-0.93701684 -0.813035 0.10159445 -0.8711755 -0.1169713 -0.0107620675 -0.25126508 -0.39870873 3.3992634
-0.66036767 -0.36047855 -0.59971267 -0.31041953 -0.20163968 -0.12501997 -0.6960351 -0.500553 3.6834073
-0.87593585 -1.2767831 -0.58740246 4.658821 -0.85514903 -0.7317964 -1.2081946 -0.15774629 0.0
-0.34409142 0.24437793 -0.52112144 -0.8010468 0.5705801 -0.57048 0.06146014 -0.41850394 2.5235877
-0.51381135 -0.3058577 -0.72390395 -0.34494728 -0.6165213 -0.64230084 0.015370555 -0.41409475 3.8023849
-0.26809835 -0.30643943 -0.3484232 -0.38416803 -0.13279152 -0.6340042 -0.5063927 -0.26109716 3.2833006
0.6650678 -1.6338382 0.19663313 2.191501 -0.6421299 -0.044723704 1.1694392 -0.87003565 0.0
-0.4233034 -0.3859834 -0.32190266 -0.5980031 -0.44218895 0.21520132 -0.75534534 -0.61476517 3.4885583
-0.38674054 0.3449783 -0.4012128 -0.67394704 0.24069098 -0.3068362 -0.3287139 -0.47164512 2.8493807
0.33654982 -0.48527566 -0.68562675 -0.2667457 0.0064566555 -0.33032116 -0.6497338 -0.8079294 3.1954083
-0.5847301 -1.1869015 -0.91910964 0.64655226 2.7278943 1.4051594 0.08128847 -1.1729066 0.0
