-0.025741652 -0.0066319825 -0.32860404 -0.35966423 4.329168 -0.11482732 -0.19876991 -0.123441935 0.0
-0.0879785 -1.0289378 5.200599 -0.44796577 -0.14763077 -0.25751588 -0.30014178 -0.05736947 0.0
0.009960327 -0.29325718 -0.1772762 0.060747813 -0.10911214 -0.046528883 -0.32503766 -0.14602117 2.6978846
-0.0869168 -0.025794605 -0.048909962 -0.6853645 -0.005689185 -0.04306117 -0.046025384 0.06983427 2.4827883
-0.6852821 -0.22781712 -0.4324671 -0.02374819 0.24232721 -0.18008788 -0.02956187 -0.12928341 2.909568
-0.043008186 -1.5359699 -0.2417271 0.37826625 -0.26159495 -0.8976332 4.577846 -0.31138334 0.0
-0.081091635 -0.2641905 0.029739508 -0.7559926 -0.18789117 -0.24109478 0.27788824 -0.6127402 3.283673
-0.67251855 0.1806251 -0.054856002 -0.5831887 -0.0069317278 -0.30438244 -0.2569435 0.15021424 2.8568716
-0.11708374 0.16315573 -0.22205576 -0.47514206 -0.18023756 -0.4116136 0.30083224 -0.5270071 2.4034524
-1.0432359 -0.5735355 0.2981459 0.58337843 -1.1617805 -0.5851015 -0.09697288 4.612041 0.0
-0.4621001 0.065376684 -0.74889994 0.06209004 -0.051037725 0.043667 -0.41632396 -0.0533286 2.6520383
-0.30409333 -0.34645277 0.2190107 -0.52872115 0.27640036 -0.06371898 -0.49056086 -0.07001034 2.9315217
-0.10516792 -0.00029883446 -0.16781262 -0.44451478 0.17707929 -0.030658294 -0.024439575 -0.15789068 3.088325
-0.35881335 -0.40205812 -0.039186604 4.4031596 -0.27003604 -0.6055579 -0.26041442 -0.39789343 0.0
-0.030829612 -0.0749983 -0.10706733 -0.39546227 0.37519017 -0.3418422 -0.02188937 -0.16595896 1.8657863
-0.11926904 -0.057062875 -0.432933 -0.06530394 -0.050351206 -0.17491215 -0.10347249 -0.012831972 3.4943893
-0.25257543 0.014814201 -0.43646547 -0.07411114 0.031938616 -0.23316593 -0.41273153 -0.49115404 3.6053984
0.9025404 -0.9564526 0.26771384 2.183091 -0.7557835 -0.37651184 0.88833815 -0.5305556 0.0
-0.08880032 -0.048573904 -0.043694124 -0.20950766 -0.052381374 0.014558197 -0.048862107 -0.0046598893 1.5189301
0.03246741 0.2959369 -0.048094675 -0.14439042 0.15231562 -0.13780953 -0.45343807 -0.006577026 1.2556407
0.28309837 -0.1447493 -0.44262037 -0.35332432 -0.24311593 -0.05301598 -0.076373756 -0.2406882 2.8739672
-0.5272692 -0.7640002 -0.3053524 0.67412853 2.715163 0.9281392 -0.3922768 -0.7598397 0.0
