-0.54471993 -0.10456929 -0.6793975 -0.056940828 4.458067 -0.4343004 -0.47135496 -0.5865366 0.0
-0.47964588 -1.0878985 5.291915 -0.2866177 -0.57156265 -0.49841464 -0.30916262 -0.38658723 0.0
0.017021002 -0.37663046 -0.387681 0.092479266 -0.4815241 -0.41356614 -0.04247773 -0.36194977 2.5665507
-0.519364 -0.46064553 -0.38353994 -0.9959258 -0.024890685 -0.21451811 -0.3073065 0.15025681 3.450647
-0.8162086 -0.3924798 -0.8286899 -0.03455848 0.1816621 -0.7161549 -0.11421474 -0.008169781 3.3545127
-0.44965786 -1.3099805 -0.35332483 0.42069227 -0.3239058 -1.4719537 4.4992223 -0.6787654 0.0
-0.22242579 -0.23496585 0.19661555 -1.0119897 -0.62364477 -0.41569835 0.41234472 -0.6698911 3.5119352
-0.7765447 0.3657611 -0.30087453 -1.0274307 -0.34429973 -0.6215196 0.016749414 -0.15017134 3.3963163
-0.17720735 -0.14418913 -0.32888058 -0.6135014 0.2604488 -0.32448718 -0.04944067 -0.82736826 2.798466
-1.4253651 -0.67488706 0.31432563 0.60670567 -1.4860071 -1.5785741 -0.5915022 4.974938 0.0
-0.48483187 0.15604983 -0.9627187 0.42902455 -0.0712809 0.2008546 -0.8883997 -0.09822164 2.3621414
-0.8716723 -0.48366144 0.31773683 -1.0508783 0.1424412 -0.19146357 -0.22686192 -0.08029516 2.8874154
-0.57196677 -0.2256394 -0.5368768 -0.33228844 0.12560637 -0.111523025 -0.5933221 -0.7268323 3.5413117
-0.8167411 -1.1661963 -0.33442074 4.818429 -0.7510438 -0.72099924 -1.0713081 -0.4323613 0.0
-0.41681883 0.23456237 -0.44667178 -0.4694184 0.59016806 -0.5921426 -0.15951648 -0.24144883 2.3717837
-0.45808497 -0.27583104 -0.6980931 -0.59395486 -0.6588209 -0.7734143 0.0119465655 -0.31826854 3.9470038
-0.24000707 -0.22956394 -0.23632634 -0.5505589 0.075913675 -0.51725304 -0.405172 -0.22717446 3.0206697
0.7926213 -1.5936975 0.42986858 2.3160625 -0.61119866 -0.43648338 0.9761134 -0.83811903 0.0
-0.6020885 -0.3282469 -0.041265476 -0.74506885 -0.37507686 0.16624922 -0.60990846 -0.4256107 3.4139504
0.123333104 0.6661366 -0.39598063 -0.61072576 0.09183037 -0.22478756 -0.38649505 -0.4239234 2.3248074
0.5240911 -0.52754676 -0.8436192 -0.23752108 0.021012709 -0.27397498 -0.54962575 -0.7348413 3.0672507
-0.7324898 -0.8532909 -0.6613357 0.51018995 2.7509837 1.3769819 -0.43132642 -1.1336685 0.0
