5.5908437 -0.8039114 -0.7255437 -0.8524636 -0.59660107 -0.9878051 -1.1789438 -1.0294987 0.0
-1.622259 -1.5238506 -1.1225781 1.1613584 -1.1760899 -1.0672913 -1.1652268 6.137994 0.0
-0.683565 -0.53163314 -0.77180254 -0.78756094 -0.45232975 -0.6450198 -0.75673395 -0.69691694 5.225963
-0.7106067 -0.7756088 -0.6346572 -0.6124888 -0.72024226 -0.4892215 -0.54116887 -0.79070294 5.1922574
-0.80948114 -0.64867073 -0.5875923 -0.77532756 -0.2177256 -0.7308209 -0.93255144 -1.0788141 5.4050174
-1.2042382 -1.2387991 -0.8569048 -0.85999924 -1.5394278 -1.1574087 -0.859425 6.6514287 0.0
-0.86426926 -0.4852011 -0.72995335 -0.87520236 -0.45519212 -0.4587591 -0.51970136 -0.2974333 4.7806025
-0.4894029 -0.6630029 -0.56972325 -0.53073335 -0.39369643 -0.7790787 -0.76574194 -0.6793873 4.8277826
-0.27442166 -0.800123 -0.63125914 -0.64118534 -0.6321698 -0.73587173 -0.51322114 -0.49540767 4.670437
-0.97691584 -1.3285288 -0.7302653 6.4006877 -0.9067102 -1.1775744 -0.7832641 -1.2572622 0.0
-0.55834955 -1.0927463 -0.6845101 -0.5674466 -0.28386202 -0.39663434 -0.4709651 -0.55969477 4.784846
-0.5085827 -0.6008151 -0.49796227 -0.6828233 -0.5910819 -0.6670909 -0.79173917 -0.39383686 4.598302
-0.30155814 -0.71525955 -0.89139795 -0.29014742 -0.6594222 -0.4261459 -0.7301743 -0.74720234 4.7040687
-0.856673 -1.2273054 -0.94147086 6.102544 -0.8700702 -1.1731107 -0.9710067 -0.65517855 0.0
-0.5730722 -0.6369742 -0.83665645 -0.674031 -0.7157589 -0.5920267 -0.21068212 -0.67968976 4.66521
-0.52724016 -0.8837763 -0.28004235 -0.41424412 -0.4075817 -0.29685324 -0.265185 -0.77583516 4.162784
-0.6863774 -0.5091043 -0.5825529 -0.6277785 -0.13678047 -0.6629253 -0.53008074 -0.67953837 4.492494
-1.2329469 -1.2001227 -1.0705669 5.8221126 -0.8863379 -0.83234775 -0.72525954 -1.074377 0.0
-0.5196433 -0.6980108 -0.64046055 -0.69393045 -0.6308473 -0.25517014 -0.35958803 -0.5217417 4.345974
-0.3400203 -0.7536265 -0.46635243 -0.61102456 -0.21256714 -0.41788802 -0.35729435 -0.8528438 4.1875253
-0.63217473 -0.027310874 -0.5604339 -0.71482897 -0.41870725 -0.48971146 -0.41623893 -0.4943738 4.006716
5.593479 -0.8203004 -0.83156365 -0.90887326 -0.808075 -0.76110476 -1.1546069 -1.0486252 0.0
