5.0840273 -0.84576994 -0.76192486 -0.7840853 -0.34229803 -0.57173437 -0.44427732 -0.5025479 0.0
-1.3820617 -0.5907644 -1.052042 0.30927384 -0.7382197 -1.1179919 -1.1496235 6.645211 0.0
-0.20780192 -0.49596846 -0.76916295 -0.8402803 -0.60031027 -0.8945574 -0.6257322 -0.8388441 5.3475676
-0.8114731 -0.87547255 -0.4458317 -0.8342872 -0.57668656 -0.30494115 -0.79270124 -0.87677133 5.5652084
-0.70090574 -0.75459796 -1.1927683 -0.19898818 -0.18594855 -0.075301275 -0.3171638 -0.35202932 4.6739063
-0.903384 -1.3299328 -0.6645338 -1.064854 -0.91382545 -1.1203196 -0.9583624 6.8147526 0.0
-0.61056393 -0.44915673 -1.1074674 -0.7069164 -0.45418662 -0.19964737 -0.7581348 -0.8271949 4.973297
-0.32933572 -0.7388365 -0.9841033 -0.2251938 -0.75195307 -0.3881293 -0.34919527 -0.40599018 4.858527
-0.69757354 -0.5838069 -0.60335773 -0.7142492 -0.33721003 -0.8560559 -0.5533486 -0.450999 4.9586296
-0.85316247 -0.6334232 -0.52507365 6.563489 -1.1346381 -0.7611312 -0.90848774 -1.0250658 0.0
-0.31022993 -0.69653505 -0.3134553 -0.92037714 -1.0244113 -0.31376275 -0.59342617 -0.35462102 4.7900987
-0.7449573 -0.69308734 -0.62051624 -0.5749406 -0.46190536 -0.21739534 -0.26254222 -0.7313412 4.6193204
-0.63982433 -0.6362973 -0.250524 -0.7441799 -0.35347286 -0.6990135 -1.1570376 -0.5863391 5.170526
-1.3288556 -0.8567377 -1.3539382 6.632044 -0.2795321 -1.2508698 -1.0961088 -0.47830766 0.0
-0.71458286 -1.2426448 -0.54611045 -0.7289174 -0.14565077 -0.85834086 -0.807489 -0.5805937 5.3362226
-0.19823878 -1.0503817 -0.82483995 -0.7216898 -0.015580866 -0.18327957 -0.16260111 -1.0342422 4.420863
-0.52380633 -0.64344585 -0.69001245 -0.69490254 -0.76944214 -0.61392546 0.3148565 -0.71138304 4.624153
-1.3048193 -0.3438379 -0.95187545 6.1010647 -1.1191456 -1.3111136 -0.90802914 -0.54303557 0.0
-0.295495 -0.78284013 -0.94632 -0.7696247 -0.3671265 0.19424425 -0.22024806 -0.6342041 4.2141924
-0.38126862 -0.45938572 -0.8927055 -0.22908576 -0.2782519 -0.46114954 -0.6906899 -0.88684916 4.2349253
-0.913497 -0.4136207 -0.6783018 -0.552427 -0.041645855 -0.56611174 -0.14154126 -0.47234067 4.160939
5.862154 -1.4029655 -0.32558063 -0.68717885 -0.719725 -0.6422531 -0.9009539 -1.0957041 0.0
