5.315929 -0.65749425 -0.85748667 -0.7379711 -0.3756232 -0.6016185 -0.5641669 -0.685032 0.0
-1.4447196 -0.5319735 -0.95998067 0.20549823 -0.6556338 -1.2057278 -0.9334098 6.7196727 0.0
-0.32614356 -0.8462337 -0.88540214 -0.4497631 -0.6056362 -0.64516073 -0.49180037 -0.5501702 5.382925
-0.886485 -0.5647974 -0.28900048 -0.4256154 -0.6459037 -0.2544582 -0.6749589 -1.069525 5.3732915
-0.733718 -0.7756142 -0.73912954 -0.3164651 -0.20220494 -0.11199653 -0.2963366 -0.6854243 4.7550726
-0.66192615 -1.1356007 -0.38211662 -0.85165673 -1.3634579 -1.1496919 -0.6889927 6.9106402 0.0
-0.45914805 -0.8279332 -1.07127 -0.33553484 -0.6806779 -0.023696957 -0.3843664 -0.7014195 4.941452
-0.29730934 -0.4419672 -0.932301 -0.18172643 -0.38042495 -0.087386504 -0.5548733 -0.57219374 4.785086
-0.55355525 -0.61705875 -0.697195 -0.5673522 -0.09641825 -0.59711367 -0.6177028 -0.23854595 4.7156606
-0.71839494 -0.7585107 -0.9937089 7.074864 -0.9238141 -1.4851269 -0.70255053 -0.95449734 0.0
-0.0063001537 -0.47327602 -0.049611628 -0.9261979 -0.69345593 -0.59118664 -0.45794198 -0.261878 4.385926
-0.89053804 -0.69247055 -0.37700582 -0.5035487 -0.12423195 -0.52052563 -0.37298164 -0.3956393 4.601853
-0.7549023 -0.6488833 -0.27344227 -0.92622733 0.2119908 -0.63925517 -1.0314317 -0.60287476 5.117592
-1.2973013 -0.64509606 -1.0612223 6.554559 -0.46776208 -1.1502758 -0.84274995 -0.77311057 0.0
-0.67974186 -0.96800256 -0.3258587 -0.59539324 -0.12164111 -0.6401666 -0.9225867 -0.38188383 5.1057982
0.019098513 -1.2938886 -0.82296866 -0.6432732 -0.3523987 -0.44926146 -0.013640535 -0.7948596 4.5151386
-0.6495549 -0.7809226 -1.1614313 -0.4723554 -0.35189167 -0.5945129 -0.0108577125 -0.49518895 4.914791
-1.0319064 -0.35810095 -1.1105142 6.0939145 -0.9684152 -1.302674 -0.6553093 -0.749716 0.0
-0.17793638 -0.525945 -0.6378501 -1.0236619 -0.2906686 -0.033146784 -0.6198151 -0.7573797 4.5917068
-0.36966679 -0.5072979 -1.2461753 -0.1808448 0.052274734 -0.14411667 -0.56262356 -1.1373127 4.180651
-0.50584507 0.035001036 -0.80251414 -0.7662078 0.23354231 -0.56377083 0.29518402 -0.7528539 3.5035622
6.017189 -1.2094502 -0.6266307 -0.40416276 -0.34845287 -0.9788978 -1.0911182 -1.0529935 0.0
