5.0956907 -0.7407111 -0.9315147 -0.5529953 -0.351312 -0.6529379 -0.5766784 -0.4508894 0.0
-1.4383429 -0.6001271 -0.9950712 0.21233684 -0.68698436 -1.0219632 -1.016686 6.65711 0.0
-0.35617584 -0.84314513 -0.947132 -0.48377123 -0.6571344 -0.772013 -0.5515653 -0.5779523 5.4899945
-0.9198546 -0.65695626 -0.32873333 -0.44626948 -0.6777586 -0.30295992 -0.72621995 -1.0969266 5.4535074
-0.5987393 -0.67916614 -1.0307218 -0.34769735 -0.18664713 -0.20857592 -0.47396693 -0.55954206 4.771617
-0.73081875 -1.2066512 -0.41229036 -0.929614 -1.3879999 -1.2214338 -0.7841539 7.0264163 0.0
-0.50295836 -0.7935477 -1.1603795 -0.36527348 -0.5239125 -0.024974795 -0.6454586 -0.7190196 4.968998
-0.28567213 -0.57179683 -1.0250584 -0.035275944 -0.47308725 -0.24211976 -0.26142332 -0.5167529 4.6050653
-0.5995257 -0.6568945 -0.80234504 -0.7579361 -0.08123017 -0.66617465 -0.6360255 -0.40756616 4.956637
-1.0073912 -0.7988067 -0.9919062 7.0357537 -1.0024583 -1.2574368 -0.76427335 -0.986551 0.0
-0.2330101 -0.62039393 -0.29530454 -0.99349266 -0.8151012 -0.34525916 -0.501837 -0.5136755 4.678313
-0.94496185 -0.7331354 -0.26657405 -0.60781115 -0.3995378 -0.48477027 -0.3595925 -0.696284 4.817207
-0.77438664 -0.5893395 -0.062405817 -0.97392744 0.078440346 -0.69342846 -1.0695249 -0.63271475 5.1661863
-1.3698181 -0.70608085 -1.2013811 6.582348 -0.26410064 -1.1892576 -0.9343049 -0.83101434 0.0
-0.7622616 -1.0794437 -0.28819227 -0.63356024 0.12054942 -0.8262445 -0.9792928 -0.45915824 5.101242
-0.1586394 -1.2657075 -0.74628067 -0.97623205 -0.22696714 -0.37625346 -0.1627864 -0.8568109 4.673668
-0.7281822 -0.4213926 -1.0905783 -0.5313347 -0.33200684 -0.63827676 -0.03306226 -0.535613 4.6506333
-1.1343882 -0.392799 -1.1320183 6.16832 -1.0287676 -1.3490268 -0.74596155 -0.8152603 0.0
-0.18294449 -0.56421846 -0.7247503 -0.7979207 -0.18975519 0.014568007 -0.5758203 -0.3764182 4.115414
-0.22885849 -0.5225229 -1.1059575 -0.15200393 -0.19901401 -0.105314516 -0.57600576 -1.0088087 4.0908003
-0.70476484 -0.38093063 -0.91708255 -0.54194856 0.18949479 -0.25957713 -0.061520398 -0.5254441 3.9533336
6.064341 -1.2945887 -0.61844575 -0.48212394 -0.4731887 -0.831533 -1.1440243 -1.0177743 0.0
