3.8295732 -0.82081306 -0.587049 -1.0823576 1.5413352 -1.5156305 -0.93265074 -1.0594877 0.0
-1.3725967 -1.7285275 -1.265776 2.9771223 -1.6845883 -1.0176077 0.35827076 2.8806415 0.0
-0.7639039 -0.5073041 -0.4498555 -0.6699818 -0.5324344 -0.8842085 -0.34047288 -0.67170215 4.4516487
-0.8036885 -0.85408145 -0.60980064 -0.29169017 -0.63700455 -0.6699998 -0.4603765 -0.68958837 4.4160914
0.061654586 -0.72027695 -0.45562014 -0.6657761 -0.5039347 -1.0649291 -0.6705466 -0.5410729 4.303881
-1.2128868 -1.1302897 -0.8758518 0.08637733 -1.0980501 -1.2718401 0.06417796 4.3363433 0.0
-0.7370026 -0.8180014 -0.7741145 -0.42133626 -0.56366366 -0.3524588 -0.22598857 -0.6361233 4.1630206
-0.72391367 -0.5927008 -0.6588277 -0.56689703 -0.64586264 -0.49895385 -0.7237344 -0.38154396 4.347043
-0.42713395 -0.7602461 -0.67842954 -0.59653616 -0.70766777 -0.39484838 -0.32867014 -0.60139275 4.1891375
0.46174774 -1.8068058 0.5027572 3.4769886 -1.1079881 -1.6017841 -0.0749584 -0.6981334 0.0
-0.56299996 -0.8861485 -0.39713866 -0.5559907 -0.48343116 -0.4938439 -0.5664447 -0.5011147 4.1347904
-0.7341081 -0.3724462 -0.66127956 -0.5995839 -0.36513013 -0.43538177 -0.54016894 -0.59206927 4.035445
-0.5349254 -0.70318896 -0.60467803 -0.7063412 -0.5033235 -0.5431821 -0.35763034 -0.6848235 4.3781643
-0.5506022 -1.4514236 0.052436855 2.8947759 -1.321438 -1.6570828 -0.18690068 1.2505198 0.0
-0.8233304 -0.6299377 -0.6823928 -0.6474839 -0.33537376 -0.5733831 -0.53336006 -0.39044595 4.2522163
-0.5398398 -0.6901873 -0.6909182 -0.7838185 -0.3614403 -0.5359756 -0.5716105 -0.5474279 4.269584
-0.37580737 -0.76694334 -0.5795794 -0.55439323 -0.62339646 -0.46861553 -0.5052944 -0.6112971 4.26314
-0.0685203 -1.2359189 -0.03528096 2.0111854 0.06883209 -1.649374 0.04284963 0.41245678 0.0
-0.6593419 -0.5786095 -0.55896807 -0.89796054 -0.49545702 -0.44197315 -0.4759079 -0.5257785 4.2243185
-0.62213326 -0.60253686 -0.72067934 -0.6903719 -0.27195832 -0.31924707 -0.61904997 -0.64213336 4.2187357
-0.5981444 -0.5546314 -0.6676814 -0.69925827 -0.36624515 -0.45912972 -0.5664821 -0.5327191 4.1248717
2.2351735 0.1266523 -0.36689878 -1.0377556 -0.15601039 -0.32277706 -0.08265928 -0.8923153 0.0
