5.172034 -0.8277921 -0.5774508 -0.7741809 -0.06869909 -0.7244314 -0.7454855 -0.8636924 0.0
-1.6387459 -0.81737703 -0.76371366 0.45641622 -0.8581953 -0.9883905 -1.067714 6.48537 0.0
-0.36119947 -0.46408835 -0.7899037 -0.92647046 -0.70236474 -1.1047821 -0.55811286 -0.62196285 5.344025
-0.91396827 -0.95514095 -0.6632311 -1.0907359 -0.5060097 -0.11812918 -0.9408701 -1.0811164 5.877961
-0.62219447 -0.28586355 -0.9182471 -0.37891063 -0.0576778 -0.29510966 -0.42933822 -0.59218436 4.5663342
-0.97685957 -1.0391494 -0.7792906 -1.0564144 -1.1006943 -1.1163484 -1.1777524 6.8108244 0.0
-0.6100279 -0.4120477 -1.0124955 -0.6318217 -0.46897203 -0.16539155 -0.54146945 -0.97526014 4.8799505
-0.7564571 -0.38964567 -0.9110678 -0.5001576 -0.9785182 -0.510037 -0.5727298 -0.42166698 5.136819
-0.4629206 -0.3866321 -0.7251544 -0.8589135 -0.33867955 -0.9136711 -0.71991366 -0.7204452 5.015187
-0.95187825 -0.82503045 -0.31081456 6.415238 -1.1316456 -1.0707228 -1.0452244 -0.553717 0.0
-0.46370053 -0.46906948 -0.4656041 -0.56416345 -0.9986316 -0.49088445 -0.6494887 -0.63013965 4.844072
-0.5942127 -0.5505926 -0.6840247 -0.31083825 -0.42350125 -0.6126668 -0.4639965 -0.68119985 4.5570216
-0.33345848 -0.45162186 -0.653429 -0.656095 -0.68608403 -0.5009858 -0.7435314 -0.4088577 4.7201314
-1.0965159 -1.0142022 -1.2905314 6.657301 -0.2428247 -1.4787889 -1.0720636 -0.6459065 0.0
-0.3552199 -1.3190376 -0.74435514 -0.4759583 -0.33525425 -0.7775823 -0.41679662 -0.4260287 4.913849
-0.4050877 -1.0766288 -0.81019014 -0.92463046 -0.23614 -0.3023743 -0.096123405 -0.75486535 4.531105
-0.55673945 -0.5625733 -0.6303099 -0.6143119 -0.89949626 -0.21308622 -0.4872763 -0.8711244 4.905095
-1.2508049 -0.63467413 -0.9644504 6.0490913 -0.91359496 -1.0192202 -0.9209988 -0.77284443 0.0
-0.30493158 -0.6796419 -0.98448807 -0.7335733 -0.582064 -0.13466902 -0.32729438 -0.68721575 4.3570666
-0.20429474 -0.33035615 -0.92938966 -0.51540965 -0.62586623 -0.34533387 -0.43913165 -0.8447224 4.0889378
-0.8022228 -0.51097476 -0.7337953 -0.75338864 -0.08363502 -0.7408678 0.011513223 -0.4010226 4.2624774
5.561158 -1.0632868 -0.5412355 -0.953592 -0.36864156 -0.61994576 -0.7602002 -0.9977238 0.0
