4.2001467 -0.8436207 -0.63460124 -1.2093582 1.154004 -1.3834364 -0.87006336 -1.0670524 0.0
-1.4244218 -1.7909013 -1.3055784 3.3628082 -1.7628173 -1.1496149 0.10661969 2.8303492 0.0
-0.6971358 -0.5294177 -0.42365322 -0.6944108 -0.55980676 -0.89286834 -0.47309616 -0.6916527 4.587448
-0.78979754 -0.9055999 -0.6682034 -0.39144862 -0.63315713 -0.51138014 -0.48751572 -0.69102484 4.5285835
-0.1559465 -0.6273202 -0.5236378 -0.6477703 -0.4986376 -0.98041576 -0.71096677 -0.58043194 4.4575214
-1.1055875 -1.263097 -0.86939377 -0.058929574 -1.1389618 -1.2973052 -0.17037143 4.6518807 0.0
-0.633381 -0.7442345 -0.75636965 -0.548232 -0.6501507 -0.47970682 -0.2593066 -0.58812135 4.285434
-0.7220506 -0.59313947 -0.5248751 -0.49809483 -0.71799105 -0.47781187 -0.66853815 -0.39533383 4.3124685
-0.47158733 -0.7470532 -0.68691015 -0.5475591 -0.53194636 -0.37332842 -0.39401263 -0.63689 4.1865573
0.18111953 -1.7934371 0.37560603 3.9026723 -1.0910783 -1.596355 -0.30050355 -0.6576988 0.0
-0.58830565 -0.9423174 -0.45342106 -0.5939477 -0.5373536 -0.39668375 -0.4906456 -0.5350005 4.2466154
-0.84748375 -0.4460154 -0.54897386 -0.6545257 -0.3143663 -0.41809788 -0.5436528 -0.49620828 4.083781
-0.66042995 -0.6148726 -0.6360919 -0.5884448 -0.49522123 -0.38643774 -0.33722767 -0.5488604 4.252271
-0.59525883 -1.5576823 0.086400054 3.2163627 -1.3641907 -1.5802556 -0.29574007 1.0154489 0.0
-0.8225374 -0.73015624 -0.59894854 -0.64965326 -0.29290974 -0.47273108 -0.65308666 -0.52860075 4.380539
-0.63941115 -0.6703204 -0.7264241 -0.7301534 -0.40156192 -0.45427692 -0.4431769 -0.61807156 4.3453836
-0.39510572 -0.70747286 -0.66452205 -0.6296028 -0.6009667 -0.46532482 -0.37410063 -0.61004776 4.292507
-0.26935545 -1.2938237 -0.1139345 2.334324 0.075736806 -1.6802543 0.033066098 0.3495836 0.0
-0.70038205 -0.53041923 -0.58334094 -0.72794896 -0.53786397 -0.5383975 -0.5072748 -0.44598758 4.2836175
-0.43252456 -0.5951146 -0.65015894 -0.74433595 -0.32092407 -0.43612686 -0.61146533 -0.6171723 4.2074056
-0.7221681 -0.5081847 -0.4861719 -0.7411553 -0.36368436 -0.35352746 -0.5313628 -0.5476691 4.092385
2.4497972 0.074164554 -0.58095664 -0.97555536 -0.20897883 -0.49083272 0.087945715 -0.85613245 0.0
