5.4283867 -0.8635013 -0.8076478 -0.63023615 -0.54642415 -0.8808959 -1.0091472 -0.7669561 0.0
-1.6842223 -1.0126164 -0.8755958 0.61894757 -1.0417353 -0.94230235 -1.1904094 6.384039 0.0
-0.34508324 -0.40939498 -0.7779004 -1.0347885 -0.4793387 -0.66913366 -0.64871603 -0.70997185 5.180103
-0.7682136 -0.7892851 -0.5266426 -0.82865554 -0.58922404 -0.77783024 -0.2338292 -0.9061655 5.327543
-0.48653677 -0.67801607 -0.8744 -0.5214089 -0.22961792 -0.6378706 -0.48914477 -0.62754756 4.99105
-1.2697968 -1.1520627 -0.89485466 -0.71124554 -1.1556845 -1.0968974 -0.9529295 6.685901 0.0
-0.6635337 -0.8362144 -0.822935 -0.7548382 -0.83097863 -0.43801272 -0.46808654 -0.54568994 4.9920955
-0.639344 -0.5881422 -0.94158685 -0.48275876 -0.6173989 -0.49956635 -1.0514501 -0.1616766 4.9948645
-0.3517925 -0.72602445 -0.6797063 -0.65350306 -0.6430071 -0.90438825 -0.75006926 -0.46832997 4.923532
-1.0773712 -1.2392261 -0.7903334 6.7801247 -1.1654794 -1.0786613 -1.0249277 -0.91765815 0.0
-0.47853523 -0.7086088 -0.392457 -0.5130433 -0.88491774 -0.1529992 -0.5792961 -0.45358 4.521714
-0.5773322 -0.4640875 -0.58953744 -0.101848386 -0.72616184 -0.5775317 -0.6601797 -0.7922302 4.533641
-0.66599894 -0.61834997 -0.8854392 -0.49579868 -0.5111135 -0.10142616 -0.7612284 -0.30657783 4.697286
-1.1942972 -1.1057712 -1.3321677 6.630452 -0.59910434 -1.1782478 -0.7970536 -0.9378503 0.0
-0.5156712 -1.0858865 -0.8936119 -0.13836247 -0.50442696 -0.73211485 -0.34542584 -0.34896016 4.709881
-0.6300313 -0.8068154 -0.5024102 -0.8203477 -0.5893878 -0.4425854 -0.4720389 -0.7196001 4.659336
-0.6497942 -0.49219218 -0.7795176 -0.5864475 -0.58342475 -0.38167968 -0.46785083 -0.42854 4.6821504
-1.2198249 -0.8365543 -1.0370791 5.9154544 -0.9337497 -0.7240908 -0.62006545 -0.994049 0.0
-0.20734225 -0.632759 -0.8364509 -0.6894652 -0.6082627 -0.18462901 -0.26506528 -0.0030197452 4.060536
-0.1701024 -0.556601 -0.63253057 -0.6381417 -0.2614214 -0.22504081 -0.01878433 -0.85611117 3.8445973
-0.6667353 -0.3981342 -0.7049996 -0.5179142 -0.24793784 -0.77333975 -0.51823866 -0.7655687 4.360964
5.908189 -0.8776674 -0.7229723 -1.0284288 -0.9118886 -0.9367887 -0.8817248 -1.0188107 0.0
