5.59048 -0.8934171 -0.75022054 -0.59270126 -0.6352512 -1.0476851 -1.0808969 -0.94400114 0.0
-1.4675417 -1.0264728 -0.9502338 0.76247245 -1.1916162 -1.0560665 -1.302208 6.3211436 0.0
-0.74665886 -0.73250765 -0.8030171 -0.7761033 -0.6620417 -0.57330894 -0.474255 -0.41366678 5.1803226
-0.84447277 -0.6992107 -0.48420304 -0.5838412 -0.531819 -0.85825896 -0.54085994 -0.95807403 5.300104
-0.2803307 -0.5535362 -0.817612 -0.5258294 -0.30619752 -0.7658901 -0.8042368 -0.8820403 5.1727247
-1.3258216 -1.0555737 -0.6652917 -0.8463351 -1.255051 -1.1351128 -1.0391711 6.6508946 0.0
-0.8457089 -0.79268163 -0.9345192 -0.9214529 -0.7948611 -0.4203619 -0.583855 -0.5414918 5.14893
-0.5416071 -0.48643783 -0.9617085 -0.24918336 -0.5489697 -0.5715763 -0.9756079 -0.45656738 4.9397697
-0.29537573 -0.55917746 -0.7799434 -0.7604627 -0.50082946 -0.90565646 -0.83020866 -0.27163088 4.805596
-0.91473174 -1.1502094 -0.9288676 6.691876 -1.1856648 -1.1622596 -0.95354456 -1.0192311 0.0
-0.4119985 -0.7775833 -0.47864088 -0.41687736 -0.6946998 -0.42597872 -0.5641311 -0.5158324 4.585219
-0.6065763 -0.68679196 -0.81021893 -0.23547046 -0.46571052 -0.66527575 -0.3122983 -0.7380166 4.615642
-0.8435575 -0.6644742 -0.8154445 -0.59931284 -0.62721044 -0.1763644 -0.5649891 -0.71728075 4.9231696
-0.98757154 -1.0541061 -1.3716589 6.5007744 -0.6083542 -1.2388177 -0.91728526 -0.95035344 0.0
-0.42832783 -0.98695886 -0.9629267 -0.44707474 -0.5259189 -0.6317592 -0.30714986 -0.5920801 4.800639
-0.46478033 -0.5659345 -0.49207288 -0.6254679 -0.07048082 -0.4801798 -0.33665317 -0.6996633 4.1846166
-0.48294994 -0.24451265 -0.70604706 -0.6897191 -0.5164584 -0.6541729 -0.62428814 -0.624909 4.6780586
-1.127703 -0.91227263 -1.2186537 5.990669 -1.0062155 -0.6880469 -0.6942756 -1.1614642 0.0
-0.49453694 -0.7476798 -0.683486 -0.6997108 -0.65185165 -0.41977745 -0.19603384 -0.13439164 4.299509
-0.07507093 -0.6719033 -0.54264855 -0.8525424 -0.17803055 -0.2166751 -0.4537123 -0.88760155 4.069981
-0.45214358 -0.034761146 -0.6305655 -0.4118653 -0.3331107 -0.9653716 -0.6087144 -0.8837759 4.14696
5.9359818 -0.7279555 -0.70809287 -1.1351923 -0.85994196 -1.108951 -0.9882625 -1.0257217 0.0
