5.565916 -0.6866734 -0.6788311 -0.8385319 -0.8210724 -0.41708252 -0.4626219 -0.75967914 0.0
-1.2894549 -0.30930805 -0.6189639 -0.17912236 -0.8743352 -1.2221296 -0.65266806 6.991495 0.0
-0.21800393 -0.54382384 -1.0789468 -0.6808032 -0.26702598 -0.29746726 -0.59167784 -0.66926384 5.608348
-0.73230696 -0.3685577 -0.111328654 -0.37888286 -0.6072988 -0.0954038 -0.761074 -0.99119264 5.0754976
-0.6126625 -0.53566056 -0.6734126 -0.20990121 -0.2373793 -0.056612708 -0.2360866 -0.85030013 4.636015
-0.6996877 -0.8720898 -0.30817726 -0.58179694 -1.2346754 -0.88966185 -0.6521169 6.547749 0.0
-0.22893098 -0.7031591 -0.84522444 -0.18773831 -0.6996425 -0.15198644 -0.4035858 -0.90628105 4.870941
-0.317291 -0.65745395 -1.109452 -0.7144561 -0.2463254 -0.26347327 -0.5489384 -0.29019105 5.116956
-0.26292938 -0.30603275 -0.26105803 -0.69972974 0.4486591 -0.35252726 -0.78859085 0.045670338 4.14093
-0.9992499 -0.606471 -1.3048507 7.626919 -0.6546914 -1.4158584 -0.48977444 -1.1893286 0.0
-0.053869773 -0.19239165 0.08843059 -1.0618925 -0.042117313 -0.26676622 -0.76748323 -0.5665578 4.324809
-0.6858187 -0.5711981 -0.33069432 -0.6427922 -0.28899577 -0.3610727 -0.66604704 -0.39912882 4.8417873
-0.8208836 -0.58669466 -0.22471148 -0.95931184 -0.15326658 -0.3689113 -1.0238444 -0.59950167 5.3315887
-1.0182815 -0.83045197 -0.7747477 6.895332 -0.7376766 -1.3837932 -0.5455329 -0.56898683 0.0
-0.23555262 -0.68850607 -0.4444794 -0.54943925 -0.5431081 -0.4134779 -0.7272713 -0.31276876 5.0779853
-0.19079405 -1.0767058 -0.21742156 -0.6542293 -0.39224756 -0.15952498 -0.18228944 0.032459974 3.8852346
-0.87955713 -0.88809466 -0.6569977 -0.39826903 -0.28495252 -0.3611441 0.10499429 -0.21540903 4.8176575
-0.7125602 -0.526495 -1.0169581 5.8793736 -0.72747 -1.0265995 -0.37950101 -0.52811474 0.0
0.13206114 -0.33492196 -0.33964017 -0.96032345 -0.35563898 0.047902532 -0.7590394 -0.637022 4.391326
-0.4585318 -0.35330543 -1.2152126 -0.28214616 -0.41200286 -0.12614404 -0.6338618 -0.81393427 4.5117855
-0.47507337 -0.07626208 -0.8713163 -0.8703504 0.09526172 -0.18749729 0.557824 -0.65825856 3.4206154
6.0254345 -1.5858113 -0.56308645 -0.24686156 -0.3080282 -0.7393999 -0.92366445 -0.7283377 0.0
