5.3194213 -0.86980927 -0.90834326 -0.9296105 -0.23866978 -1.0313212 -1.1178737 -0.66859543 0.0
-1.7351855 -1.431737 -1.5252026 1.703929 -1.441225 -1.0405312 -1.2272961 5.7810745 0.0
-0.7554302 -0.32454842 -0.71805036 -0.72664845 -0.77673936 -0.5800976 -0.60535854 -0.94192606 5.164105
-0.45002416 -0.9279558 -0.7840555 -0.7870892 -0.5392016 -0.6241087 -0.543084 -0.6862275 5.1438055
-0.63567644 -0.5225977 -0.8164729 -0.6959383 -0.4844199 -0.7299686 -0.8873579 -0.6567025 5.158452
-1.2814842 -1.1483322 -1.0009344 -0.8482449 -1.114817 -1.1088599 -0.7557484 6.2422833 0.0
-0.6052978 -0.683425 -0.77121633 -0.80908614 -0.5405536 -0.42918217 -0.5688122 -0.33878243 4.7836413
-0.49644187 -0.7512436 -0.6850687 -0.58731365 -0.46726105 -0.7098806 -0.5787246 -0.6443861 4.885748
-0.5565709 -0.9232073 -0.7834926 -0.5600441 -0.6591314 -0.36157843 -0.738273 -0.47613052 4.8109574
-0.9020577 -1.3586084 -0.8721642 6.1900373 -0.8221798 -1.0569379 -0.9697949 -1.2781883 0.0
-0.73038584 -0.9378817 -0.5072234 -0.5331783 -0.48239434 -0.66898024 -0.47202513 -0.44055972 4.719374
-0.5231279 -0.76505893 -0.65710956 -0.59587604 -0.32947424 -0.58165216 -0.58116806 -0.49916017 4.5708747
-0.3991844 -0.45374778 -0.73786646 -0.5345466 -0.52800333 -0.6801288 -0.5857525 -0.7837649 4.571947
-0.8601711 -1.2520216 -0.8744161 6.0164466 -1.025055 -1.1610372 -1.0522032 -0.7680182 0.0
-0.6398852 -0.5596872 -0.6227385 -0.74179643 -0.57486516 -0.34079245 -0.6980851 -0.5692479 4.510396
-0.7331223 -0.56022227 -0.6336452 -0.26190177 -0.39431694 -0.5746027 -0.62867916 -0.5349543 4.356875
-0.626283 -0.7611778 -0.729044 -0.82086724 -0.3989544 -0.33158323 -0.311195 -0.60548896 4.542574
-1.1435416 -1.0750157 -1.0343876 5.4662833 -0.9261613 -1.1590322 -0.8050551 -0.8120172 0.0
-0.5153249 -0.490381 -0.74063146 -0.55394596 -0.70128417 -0.21082756 -0.47416097 -0.5236863 4.294845
-0.6423917 -0.6954065 -0.5136864 -0.5806981 -0.48573607 -0.32040155 -0.33862022 -0.7024657 4.3302517
-0.8286693 -0.6966583 -0.41307575 -0.6310091 -0.44424927 -0.48465094 -0.26433074 -0.31560507 4.2569723
5.3214707 -1.0170323 -0.6652678 -0.8913578 -0.74984825 -0.9420672 -0.87327886 -1.022012 0.0
