5.5192194 -0.7076605 -0.7119685 -0.8001144 -0.5458054 -0.793786 -0.81307775 -0.95576644 0.0
-1.6889828 -0.82043993 -0.53676456 0.7161729 -0.8683243 -1.0545071 -1.1174523 6.2523665 0.0
-0.32177767 -0.55547804 -0.65212864 -0.72683114 -0.6161893 -0.96093434 -0.39902326 -0.58355314 5.0490985
-0.7713556 -0.69218665 -0.6347605 -0.88763046 -0.48610258 -0.32422298 -0.80097187 -0.9336799 5.535225
-0.396617 -0.6128207 -0.9400848 -0.34464097 -0.47870496 -0.33648327 -0.44785854 -0.9568205 4.958518
-1.0543079 -0.8504366 -0.8348629 -0.8468845 -1.158132 -1.1437179 -1.2466091 6.72212 0.0
-0.5703345 -0.8120729 -0.86994654 -0.4140596 -0.51922673 -0.43045855 -0.6088709 -0.9456343 4.9988537
-0.74484634 -0.77776915 -0.92507654 -0.32346463 -0.97997856 -0.6824387 -0.82565624 -0.38508186 5.2868795
-0.6277067 -0.43439177 -0.76803815 -0.93632126 -0.36925006 -0.9863482 -0.74478096 -0.6093116 5.139298
-0.995963 -0.9514604 -0.5499527 6.52387 -1.0784929 -1.138505 -1.0032374 -0.57239753 0.0
-0.27632332 -0.698868 -0.44598374 -0.3432346 -0.92510605 -0.27060583 -0.52912915 -0.56404537 4.6051702
-0.66321707 -0.67219305 -0.7221997 -0.44146237 -0.39219576 -0.78865975 -0.6881822 -0.931339 4.9485893
-0.3234172 -0.49622265 -0.7690527 -0.90798336 -0.80464506 -0.27217007 -0.718637 -0.5000127 4.8492136
-1.0549872 -0.8054978 -1.370174 6.316087 -0.073766686 -1.2481636 -0.9738626 -0.69853276 0.0
-0.3251742 -1.2757902 -0.8100358 -0.43863985 -0.35952172 -0.7042554 -0.51688 -0.24931914 4.8292074
-0.4151701 -0.5709201 -0.73556393 -0.68349 -0.33499172 -0.36384013 -0.038964126 -0.784243 4.3122582
-0.5648749 -0.3899681 -0.621324 -0.65696466 -0.7572092 -0.39153674 -0.61498404 -0.7825247 4.8155665
-1.0167288 -0.69344753 -1.0471796 6.0516267 -0.9728197 -1.0311874 -0.9745342 -0.82946515 0.0
-0.39930007 -0.515255 -0.9880549 -0.7662393 -0.652801 0.10375456 -0.31051388 -0.6419364 4.2650547
-0.27813372 -0.30090898 -0.6729045 -0.6717909 -0.50445944 -0.35430828 -0.36810222 -0.6308066 3.9136186
-0.7705924 -0.5122016 -0.70836717 -0.6290862 -0.10887577 -0.65695137 -0.17565767 -0.25015512 4.189095
5.800452 -0.9139422 -0.72204906 -1.0378317 -0.67994356 -0.5027006 -0.9130906 -1.1134738 0.0
