4.995857 -0.8954948 -0.8262539 -1.0147796 0.1554536 -1.1646758 -0.8567598 -0.8084272 0.0
-1.5450975 -1.7285062 -1.5109327 2.3915563 -1.942743 -1.4629809 -1.1820458 5.0963144 0.0
-0.7385315 -0.6274491 -0.51314807 -0.5166529 -0.56874144 -0.8281362 -0.64057755 -0.8409538 4.9702487
-0.6777382 -0.7392359 -0.717269 -0.678646 -0.7160759 -0.4202016 -0.6351581 -0.61642665 4.9334583
-0.4059233 -0.7641792 -0.72786087 -0.6989814 -0.58470047 -0.6335199 -0.54829663 -0.4921587 4.8321776
-0.93826026 -1.1523317 -1.1218158 -1.001194 -1.2713228 -1.2316307 -0.8802213 6.037232 0.0
-0.89413744 -0.45340437 -0.88071257 -0.65675235 -0.6501159 -0.31308442 -0.5880902 -0.43841764 4.740674
-0.73259795 -0.5426046 -0.7171314 -0.2030072 -0.61039436 -0.55132174 -0.73883843 -0.64055705 4.6880083
-0.5008341 -0.5465155 -0.9469612 -0.98526645 -0.6230807 -0.3372225 -0.3783767 -0.44942817 4.579575
-0.6964853 -1.1684881 -0.7347863 5.784092 -1.2173703 -1.3099729 -0.8217046 -1.0793138 0.0
-0.64432967 -0.9239199 -0.52056813 -0.59533036 -0.50351775 -0.5294858 -0.7706384 -0.55281454 4.707559
-0.6886589 -0.5281309 -0.7714092 -0.74592936 -0.3864817 -0.46630624 -0.6568014 -0.48513335 4.5600343
-0.6985195 -0.63606226 -0.5108877 -0.4852125 -0.3234053 -0.5460309 -0.4581129 -0.64554334 4.345847
-0.8598742 -1.2334648 -0.939675 5.696973 -1.0463994 -1.3511587 -0.93565303 -0.6593311 0.0
-0.6910667 -0.6053629 -0.68359137 -0.6806006 -0.40871042 -0.37661672 -0.51609033 -0.44776475 4.355795
-0.45566213 -0.45629266 -0.6384107 -0.56206304 -0.43160436 -0.5186439 -0.4350564 -0.4243437 4.1913114
-0.49295726 -0.57507217 -0.6962449 -0.66401273 -0.3869611 -0.5566568 -0.5435707 -0.36907166 4.3620925
-1.0522237 -1.3584229 -0.92039514 5.0218177 -0.8952833 -1.3044319 -0.8762249 -0.63994175 0.0
-0.5375227 -0.5983837 -0.38150442 -0.47588158 -0.5245158 -0.45873842 -0.56904835 -0.45665282 4.1821737
-0.60522157 -0.654401 -0.48727444 -0.5134784 -0.48725176 -0.5224871 -0.7077659 -0.48324853 4.4269347
-0.49549118 -0.4982502 -0.59534216 -0.72499186 -0.6056393 -0.5017491 -0.61825335 -0.45579824 4.3648806
5.1022053 -1.0356294 -0.9319759 -1.1682639 -0.71988463 -0.8906519 -0.9159731 -0.9164578 0.0
