1.4573151 0.8316967 -0.09176161 -0.8247271 0.3355836 0.16881233 -0.6413648 -1.2164946 0.0
0.48170757 0.12109944 0.027795797 -0.5126464 0.5507224 0.15922831 -0.118575044 -0.7094666 0.0
-0.04695163 -0.08724215 -0.13278186 -0.48504877 -0.08716533 -0.26189038 -0.30902383 -0.6987479 2.106299
-0.07547347 -0.11176934 -0.18252507 -0.46357167 0.04132055 -0.13869175 -0.3056173 -0.6727541 1.8985587
-0.12884016 -0.13531066 -0.16439779 -0.48564798 -0.12272129 -0.19505562 -0.36848924 -0.7130524 2.3003519
0.18110406 0.16894436 0.10700475 -0.23877108 0.21302915 -0.08500667 0.07311714 -0.41508463 0.0
-0.09263798 -0.28045985 -0.120189436 -0.25650433 0.025114974 -0.23886439 -0.07039348 -0.29241815 1.3257302
-0.07500659 -0.05749506 -0.065191835 -0.1818466 -0.06252784 -0.15492831 -0.047070738 -0.16291289 0.81874967
-0.11202326 -0.17194794 -0.1376483 -0.1920999 -0.06422892 -0.19433604 -0.07770309 -0.2856501 1.243982
0.18304637 -0.039742593 0.003927005 -0.16657692 0.15890163 -0.08711507 0.15558243 -0.20620093 0.0
-0.21925049 -0.1756016 -0.27428305 -0.21892598 -0.10456897 -0.11377439 -0.2154559 -0.3799376 1.7099519
-0.15375176 -0.1985323 -0.18040952 -0.38303888 -0.19332142 -0.30036324 -0.31411296 -0.29419634 2.0165703
-0.084760144 -0.20767823 -0.26346403 -0.32333717 -0.23530659 -0.19609252 -0.37180096 -0.41692668 2.10151
-0.0028232366 0.14827174 -0.047262657 -0.10673429 0.0814514 0.09724594 0.057811283 -0.22757496 0.0
-0.1433401 -0.1982796 -0.2473335 -0.3899892 0.015377484 -0.19849391 -0.23048806 -0.5052842 1.9043317
-0.3380659 -0.2625404 -0.26969373 -0.50827557 -0.114790685 -0.2599277 -0.2864102 -0.44121295 2.481352
-0.23070528 -0.30294663 -0.33085603 -0.4527335 -0.22213705 -0.34735358 -0.3349116 -0.45706293 2.6827002
0.28305122 -0.02568472 0.04139721 -0.2107618 0.17655449 0.15538247 -0.038669396 -0.3872476 0.0
-0.09998407 -0.19755466 -0.29498026 -0.64129394 -0.18018553 -0.17958952 -0.31280136 -0.67829245 2.5809186
-0.16218856 -0.092055425 -0.3833725 -0.62810653 -0.12480701 -0.196446 -0.37415195 -0.67951626 2.6269314
-0.16491903 -0.11781998 -0.35893703 -0.64035285 -0.087479375 -0.17379954 -0.36598942 -0.6278945 2.5381646
0.42942435 0.57702875 0.22303174 -0.31575435 0.530823 0.5928976 0.18129534 -0.4884924 0.0
