1.4528536 0.81185836 -0.09012193 -0.82824403 0.34394664 0.15513845 -0.63297737 -1.212665 0.0
0.48206452 0.11575449 0.029023794 -0.5130502 0.5568103 0.1552401 -0.11497811 -0.7040766 0.0
-0.04288614 -0.087180644 -0.122160435 -0.48965535 -0.08230375 -0.262407 -0.30503812 -0.69522274 2.100662
-0.0806029 -0.124505155 -0.18712492 -0.46635494 0.03616706 -0.14587155 -0.30562627 -0.67860603 1.9398465
-0.13306558 -0.1376475 -0.17154622 -0.4927357 -0.116826 -0.19296217 -0.3663664 -0.72106016 2.3098874
0.18335916 0.16072182 0.10887612 -0.23619424 0.21313621 -0.08182437 0.07392346 -0.4188388 0.0
-0.09366749 -0.2866475 -0.11454518 -0.2533739 0.024879947 -0.2434395 -0.06822298 -0.29400894 1.3305206
-0.07891309 -0.056751095 -0.06901697 -0.18369415 -0.060491547 -0.15984875 -0.047714826 -0.16651371 0.81257427
-0.11192999 -0.17120281 -0.13709721 -0.18434243 -0.06274493 -0.19187061 -0.07643104 -0.28245714 1.2226351
0.18665072 -0.040645614 0.0030337307 -0.16764323 0.16253869 -0.08809118 0.1536052 -0.20927106 0.0
-0.2297812 -0.17538206 -0.26829854 -0.22227004 -0.111515716 -0.11281046 -0.21585546 -0.37840948 1.7177887
-0.16201244 -0.20286815 -0.18848991 -0.38493592 -0.18746975 -0.3013747 -0.31260598 -0.29613215 2.030654
-0.08757423 -0.20769642 -0.2648156 -0.32410616 -0.23095435 -0.19625711 -0.37029067 -0.41483116 2.0969176
-0.0031731743 0.14631598 -0.047169536 -0.106632456 0.07942965 0.09686129 0.05759866 -0.22610094 0.0
-0.14694732 -0.18897729 -0.24613889 -0.37938833 0.017723242 -0.20349589 -0.22904237 -0.50374717 1.8892885
-0.34137222 -0.25411806 -0.2680809 -0.51259995 -0.11204905 -0.2587902 -0.28392375 -0.4362756 2.4726255
-0.2315001 -0.30452284 -0.3326545 -0.45368212 -0.23081511 -0.35603234 -0.33248445 -0.4560154 2.7023315
0.2900124 -0.025488105 0.03640723 -0.21109802 0.170583 0.16476296 -0.041889403 -0.384841 0.0
-0.09129207 -0.19468202 -0.292255 -0.6391216 -0.1766053 -0.17935845 -0.30032542 -0.68038076 2.5600462
-0.16155896 -0.075427726 -0.38326603 -0.6157296 -0.115797274 -0.20149267 -0.37949622 -0.68280315 2.6143517
-0.16023618 -0.115311936 -0.35382292 -0.63742065 -0.08414224 -0.17694849 -0.36794603 -0.63451725 2.524084
0.23932834 0.49190658 -0.004997648 -0.672553 0.42701194 0.3312287 -0.111027636 -0.6785901 0.0
