1.4548317 0.8168683 -0.09260325 -0.8203702 0.34510067 0.14848465 -0.6376883 -1.2200235 0.0
0.47954497 0.12022644 0.027789315 -0.51569366 0.5506159 0.1595988 -0.11617624 -0.7077015 0.0
-0.047446877 -0.085528426 -0.1315446 -0.48865154 -0.0863093 -0.26003125 -0.31201154 -0.6977039 2.1092658
-0.07874131 -0.11614793 -0.18615203 -0.4672965 0.04500114 -0.14423856 -0.30435193 -0.673777 1.9416742
-0.1246145 -0.13355766 -0.16161983 -0.4848409 -0.11692532 -0.1948665 -0.3676926 -0.7186558 2.3049002
0.18213478 0.16581263 0.10641901 -0.24018046 0.20811844 -0.08556142 0.07269417 -0.41422448 0.0
-0.09114875 -0.2741217 -0.11985237 -0.25828755 0.020386841 -0.23928554 -0.072370686 -0.29280278 1.3200985
-0.07790988 -0.056493822 -0.06439633 -0.1842066 -0.062084574 -0.15572774 -0.050447665 -0.1630009 0.82086337
-0.11024476 -0.17164095 -0.13860004 -0.1888671 -0.06406092 -0.19502534 -0.07751906 -0.280262 1.2313329
0.18478023 -0.039918408 0.0052042063 -0.16828479 0.15520026 -0.0862039 0.1553871 -0.20708999 0.0
-0.22405915 -0.17376658 -0.26717675 -0.21861815 -0.108429916 -0.11967204 -0.21723656 -0.3840738 1.7103536
-0.15536053 -0.19921091 -0.17879063 -0.3800418 -0.18909104 -0.3054759 -0.30801287 -0.2923546 2.001087
-0.08596407 -0.20865977 -0.26400992 -0.32729116 -0.24169596 -0.20011511 -0.36985758 -0.41836983 2.1140697
-0.0023263665 0.147994 -0.04683633 -0.10690115 0.081335634 0.09780147 0.058122706 -0.22895628 0.0
-0.14457095 -0.19941251 -0.25291562 -0.3887626 0.007733709 -0.20496054 -0.23467377 -0.50432694 1.9219271
-0.34817317 -0.26229987 -0.2709326 -0.50964206 -0.119986884 -0.2592505 -0.2928757 -0.43938106 2.494613
-0.23226428 -0.30987173 -0.3353725 -0.4500872 -0.21866156 -0.34881967 -0.33344886 -0.45287123 2.6824625
0.2824402 -0.019702233 0.03816248 -0.2167384 0.17945531 0.15506834 -0.04346204 -0.38414118 0.0
-0.092047736 -0.19768451 -0.29690912 -0.638408 -0.18107125 -0.18643434 -0.29870802 -0.6809943 2.576641
-0.15583754 -0.08771618 -0.38598505 -0.6134105 -0.12635358 -0.19693366 -0.37012276 -0.6830675 2.6201432
-0.1559203 -0.11569684 -0.356296 -0.64238346 -0.094672136 -0.17309903 -0.3620732 -0.6336279 2.530133
0.49871415 0.60233265 0.26956543 -0.2596171 0.53016585 0.5916335 0.2195333 -0.4636627 0.0
