1.4702339 0.8103146 -0.0908565 -0.82216215 0.3293133 0.15358283 -0.6344582 -1.2198341 0.0
0.49240178 0.12080109 0.03404926 -0.52700275 0.5454098 0.16299254 -0.114680335 -0.7099611 0.0
-0.05651187 -0.08842782 -0.13928579 -0.48552707 -0.08680158 -0.25876033 -0.3122099 -0.69735044 2.112088
-0.07642981 -0.11831745 -0.18692987 -0.4658957 0.03569666 -0.14754097 -0.3093315 -0.6662709 1.9369998
-0.12783916 -0.13473739 -0.16682921 -0.50287974 -0.113808766 -0.19691017 -0.35968783 -0.7153441 2.2863936
0.18098153 0.1664215 0.1076886 -0.23603512 0.20878108 -0.083680935 0.07216185 -0.40997598 0.0
-0.09311188 -0.27887037 -0.1179833 -0.25697476 0.021960922 -0.24587053 -0.07161808 -0.29058573 1.3373163
-0.07660076 -0.055652585 -0.06563467 -0.1798119 -0.060299803 -0.15791276 -0.049263403 -0.16036975 0.7996671
-0.11536006 -0.17349033 -0.13715427 -0.18999821 -0.06571869 -0.19433434 -0.07495733 -0.2861107 1.238037
0.18048218 -0.038752474 0.0013383526 -0.16777515 0.15833798 -0.08743392 0.15911254 -0.20542336 0.0
-0.23295729 -0.18093032 -0.27138045 -0.22961433 -0.117631495 -0.11975754 -0.21968447 -0.38343543 1.7523495
-0.15546232 -0.20366524 -0.18046188 -0.38661894 -0.19226196 -0.298936 -0.31310737 -0.28970066 2.0152345
-0.09028991 -0.21093501 -0.26344514 -0.32302785 -0.23861247 -0.20139316 -0.37272105 -0.4173947 2.1134548
-0.002420886 0.14820445 -0.046392325 -0.106208764 0.08000766 0.09754636 0.05926286 -0.22746624 0.0
-0.13374273 -0.18991141 -0.23765424 -0.38403067 0.014788261 -0.2012243 -0.22214405 -0.50732976 1.8723602
-0.35024652 -0.26371565 -0.27621058 -0.5156162 -0.11413342 -0.25617635 -0.29556173 -0.437268 2.5166671
-0.2368784 -0.3106575 -0.3327925 -0.44773722 -0.2229292 -0.34689242 -0.33393225 -0.458945 2.6917841
0.29509488 -0.022100462 0.03574518 -0.21183105 0.17100635 0.16390449 -0.041492492 -0.38565898 0.0
-0.08947266 -0.1992461 -0.2888074 -0.63992286 -0.17602171 -0.17579894 -0.30338523 -0.6855251 2.5717757
-0.16101743 -0.08076691 -0.38435066 -0.6144671 -0.11111689 -0.19545922 -0.37164912 -0.6804806 2.6168518
-0.16250008 -0.11737878 -0.34937748 -0.6344877 -0.08440375 -0.17161478 -0.36450446 -0.63995713 2.5238233
0.24625751 0.51206654 0.008467334 -0.67054605 0.40687373 0.3249423 -0.10536933 -0.7053067 0.0
