1.4654592 0.81385434 -0.09423077 -0.82596123 0.32774913 0.16373692 -0.6375429 -1.21346 0.0
0.48291686 0.11931437 0.029603446 -0.5192777 0.56525725 0.15867394 -0.119600244 -0.7132181 0.0
-0.044756915 -0.08454878 -0.13121383 -0.4810176 -0.08291647 -0.2510148 -0.31447017 -0.69900525 2.080621
-0.07851485 -0.11575887 -0.18459392 -0.46628487 0.037154786 -0.14386299 -0.30857462 -0.67553097 1.9315023
-0.12418835 -0.1337322 -0.16517568 -0.48546284 -0.11211134 -0.19173998 -0.36557811 -0.7206496 2.3080387
0.18400967 0.1633744 0.10407062 -0.23715183 0.21247345 -0.08756665 0.071874626 -0.4116856 0.0
-0.09274506 -0.2770509 -0.11951614 -0.25624442 0.022149717 -0.23874922 -0.06886166 -0.2887701 1.3279866
-0.07856099 -0.05539128 -0.06540966 -0.18569677 -0.06017925 -0.15633976 -0.046689026 -0.16359513 0.8243411
-0.112452105 -0.16882522 -0.14164102 -0.1879168 -0.06369773 -0.1969624 -0.07763029 -0.28646424 1.2258102
0.18259615 -0.039065626 0.004365945 -0.16723607 0.16302212 -0.08663801 0.15109187 -0.20798232 0.0
-0.22269136 -0.1795368 -0.2748382 -0.22359934 -0.11101595 -0.12131936 -0.2220287 -0.38220105 1.7392967
-0.15463296 -0.19971694 -0.17475979 -0.38350144 -0.194237 -0.3026302 -0.31288794 -0.29158527 2.016656
-0.08415048 -0.2134062 -0.26398534 -0.3215018 -0.23784642 -0.20081505 -0.371989 -0.4153709 2.1080248
-0.0026322333 0.14707255 -0.04798917 -0.10708665 0.081020355 0.096956305 0.058749843 -0.22685575 0.0
-0.14668956 -0.19541259 -0.25338036 -0.38633206 0.0038491918 -0.19878113 -0.23472722 -0.506029 1.9072794
-0.34988925 -0.2627638 -0.26981398 -0.5126534 -0.119108364 -0.2586025 -0.28074425 -0.4434493 2.502595
-0.22961581 -0.30678967 -0.33053666 -0.45259386 -0.21853016 -0.3438641 -0.33408397 -0.451593 2.66156
0.2949942 -0.023765413 0.033524983 -0.20528851 0.17023493 0.1666815 -0.043018628 -0.38736802 0.0
-0.08941777 -0.19910376 -0.29605094 -0.6391802 -0.1806847 -0.18061933 -0.30129993 -0.6808014 2.5797837
-0.16658546 -0.07993872 -0.38186133 -0.6096023 -0.118761346 -0.19920741 -0.36940053 -0.681125 2.617818
-0.16735533 -0.113326974 -0.34941113 -0.634967 -0.084554724 -0.17108259 -0.36639562 -0.6345012 2.52097
0.2647546 0.47531745 0.148644 -0.56715924 0.39929736 0.4905729 0.043346755 -0.64151114 0.0
