1.4583 0.8066481 -0.09244372 -0.8302801 0.35003775 0.1615518 -0.6429812 -1.2115647 0.0
0.488457 0.12253195 0.031956017 -0.51296633 0.54472256 0.15741876 -0.11693601 -0.7096321 0.0
-0.0490942 -0.087765716 -0.13746741 -0.4807514 -0.09006448 -0.26299194 -0.31293043 -0.69343704 2.10634
-0.0733096 -0.116866134 -0.1863045 -0.45922998 0.041525688 -0.14087178 -0.31109843 -0.6711996 1.9283054
-0.12658267 -0.13849987 -0.16665274 -0.48596436 -0.11643033 -0.19746874 -0.3758767 -0.7154628 2.2950184
0.1830717 0.16261227 0.10838406 -0.24033372 0.2080753 -0.084790505 0.07248526 -0.40890896 0.0
-0.09430626 -0.2771289 -0.12231886 -0.26292378 0.018903067 -0.23749328 -0.07425177 -0.2940707 1.3331084
-0.080199644 -0.057183027 -0.06850655 -0.18406834 -0.06307903 -0.15822627 -0.048334483 -0.16309388 0.820924
-0.1166784 -0.16894393 -0.13695161 -0.1886322 -0.063678175 -0.19350486 -0.07804733 -0.2837842 1.2232019
0.18328677 -0.039127063 0.00438202 -0.16834578 0.1598333 -0.086762205 0.15558346 -0.20870669 0.0
-0.22740091 -0.1748816 -0.27134317 -0.21879134 -0.10744788 -0.11521209 -0.21538913 -0.3854268 1.7102793
-0.1565056 -0.20318906 -0.18678036 -0.38292682 -0.19303535 -0.30432403 -0.31635427 -0.29001555 2.0445993
-0.08183672 -0.21071813 -0.25841647 -0.32448792 -0.23840652 -0.2023321 -0.37133098 -0.41615257 2.11066
-0.0014784378 0.14894523 -0.045647327 -0.1071733 0.08241303 0.09657207 0.0596041 -0.23132013 0.0
-0.14376272 -0.19583559 -0.24682356 -0.3842284 0.011377727 -0.20260957 -0.23057021 -0.4972073 1.8717953
-0.34286976 -0.25805664 -0.27298337 -0.5070478 -0.115101054 -0.25487196 -0.2806294 -0.4447596 2.4755213
-0.23328757 -0.30973622 -0.3351005 -0.45328417 -0.21925272 -0.34559983 -0.34301698 -0.4551826 2.697792
0.2954864 -0.021867251 0.035707254 -0.2139482 0.16752319 0.17212449 -0.038522985 -0.3879769 0.0
-0.090967536 -0.19683893 -0.29037026 -0.6438427 -0.18283407 -0.18015878 -0.31523174 -0.68845385 2.5760977
-0.1634537 -0.08593836 -0.3867751 -0.6123211 -0.13074143 -0.19739452 -0.36865556 -0.6806391 2.6218197
-0.16072388 -0.119962156 -0.34829688 -0.63835996 -0.0819661 -0.18035528 -0.36607108 -0.6288966 2.5277598
0.35509834 0.5651791 0.20532359 -0.42003986 0.47546166 0.5635302 0.13039182 -0.5505309 0.0
