1.4362216 0.8155911 -0.094755016 -0.8234456 0.3376754 0.15124066 -0.6313446 -1.2156236 0.0
0.4796235 0.116788805 0.027971104 -0.5172059 0.5644898 0.15879473 -0.12060392 -0.7135771 0.0
-0.045393508 -0.08295623 -0.13427961 -0.49469265 -0.085314 -0.24965012 -0.30402142 -0.6938461 2.0956886
-0.07944122 -0.1180923 -0.18479884 -0.4755794 0.03721521 -0.14023957 -0.3105101 -0.6625615 1.9334596
-0.12423579 -0.13147356 -0.16566333 -0.49384573 -0.114477344 -0.19233462 -0.36119348 -0.7119383 2.2816696
0.18216418 0.16563818 0.106273994 -0.23699023 0.213144 -0.087149315 0.07324377 -0.41666576 0.0
-0.0895605 -0.2747468 -0.119986646 -0.25096947 0.02836768 -0.24028336 -0.07110708 -0.29013756 1.3032863
-0.081204645 -0.059233923 -0.06758908 -0.18449187 -0.06567934 -0.15558861 -0.051051434 -0.16378364 0.8229169
-0.11156787 -0.17217685 -0.1385435 -0.18812223 -0.06390663 -0.19183356 -0.07750636 -0.28217098 1.2306085
0.18056774 -0.03935152 0.004072136 -0.16868408 0.16050512 -0.084288456 0.15782803 -0.20848314 0.0
-0.22409996 -0.17322066 -0.27636427 -0.22177835 -0.10482771 -0.11219233 -0.21372315 -0.3849509 1.700347
-0.15177846 -0.2010606 -0.17549875 -0.38607445 -0.19126256 -0.3115952 -0.31230646 -0.2901221 2.02008
-0.08822715 -0.21137732 -0.26976523 -0.31911817 -0.23732981 -0.19682376 -0.37055585 -0.42267907 2.1314938
-0.0027357733 0.1479135 -0.046697713 -0.105363764 0.08127592 0.097197734 0.058614578 -0.23083358 0.0
-0.13999078 -0.20036878 -0.24792273 -0.38400096 0.015374084 -0.20327492 -0.23230045 -0.5083374 1.896032
-0.33981252 -0.26259968 -0.27554956 -0.51193386 -0.11173152 -0.2519338 -0.2863278 -0.44553334 2.4910755
-0.2344568 -0.31062466 -0.34008354 -0.4497993 -0.21899983 -0.34477288 -0.33353445 -0.45949662 2.6972125
0.29126498 -0.023869477 0.03384389 -0.2082863 0.17269237 0.16284455 -0.0421316 -0.387009 0.0
-0.08734895 -0.19622552 -0.2872519 -0.64549553 -0.1823789 -0.18228258 -0.30166012 -0.6793309 2.578251
-0.16685267 -0.08304666 -0.3865956 -0.61046404 -0.12003322 -0.20405799 -0.36651415 -0.67718637 2.6164665
-0.15687318 -0.11568252 -0.3463434 -0.6387727 -0.08666727 -0.17673795 -0.36692792 -0.6306042 2.52097
0.2545712 0.48497716 0.13644372 -0.5920636 0.40815252 0.44712833 0.03558053 -0.66762424 0.0
