1.4583999 0.8393729 -0.09646491 -0.83231914 0.33918625 0.15887558 -0.6500798 -1.2147466 0.0
0.48185602 0.121824 0.029526575 -0.5160363 0.5578846 0.15875702 -0.11742279 -0.7070998 0.0
-0.048189137 -0.091376565 -0.13499892 -0.48566163 -0.08758484 -0.26048434 -0.3067852 -0.68819416 2.0909843
-0.07622187 -0.12055657 -0.18008226 -0.47076005 0.039779626 -0.1371025 -0.31300846 -0.66793555 1.9474111
-0.122517936 -0.1315454 -0.16310407 -0.49338233 -0.11454108 -0.19431368 -0.36497694 -0.7189649 2.318781
0.17940344 0.1641961 0.106045455 -0.23657478 0.21132542 -0.08576452 0.07168461 -0.41508693 0.0
-0.0879511 -0.27620432 -0.11868521 -0.25523406 0.029387249 -0.23860846 -0.066392325 -0.28974423 1.306645
-0.07866874 -0.05720708 -0.067707404 -0.18430093 -0.0645629 -0.15601243 -0.050562218 -0.16373345 0.8088982
-0.11569362 -0.17252243 -0.13715167 -0.19377045 -0.06743737 -0.19730254 -0.08017195 -0.28380892 1.2415018
0.1839914 -0.039527 0.0039835013 -0.1677942 0.15873316 -0.08768978 0.1544742 -0.20690809 0.0
-0.22798552 -0.17532007 -0.2792403 -0.22581525 -0.108541474 -0.12150055 -0.22381912 -0.3767689 1.7422314
-0.15286274 -0.20520653 -0.17719722 -0.38568428 -0.1943158 -0.30261788 -0.31189808 -0.29500577 2.0128582
-0.087428845 -0.2161454 -0.26621503 -0.3266216 -0.2366607 -0.19849029 -0.3726239 -0.4206406 2.112041
-0.0026461727 0.14797889 -0.047196623 -0.10707823 0.08113481 0.09673784 0.058799837 -0.22904482 0.0
-0.13854311 -0.19795522 -0.24594225 -0.38899764 0.021011805 -0.20145053 -0.23407306 -0.5075271 1.8796606
-0.34332508 -0.26764774 -0.27539426 -0.50774497 -0.1205206 -0.2551678 -0.28149053 -0.4475042 2.5198405
-0.23406595 -0.31105754 -0.33726773 -0.44588384 -0.22776963 -0.34813622 -0.33414677 -0.4602321 2.7036784
0.283078 -0.019175606 0.035393998 -0.2088649 0.16249849 0.16209072 -0.038771458 -0.38847655 0.0
-0.09606324 -0.2032594 -0.29507867 -0.64180773 -0.17926688 -0.18601854 -0.30264294 -0.67946404 2.5842679
-0.15569648 -0.08470556 -0.38098723 -0.623283 -0.1265168 -0.19875072 -0.37407368 -0.6801233 2.6242592
-0.16384755 -0.116272084 -0.3460659 -0.6363034 -0.081291795 -0.17364804 -0.36890748 -0.6357157 2.522908
0.2640904 0.50250924 0.17398714 -0.5249073 0.4294704 0.51800394 0.060887925 -0.6264163 0.0
