1.450419 0.81360763 -0.10040256 -0.8222338 0.34856275 0.15577517 -0.6480852 -1.209521 0.0
0.4798851 0.11596989 0.026340688 -0.5128903 0.5607435 0.15845579 -0.11962528 -0.7077139 0.0
-0.047993712 -0.09137283 -0.13180342 -0.4855744 -0.08516296 -0.2569665 -0.31123915 -0.6959552 2.10272
-0.07288273 -0.116368525 -0.18125343 -0.47511014 0.03877006 -0.13855381 -0.3076325 -0.6782181 1.9494311
-0.12924053 -0.13300766 -0.162321 -0.4864828 -0.11378654 -0.19233638 -0.3654553 -0.7190335 2.318595
0.18411449 0.16631019 0.105576105 -0.23781255 0.21168537 -0.0842321 0.07253155 -0.41520518 0.0
-0.089046076 -0.27863154 -0.11394349 -0.25627077 0.027957292 -0.23759905 -0.07038748 -0.2891428 1.3071867
-0.07830256 -0.059960447 -0.06921859 -0.1839725 -0.06473469 -0.15637648 -0.050655566 -0.1637739 0.81748074
-0.11456773 -0.17081101 -0.14000349 -0.18728566 -0.06502704 -0.19437799 -0.07550333 -0.28337428 1.2249739
0.18276785 -0.03995112 0.0044901096 -0.1669803 0.1598718 -0.08639868 0.15310587 -0.20698737 0.0
-0.2272911 -0.17599945 -0.27384746 -0.22376019 -0.10821067 -0.11879578 -0.21952619 -0.38268715 1.7328433
-0.15460332 -0.19902962 -0.17515688 -0.3829229 -0.19153818 -0.29764855 -0.31146938 -0.2944195 2.0098577
-0.09252528 -0.21077268 -0.26379484 -0.32656753 -0.2454315 -0.20019747 -0.36985603 -0.41870248 2.1325622
-0.0019998448 0.14845474 -0.04807453 -0.10664503 0.08081995 0.09675338 0.05842607 -0.22860532 0.0
-0.14672914 -0.19719155 -0.24941851 -0.38349944 0.0069585554 -0.2019139 -0.23389368 -0.5091585 1.9082283
-0.34464997 -0.26376006 -0.27384153 -0.5022447 -0.114597596 -0.25579587 -0.28860202 -0.44312507 2.4817853
-0.23359 -0.31020266 -0.33693495 -0.4482695 -0.22407499 -0.34809318 -0.33934176 -0.45591626 2.6910343
0.29577252 -0.021016197 0.044902038 -0.21889125 0.17421915 0.15569149 -0.04200865 -0.38386378 0.0
-0.10170157 -0.19898455 -0.29842302 -0.636848 -0.17534246 -0.18697752 -0.30522472 -0.6822078 2.5765908
-0.16158958 -0.083163455 -0.38459867 -0.6288574 -0.12529965 -0.19594829 -0.36870223 -0.68343765 2.623544
-0.16039646 -0.12247726 -0.3555702 -0.63935333 -0.10041001 -0.17324482 -0.36434203 -0.63549995 2.5349562
0.4877484 0.5823895 0.2593033 -0.2727345 0.5299939 0.58578426 0.20933066 -0.4715762 0.0
