1.4741184 0.8049862 -0.087108776 -0.84259164 0.347293 0.16535814 -0.6286305 -1.2052915 0.0
0.4753066 0.121985495 0.031332597 -0.5144544 0.5558203 0.15950046 -0.117343724 -0.709476 0.0
-0.051239837 -0.08870711 -0.13557485 -0.4888803 -0.087739624 -0.25501218 -0.31210572 -0.69729793 2.1068332
-0.078371 -0.11738211 -0.18948084 -0.46580616 0.040238827 -0.14217702 -0.30655605 -0.67744666 1.93541
-0.1201407 -0.13289565 -0.1602974 -0.4830098 -0.11290078 -0.1925851 -0.36788198 -0.7184599 2.2740948
0.17955299 0.16548921 0.1090427 -0.238654 0.21146093 -0.085927635 0.071322106 -0.41329825 0.0
-0.093006834 -0.27449635 -0.118625484 -0.25264597 0.02857645 -0.24047658 -0.07250224 -0.2872655 1.3258332
-0.081179276 -0.056252584 -0.069389485 -0.18626025 -0.06416378 -0.1572968 -0.052595727 -0.16692922 0.8303748
-0.10971457 -0.16763276 -0.14129102 -0.19016404 -0.059912644 -0.1916154 -0.07511832 -0.28028318 1.2285984
0.18469664 -0.039943885 0.0034057451 -0.16845 0.16446899 -0.08769891 0.1504456 -0.20562768 0.0
-0.2223802 -0.17127752 -0.27132383 -0.21596064 -0.10498081 -0.107155435 -0.21609299 -0.38691014 1.6939541
-0.14876303 -0.20770301 -0.17223997 -0.37961772 -0.18289027 -0.29989222 -0.31048962 -0.29371086 2.0051897
-0.09054454 -0.20995292 -0.25726748 -0.32767585 -0.23759632 -0.20222998 -0.3668119 -0.42395055 2.116978
-0.0023448619 0.14722213 -0.046573654 -0.10702818 0.08070477 0.09429479 0.05929944 -0.22825748 0.0
-0.14200538 -0.19999497 -0.24993372 -0.38557956 0.0134867 -0.19956125 -0.22763586 -0.5092707 1.8978897
-0.34112045 -0.2619985 -0.27658176 -0.5014561 -0.119163916 -0.253259 -0.28088653 -0.4407336 2.4757082
-0.22948031 -0.309681 -0.33057678 -0.45116857 -0.22084866 -0.34950134 -0.33283135 -0.45420787 2.6782124
0.28536278 -0.0234205 0.03859034 -0.21082832 0.1716488 0.16531064 -0.042275365 -0.38665593 0.0
-0.098905705 -0.19915666 -0.3029031 -0.642451 -0.1810183 -0.18244419 -0.29796934 -0.6731928 2.5811062
-0.16063997 -0.08796072 -0.38706037 -0.6200144 -0.12137805 -0.20145263 -0.36831445 -0.6779899 2.6234117
-0.15422508 -0.11203107 -0.35064158 -0.6380374 -0.08833654 -0.17736009 -0.36456877 -0.6350817 2.5224
0.23909496 0.5102571 0.08346686 -0.6582928 0.41573465 0.37556988 -0.02874595 -0.6847901 0.0
