1.4393446 0.8197636 -0.0957889 -0.83618504 0.33346486 0.16162477 -0.6413404 -1.201956 0.0
0.47792485 0.12085491 0.028826771 -0.5147998 0.5518502 0.16239694 -0.11888336 -0.71049786 0.0
-0.051740892 -0.08515602 -0.13617633 -0.49422714 -0.089916416 -0.25767192 -0.30830818 -0.6989388 2.1283524
-0.079713814 -0.114539646 -0.18789336 -0.46532407 0.03405517 -0.14479437 -0.30518895 -0.677519 1.9404453
-0.124292515 -0.13205561 -0.16585816 -0.48525456 -0.1144273 -0.19519779 -0.36750656 -0.7218955 2.2931473
0.18183687 0.16634022 0.109660044 -0.2399623 0.21000688 -0.087173276 0.07521647 -0.4141664 0.0
-0.09219297 -0.27991402 -0.11722385 -0.25831938 0.024917666 -0.23929659 -0.07365786 -0.28816643 1.3024098
-0.07871711 -0.055439025 -0.06673066 -0.1838943 -0.061074857 -0.15589556 -0.049232937 -0.16434845 0.82959616
-0.11196712 -0.16883859 -0.13879786 -0.19065936 -0.06071823 -0.19356412 -0.07476171 -0.27770138 1.2085348
0.18627988 -0.03985049 0.0040875277 -0.16732319 0.16124967 -0.086241476 0.15041591 -0.208614 0.0
-0.22619103 -0.17385031 -0.27434808 -0.22090952 -0.106251165 -0.1137844 -0.21553603 -0.3837547 1.707352
-0.15198036 -0.20130393 -0.17561026 -0.38177836 -0.19042805 -0.30086666 -0.31348047 -0.2945155 2.0034478
-0.08757084 -0.21266557 -0.26308632 -0.3271353 -0.24005987 -0.20322628 -0.36878592 -0.4153729 2.1161606
-0.0018608959 0.14659397 -0.046575204 -0.106823206 0.0841389 0.09655927 0.060251202 -0.2300234 0.0
-0.13846536 -0.19921266 -0.24630101 -0.38758537 0.012272314 -0.20217168 -0.23033999 -0.5118125 1.9014102
-0.34598467 -0.26999423 -0.27146238 -0.50617987 -0.123288065 -0.26117814 -0.2917609 -0.43891853 2.4913998
-0.23113154 -0.30924124 -0.33311188 -0.45193997 -0.21771462 -0.34338468 -0.33629125 -0.45583156 2.6804252
0.29350743 -0.025110431 0.038366403 -0.20873152 0.1694532 0.16378295 -0.043149404 -0.3856643 0.0
-0.09622735 -0.19848436 -0.30293345 -0.64291996 -0.17873128 -0.18036462 -0.3053889 -0.6788683 2.581022
-0.16394264 -0.08721331 -0.3874597 -0.61490774 -0.1228843 -0.2017729 -0.36819956 -0.67625934 2.6216023
-0.15683441 -0.11061061 -0.3505206 -0.6384108 -0.08700903 -0.17880026 -0.3649284 -0.6339422 2.5226748
0.24018084 0.50251645 0.086733654 -0.6572184 0.4166487 0.38027525 -0.023527062 -0.69103676 0.0
