5.383382 -0.18149284 -0.48611683 -0.787911 -0.84208876 -0.3459863 -0.36847213 -0.5904968 0.0
-0.5572166 -0.61503273 -0.21356337 -0.15591575 6.3404374 -0.78362226 -0.9078336 -0.71206427 0.0
0.08719483 -0.10004572 0.10926101 -0.9150316 -0.2323303 -0.42177597 -0.34630734 -0.6722331 4.269557
-0.62408024 -0.41749364 -0.67422587 0.12742542 -0.48755118 -0.16168231 -0.5941168 -0.6931715 4.4296165
-0.2748952 0.07286249 -0.13559078 -0.13698375 0.23031555 -0.28208306 -0.7279784 -0.39644784 3.8092966
-1.1946304 -0.8137775 -0.86100304 -0.45724127 6.174134 -0.6606124 -0.29989663 -0.27782574 0.0
-0.94295377 -0.50685364 -0.5340471 -0.4063459 -0.89311606 -0.13650505 -0.08221715 -0.16727498 4.5525303
-0.32812175 -0.37112513 -0.5030549 -0.6158804 -0.69553035 0.14594592 0.10400854 0.11038205 3.7212462
-0.23785307 -0.5048598 -0.265134 -0.32041296 -0.26869234 -0.23430745 -0.33979052 -0.3861332 4.242009
-0.16580819 -0.6203252 -0.47243813 -1.0052123 5.376948 -0.7307504 -0.590547 -0.38080376 0.0
-0.24470024 -0.1113781 -0.14103197 -0.15994838 -0.049504355 -0.2633479 -0.32236224 -0.6583391 4.465168
-0.38986534 -0.60161996 -0.3158268 -0.073209524 -0.45971793 -0.5370549 -0.20433497 -0.21685609 4.2909055
-0.6354903 -0.09938544 -0.70553035 -0.33625615 -0.5596054 -0.31763864 0.0035840026 -0.79554135 4.5146704
-0.6658706 -1.2593479 -0.019067809 -0.37083387 5.632917 -1.2739757 -0.27248383 -0.571403 0.0
-0.16052343 -0.03587536 -0.052031696 -0.6563987 -0.37641305 -0.33714303 -0.58945274 -0.63637865 4.017251
-0.19239944 -0.16353776 -0.79122967 -0.25234637 -0.7493653 -0.31542072 0.10648747 -0.36948094 4.349522
0.035961527 -0.43462983 -0.4044877 -0.8461378 0.109447315 -0.44781885 -0.16581962 -0.14470445 3.794769
-0.64496994 -0.59502316 -0.6148186 -0.76317966 5.3957944 -0.78717005 0.010121408 -0.94527316 0.0
-0.2586054 -0.35652658 -0.7272688 -0.57679605 -0.1680965 -0.7917515 -0.15796213 -0.53918886 4.6778045
-0.18581127 -0.10248249 -0.6998191 -0.9201942 -0.22594239 0.33700907 0.25040722 -0.15349881 4.028818
-0.6458647 -0.7754885 -0.81081384 -0.556147 -0.1237519 -0.14145261 -0.46956626 -0.26900223 4.56854
-0.42887327 5.796898 -0.21897902 -0.68269706 -0.94583625 -0.6684275 -0.9067718 -0.46613514 0.0
