3.866839 2.0699234 -0.3326041 -1.3020943 1.2621623 0.24071655 -1.2351431 -1.4037416 0.0
2.3370152 -0.8366384 1.1405993 -1.1310668 3.0897646 -0.9462721 -0.77150226 -1.2326114 0.0
-0.624579 -0.67848843 -0.5807922 -1.015343 -0.3952935 -0.88966036 -0.8603367 -1.1667851 4.926419
-0.5255075 -0.6682493 -0.63503486 -0.8990805 -0.31460035 -0.6951595 -0.9189027 -1.2067554 4.957348
-0.869887 -0.8764704 -0.66866535 -0.9165743 -0.40309083 -0.9219417 -0.9314992 -1.2036579 4.9789214
0.74114364 0.1587316 0.14960752 -0.09442709 0.73785394 0.80115545 -0.40488413 -0.973778 0.0
-0.7967975 -0.86558646 -0.6499515 -0.84216166 -0.5470503 -0.7956957 -0.5478591 -0.829834 4.870033
-0.8057826 -0.7202839 -0.5509704 -0.7374905 -0.6908367 -0.8997708 -0.6196288 -0.72197956 4.585085
-0.7419062 -0.80610627 -0.7316153 -0.75160414 -0.6041821 -0.7352948 -0.5193264 -0.77280664 4.7952423
0.5199793 -0.6792755 0.09927942 0.09587964 1.2354267 -0.4702532 0.46008867 -0.77437145 0.0
-0.7759172 -0.8482356 -0.82356733 -0.7605003 -0.6869985 -0.7869166 -0.7928303 -0.9136749 4.856768
-0.6491217 -0.9007921 -0.71805054 -0.95753473 -0.700747 -0.9923662 -0.8791032 -0.8731329 4.904518
-0.6642617 -0.8906276 -0.83139235 -0.8541059 -0.8015849 -0.8883917 -0.9555435 -0.94703424 4.9177494
-0.44979435 0.4660691 -0.39245012 -0.23567529 0.8069217 0.25542954 0.2977539 -0.34715512 0.0
-0.8694294 -0.7322152 -0.8221471 -0.98787457 -0.5183108 -0.72128254 -0.7870773 -1.082223 4.9220085
-1.0078545 -0.8729667 -0.9056201 -1.1227062 -0.6383735 -0.8294231 -0.83856386 -1.0725693 4.936465
-0.7985606 -0.9532035 -0.98456633 -1.1076463 -0.83431274 -0.971222 -0.9324928 -1.1097246 4.9459624
0.38995394 0.27534693 0.59287876 -0.49598864 1.2551422 -0.13299845 -0.37817934 -0.9812466 0.0
-0.66582894 -1.0039973 -0.84319 -1.2548316 -0.6272765 -0.68623936 -0.84000033 -1.2710942 5.004898
-0.7855478 -0.52742165 -0.96061575 -1.2167007 -0.66270214 -0.8175225 -0.9298136 -1.2866464 4.999683
-0.81157434 -0.7201844 -0.94102746 -1.2236055 -0.6101417 -0.64429003 -0.9415943 -1.1878322 4.967641
0.14416045 4.1956077 -0.5762886 -1.1770182 0.20498982 -0.28582683 -0.7412674 -1.2523876 0.0
