6.174075 -0.6728906 -0.7497659 -1.2058454 -0.86996007 -0.573227 -0.92806935 -0.9271243 0.0
-0.99776566 -0.8084859 -0.7036706 -0.59729564 6.5342903 -0.99666804 -0.67999136 -0.8242752 0.0
-0.3842949 -0.61025965 0.019098496 -0.86897916 -0.18456957 -0.3056997 -0.40031916 -0.5877955 4.243516
-0.6396186 -0.95091397 -0.6754175 -0.20336917 -0.44855228 -0.5084889 0.26248652 -0.72478324 4.1744103
-0.6275268 -0.58071965 -0.15110826 -0.35281867 -0.10650417 -0.31272057 -0.80106384 -0.35131475 4.523522
-0.8638611 -0.9758252 -0.7136403 -0.8263716 5.6491494 -0.8831275 -0.3734689 -0.39565527 0.0
-0.66606873 -0.59449077 -0.11376142 -0.24774738 -0.6771025 -0.36989477 -0.3908289 -0.29446554 4.430112
-0.9672565 -0.5752957 -0.49901506 -0.35166183 -0.63716185 -0.18927337 -0.040740367 -0.4477851 4.2017946
-0.3123466 -0.6367357 -0.24311861 -0.4927381 -0.74498695 -0.6999063 -0.33952 -0.70745003 4.774158
-0.7262878 -1.1282414 -0.8088136 -0.843941 5.761241 -0.6739901 -0.4924142 -0.6288484 0.0
-0.62056136 -0.43624157 -0.14943875 -0.49851772 -0.19538622 -0.58814913 -0.35050076 -0.84839517 4.884485
-0.74031484 -0.67921525 -0.06624301 -0.6392042 0.009904799 -0.20665304 -0.47229382 -0.9621463 4.2599807
-0.54001397 -0.48563933 -0.30154964 -0.4172728 -0.65653116 -0.33434296 -0.3142193 -0.7835889 4.533933
-0.74522275 -1.1099762 -0.4917213 -0.6713951 5.598696 -1.3303407 -0.797417 -0.60841364 0.0
-0.24047475 -0.34524152 -0.15678003 -0.65432227 -0.23727532 -0.7140834 -0.19793308 -0.84219116 4.215774
-0.4831001 -0.7600297 -0.68658847 -0.79956025 -0.45221153 -0.5391611 -0.078940555 -0.5327103 4.7679152
-0.49733612 -0.47622916 -0.4717642 -0.72572637 0.12485919 -0.38687974 -0.22365566 -0.2687917 4.251268
-0.86375594 -0.9210774 -0.4631468 -0.2798638 5.0943375 -0.8486284 -0.095296234 -1.0947765 0.0
-0.017168209 -0.112518586 -0.7227634 -0.38423252 -0.30220988 -0.67995495 -0.4730895 -0.8141159 4.1290507
-0.5817489 -0.47705108 -0.79514736 -0.5354118 -0.112797774 -0.5060956 -0.18167509 -0.64135045 4.7694254
-0.3304299 -0.5682206 -0.6336892 -0.44523218 -0.14883043 0.052526057 -0.25774264 -0.8398091 3.9579246
-0.3340943 5.2987323 -0.55941224 -0.7069247 -0.8522599 -0.6875547 -0.63790953 -0.61318403 0.0
