5.725348 -0.3557759 -0.61281013 -0.8521107 -0.96542305 -0.5359636 -0.60384095 -0.7580484 0.0
-0.76081485 -0.7119387 -0.40417784 -0.31989247 6.6184525 -0.8911089 -0.9547043 -0.8590361 0.0
0.09721832 -0.25428706 0.11966072 -1.0031164 -0.37341318 -0.5897402 -0.11262925 -0.7705477 4.3791237
-0.5535761 -0.6972539 -0.8284586 -0.0034151773 -0.62249047 0.0734347 0.090585634 -0.9752859 3.9270253
-0.6510082 -0.13318546 -0.10576577 -0.12256519 -0.34177557 -0.37525216 -0.9744014 -0.42788646 4.571993
-1.2298969 -0.6920237 -0.6123762 -0.629547 5.753642 -0.77135026 -0.33659068 -0.3208469 0.0
-0.60760814 -0.5259357 -0.6308581 -0.25612554 -0.48481926 -0.084768705 -0.5601545 -0.25491077 4.359332
-0.61855507 -0.66387075 -0.83690983 -0.3199767 -0.6414632 -0.14987026 0.095557354 -0.5077088 4.112316
-0.047595374 -0.5774713 -0.402543 -0.04455258 -0.38918915 -0.49008006 -0.4640155 -0.727692 4.606412
-0.5830711 -0.8512486 -0.6297898 -1.0344481 5.7451367 -0.8268095 -0.23704308 -0.3974204 0.0
-0.3534615 -0.15512891 -0.25888583 -0.3038581 -0.09975711 -0.4202512 -0.34108046 -0.8635171 4.70462
-0.54372454 -0.46418777 -0.33911175 -0.29832467 -0.4242036 -0.50676894 -0.28583714 -0.61498237 4.375389
-0.5641129 -0.103929825 -0.6216869 -0.42750886 -0.5130553 -0.36248127 -0.25287202 -0.8317345 4.6009917
-0.7161543 -1.2951777 -0.3454548 -0.46197346 5.8321943 -1.3630208 -0.4778868 -0.60452807 0.0
-0.24102768 -0.121016294 -0.04852292 -0.7042512 -0.43900684 -0.7857574 -0.7544607 -0.9116757 4.4714155
0.05958906 -0.62597656 -0.5563103 -0.34696063 -0.3397069 -0.56646574 0.122061156 -0.60752463 4.17566
-0.4592363 -0.32769173 -0.37013578 -0.43026376 0.14109969 -0.25210762 -0.27187255 -0.14621124 3.8915362
-0.7814222 -0.82896984 -0.7178544 -0.23246674 5.060408 -0.61657923 0.09335343 -0.9759667 0.0
-0.29407397 -0.45970604 -0.46374145 -0.69583714 -0.23777772 -0.6966639 -0.3329648 -0.8102562 4.543903
-0.3650351 -0.12760311 -0.83265805 -0.4067288 -0.3307008 -0.30222353 -0.0025817156 -0.31039694 4.544752
-0.5428011 -0.89260733 -0.93225247 -0.7909441 -0.18417007 0.1606165 -0.5326861 -0.5185089 4.5957737
-0.17774507 5.410234 -0.3613913 -0.8300097 -0.8397813 -0.7572874 -0.7161794 -0.58666223 0.0
