5.6344614 -0.29902005 -0.5770433 -0.8349448 -0.9317485 -0.4783929 -0.53116107 -0.71045 0.0
-0.70170224 -0.68538934 -0.3425064 -0.26546967 6.5450497 -0.8618478 -0.94229364 -0.8181782 0.0
0.10320203 -0.13556528 0.11508355 -0.9794509 -0.3261166 -0.54387116 -0.09285986 -0.74440986 4.310957
-0.51352316 -0.6100945 -0.8168253 0.0029144022 -0.6080584 -0.16808449 0.02205629 -0.7523687 3.9773679
-0.608195 0.071297385 -0.14612672 -0.17081243 -0.18955502 -0.34352672 -0.7695539 -0.5629691 4.3519535
-1.2356274 -0.6245845 -0.5850039 -0.5793787 5.713982 -0.7409174 -0.32651585 -0.3091324 0.0
-0.56071746 -0.41814184 -0.6041748 -0.22978401 -0.9501858 -0.08266883 -0.32676333 -0.23096 4.434897
-0.52469337 -0.47010383 -0.78569853 -0.591737 -0.7190761 -0.13339385 0.093730874 -0.18650118 4.062959
0.21861258 -0.55094904 -0.35969368 -0.16439657 -0.3528418 -0.42632532 -0.4283309 -0.6949234 4.464477
-0.54686815 -0.7833879 -0.5844841 -1.0267714 5.7276945 -0.798416 -0.47377527 -0.39303508 0.0
-0.3019862 -0.14234161 -0.22113054 -0.2571316 -0.082524665 -0.37194753 -0.33610854 -0.80481815 4.6394677
-0.49033105 -0.398276 -0.33290124 -0.22039522 -0.39664072 -0.49646595 -0.26963302 -0.54332364 4.3023415
-0.51694924 -0.10269777 -0.7645789 -0.40206745 -0.4739738 -0.26652017 0.0046440586 -0.822215 4.556442
-0.69944555 -1.2857741 -0.022196937 -0.43634626 5.723287 -1.3393073 -0.41249645 -0.59344256 0.0
-0.21688901 -0.11259206 -0.06266966 -0.6634724 -0.42151138 -0.7235378 -0.70379466 -0.83033186 4.3734603
-0.2214117 -0.47751307 -0.5235036 -0.32002127 -0.7928303 -0.43005845 0.12038577 -0.5339408 4.4149976
-0.37033337 -0.3018639 -0.38811535 -0.67661774 0.13312206 -0.2543025 -0.22586879 -0.2505309 3.9756281
-0.743432 -0.760577 -0.68953854 -0.46098495 5.034909 -0.50697106 0.13449985 -0.96789855 0.0
-0.28557104 -0.43042618 -0.75198466 -0.66613775 -0.22108749 -0.873714 -0.27436754 -0.73012453 4.8132725
-0.30627286 -0.12019055 -0.79709095 -0.6217809 -0.25176138 -0.27790424 -0.0017886707 -0.2593554 4.4872165
-0.6741494 -0.8605848 -0.8981777 -0.73981774 -0.16615933 0.0066088866 -0.52677727 -0.43723527 4.6900287
-0.2061253 5.4977503 -0.31714705 -0.78893906 -1.0678916 -0.7630195 -0.67313683 -0.55419666 0.0
