5.204486 -0.8303169 -0.7252005 -0.7279792 -0.53400445 -0.815655 -0.87947917 -0.7081893 0.0
-0.59581137 -0.95294166 -0.84442675 -0.9594791 5.89669 -0.791818 -0.760702 -1.1215245 0.0
-0.35136974 -0.6693926 -0.6613898 -0.8555075 -0.47349346 -0.49855903 -0.7302346 -0.6411695 4.764559
-0.6717978 -0.54605794 -0.62638575 -0.47802 -0.46513358 -0.5565638 -0.23414215 -0.8787348 4.585124
-0.68488276 -0.6532875 -0.2600847 -0.9105552 -0.5480361 -0.77985907 -0.3989916 -0.7775164 4.881787
-0.73828673 -0.8921205 -0.5870642 -0.83207613 5.1667137 -0.853762 -0.7273429 -0.98524535 0.0
-0.6814689 -0.51316714 -0.71278256 -0.7139619 -0.19149606 -0.54388803 -0.39861855 -0.36956424 4.41975
-0.5232858 -0.76429766 -0.57910216 -0.51657027 -0.68000114 -0.70652926 -0.43711758 -0.5501806 4.6712766
-0.9069833 -0.7186762 -0.5927826 -0.51907104 -0.41526678 -0.5733181 -0.6182785 -0.63000983 4.7916775
-0.9409618 -0.6738167 -1.0277007 -1.0816004 5.387678 -0.775186 -0.85765374 -0.6363677 0.0
-0.394874 -0.63306844 -0.90988624 -0.47456986 -0.5547359 -0.53627145 -0.5096923 -0.59054005 4.5987816
-0.52339554 -0.5756013 -0.17792977 -0.76128614 -0.44186452 -0.5171934 -0.79652524 -0.3830308 4.3934746
-0.69153684 -0.6921343 -0.4620205 -0.4494984 -0.6402833 -0.555797 -0.4765876 -0.67384034 4.739868
-0.5235146 -0.77532065 -0.90286946 -1.1393572 4.8100414 -0.79928666 -0.7331123 -0.6328714 0.0
-0.4930623 -0.67285323 -0.7176752 -0.6794165 -0.4569202 -0.6132214 -0.57512563 -0.54386055 4.6673045
-0.49668303 -0.26923543 -0.5438392 -0.67124623 -0.5940598 -0.96603316 -0.7536829 -0.62263966 4.724151
-0.59917414 -0.5909299 -0.6969062 -0.751711 -0.63134325 -0.5648556 -0.37575474 -0.7795141 4.845631
-0.7247943 -1.1218611 -0.69848114 -0.7583955 5.086998 -0.9029782 -0.60500354 -0.57754046 0.0
-0.5401285 -0.63147056 -0.52410316 -0.78276545 -0.52805823 -0.42104694 -0.4897157 -0.6992588 4.681296
-0.48351097 -0.4775567 -0.6374406 -0.70999 -0.690374 -0.5440209 -0.48004434 -0.8557223 4.8287554
-0.5576766 -0.5199545 -0.62496436 -0.58658737 -0.1333111 -0.32012907 -0.5644573 -0.9622875 4.6147327
-0.52948934 5.2658753 -0.75274557 -0.9796052 -0.73016167 -0.90041184 -0.8262735 -0.8904565 0.0
