5.0197544 -0.43497622 -0.7107601 -0.7847091 -0.5859826 -0.567103 -0.9292222 -1.088529 0.0
-0.1807102 -0.8800149 -0.6833016 -0.9576685 5.4114103 -1.0517505 -0.80349714 -0.6634728 0.0
-0.33663365 -0.44829214 -0.57780504 -0.45773458 -0.46767583 -0.8622087 -0.50189644 -0.7609978 4.6395063
-0.68734616 -0.42796287 -0.7466125 -0.6967178 -0.49577823 -0.4265782 -0.6165852 -0.76114005 4.8247867
-0.6498678 -0.4189788 -0.3880132 -0.6013868 -0.6519712 -0.6202656 -0.52228653 -0.74863327 4.739379
-0.2322664 -1.0116003 -0.6690327 -0.9507609 4.637328 -0.61118543 -0.89470136 -1.0759821 0.0
-0.6687246 -0.41994515 -0.66085553 -0.67889446 -0.4540961 -0.5521244 -0.58269393 -0.55981493 4.4536433
-0.56230426 -0.72511727 -0.5587082 -0.6226232 -0.4732288 -0.676543 -0.1944835 -0.6699204 4.5122895
-0.8791547 -0.80875343 -0.66353256 -0.57801104 -0.36423892 -0.5837839 -0.58292574 -0.52188706 4.776177
-0.5586946 -1.0770665 -0.8092298 -1.0344603 4.819846 -0.9948399 -0.6720683 -0.7520148 0.0
-0.5529874 -0.50894195 -0.5849434 -0.47837594 -0.5242339 -0.56451166 -0.68866336 -0.54993415 4.5177627
-0.50620306 -0.6169941 -0.7112246 -0.73011166 -0.43504867 -0.5815665 -0.4934191 -0.7183556 4.6749277
-0.3473018 -0.687595 -0.51218295 -0.6119621 -0.7086236 -0.77402824 -0.65378517 -0.49052972 4.6809373
-0.9800325 0.012645303 -0.5968592 -0.97246933 4.2802224 -1.0225464 -0.68757236 -1.1545588 0.0
-0.48120505 -0.83461505 -0.6766336 -0.53062946 -0.37018335 -0.53059 -0.57291263 -0.66756433 4.61144
-0.5837146 -0.5888651 -0.59618735 -0.74306005 -0.52436256 -0.56757855 -0.675078 -0.5989627 4.8328233
-0.4661717 -0.83275247 -0.60752326 -0.6641345 -0.4066521 -0.60134274 -0.48049986 -0.48765764 4.6805716
-0.41773742 -0.9783432 -0.84501624 -0.7887597 4.6664305 -0.8212965 -0.75943464 -0.79107344 0.0
-0.57755023 -0.49687853 -0.67427063 -0.64730746 -0.49846506 -0.570774 -0.625367 -0.76791525 4.700837
-0.5444078 -0.49658075 -0.6685914 -0.7684538 -0.57093126 -0.4405943 -0.5259155 -0.85352355 4.7780023
-0.5371646 -0.3905555 -0.61421555 -0.7029804 -0.5853863 -0.45598873 -0.60042053 -0.7130036 4.6870093
-0.61917216 5.0201235 -0.6818091 -0.99816406 -0.6777178 -0.7373793 -0.8479427 -0.8983931 0.0
