5.0392084 -0.6979295 -0.58478886 -0.6738622 -0.48178634 -0.7581679 -0.9175747 -0.6616772 0.0
-0.62681484 -1.1166666 -0.95213544 -1.0157614 5.903592 -0.7336947 -0.8016542 -0.76267225 0.0
-0.28375897 -0.6481011 -0.6592632 -0.8735238 -0.50576806 -0.5525478 -0.6362717 -0.6354119 4.745421
-0.7383656 -0.66153306 -0.6827858 -0.51208913 -0.46949065 -0.5400667 -0.1715711 -0.906072 4.6770644
-0.66187245 -0.47374925 -0.38930044 -0.79666495 -0.60640556 -0.639291 -0.48277697 -0.8471974 4.8512526
-0.6642664 -0.81831944 -0.5286028 -0.9705771 5.1279025 -0.8319865 -0.7780073 -1.0026646 0.0
-0.65989363 -0.6676651 -0.6448608 -0.6829616 -0.36779067 -0.5635405 -0.32187334 -0.38549682 4.4413548
-0.5159519 -0.8511578 -0.54306316 -0.47831815 -0.6788313 -0.5554519 -0.2927727 -0.6943567 4.6451907
-0.7701246 -0.69873023 -0.4755579 -0.4886992 -0.5040228 -0.41788423 -0.58561206 -0.6804198 4.622643
-0.9424188 -0.6895099 -1.109747 -1.0145509 5.3695946 -0.7543264 -0.85038596 -0.6717327 0.0
-0.42423347 -0.6727558 -0.8049207 -0.35184905 -0.4482205 -0.48370808 -0.64777786 -0.49693865 4.505709
-0.4887586 -0.49144006 -0.054668024 -0.65367794 -0.40508953 -0.37671807 -0.87170225 -0.518277 4.3097234
-0.64597005 -0.7693267 -0.33014536 -0.68866944 -0.7010889 -0.5528478 -0.5714607 -0.80336887 4.8794985
-0.57136357 -0.76521677 -0.8742766 -1.191312 4.8538785 -0.7990316 -0.82451946 -0.6604869 0.0
-0.39299378 -0.63393366 -0.68167424 -0.69511145 -0.36763287 -0.4631946 -0.64010644 -0.57566786 4.5528316
-0.49600804 -0.343367 -0.563998 -0.680181 -0.52878994 -0.78642476 -0.6519754 -0.5935958 4.6467285
-0.5699223 -0.63796675 -0.6606776 -0.7064174 -0.7977954 -0.6690436 -0.47568294 -0.7405559 4.904089
-0.6957167 -1.0344096 -0.6703575 -0.8086111 5.010602 -0.81331563 -0.6563075 -0.58525336 0.0
-0.5777245 -0.7500247 -0.4913705 -0.86469984 -0.5463643 -0.40853545 -0.5447469 -0.71857893 4.7838244
-0.6173362 -0.5441159 -0.6753086 -0.7289737 -0.6111783 -0.48364452 -0.6291523 -0.8731763 4.9069557
-0.55285114 -0.48779678 -0.67660004 -0.5852705 -0.29126334 -0.45799547 -0.5604436 -0.72031265 4.632421
-0.58145803 5.2407093 -0.7481012 -1.0730609 -0.6254594 -0.8582737 -0.77682716 -0.94518334 0.0
