5.256595 -0.69825864 -0.6151672 -0.62431824 -0.5959824 -0.82882917 -1.032969 -0.9292226 0.0
-0.60767674 -1.2169745 -0.96414876 -0.9604474 6.014113 -0.93186814 -0.91019267 -0.84269315 0.0
-0.37947232 -0.43786466 -0.56880313 -0.7033948 -0.5432883 -0.8900225 -0.6150937 -0.7489031 4.8105993
-0.7410468 -0.5853115 -0.66863954 -0.45440376 -0.51772094 -0.54978365 -0.4337944 -0.9357506 4.7578382
-0.65733665 -0.43989342 -0.63543147 -0.7439328 -0.4368975 -0.6456778 -0.5267998 -0.8348644 4.8037186
-0.6117203 -0.8603847 -0.48963356 -1.0693108 5.1558337 -0.84706527 -0.9544091 -0.9949475 0.0
-0.50991195 -0.6396039 -0.6820046 -0.61048293 -0.54929847 -0.57750374 -0.29029593 -0.59706885 4.45061
-0.5234922 -0.90635264 -0.49886206 -0.37653032 -0.601543 -0.7306824 -0.14137584 -0.69999444 4.607705
-0.8367261 -0.8111061 -0.6262877 -0.44294536 -0.5759805 -0.45976734 -0.64766467 -0.56966954 4.7421913
-0.95090955 -0.7706703 -1.1672786 -0.9825006 5.3904014 -0.85069567 -0.8264727 -0.7009644 0.0
-0.6481126 -0.4193399 -0.7882898 -0.6573978 -0.62606597 -0.3756769 -0.708581 -0.40785605 4.6144733
-0.5098078 -0.553059 -0.40355062 -0.46205872 -0.4958406 -0.54241633 -0.6938013 -0.65225637 4.4918036
-0.61278176 -0.5460509 -0.3206477 -0.75644815 -0.6798897 -0.5361366 -0.595314 -0.6674923 4.7007055
-0.7330409 -0.58749443 -0.71557105 -0.83919656 4.5764284 -0.9702118 -0.66603 -0.5138499 0.0
-0.32904187 -0.59654784 -0.5949918 -0.7704083 -0.47024235 -0.42171735 -0.5994487 -0.7639979 4.585603
-0.44625425 -0.3751886 -0.56749517 -0.5429251 -0.5052443 -0.6661107 -0.715501 -0.5546498 4.5912333
-0.39269406 -0.71892333 -0.72655714 -0.7374096 -0.6994552 -0.6327898 -0.53920794 -0.5761185 4.7864776
-0.68390393 -1.0707146 -0.7626715 -0.8901456 5.0722003 -0.7284288 -0.6735275 -0.6895567 0.0
-0.5662989 -0.7441746 -0.47368267 -0.99373025 -0.39914995 -0.23040564 -0.59019905 -0.7909066 4.7658496
-0.3616162 -0.67044926 -0.5501953 -0.6830317 -0.60067016 -0.60388005 -0.7133805 -0.9058819 4.8576045
-0.6043672 -0.456145 -0.74879634 -0.685034 -0.3135512 -0.5550423 -0.7373456 -0.7508681 4.7907376
-0.55308616 5.0539513 -0.5828088 -1.0815346 -0.5425772 -0.76873934 -0.76720667 -0.87574357 0.0
