5.7376676 -0.5407101 -0.88193583 -0.93786347 -0.72913015 -1.1647971 -0.9698339 -0.5847825 0.0
-0.6381373 -1.000371 -0.89910126 -0.7548803 6.2367487 -0.58137804 -1.1550986 -1.1571109 0.0
-0.57310843 -0.67916024 -0.41434753 -0.5284197 -0.44780725 -0.79676527 -0.5264956 -0.61977774 4.705918
-0.31977683 -0.6315617 -0.4931915 -0.3805022 -0.7500198 -0.3487806 -0.15196338 -0.7167541 4.2613616
-0.59326255 -0.45555222 -0.5300209 -0.6066319 -0.45423052 -0.604623 -0.54562294 -0.94536537 4.8375444
-0.85765946 -1.1395955 -0.9179031 -0.7152801 5.627497 -0.65242606 -0.8297794 -0.7577306 0.0
-0.47814235 -0.79514396 -0.27356508 -0.5779817 -0.6121671 -0.5886386 -0.4143525 -0.8258105 4.6474047
-0.9544085 -0.53846645 -0.5527799 -0.6974697 -0.50775355 -0.42491817 -0.48578173 -0.30126575 4.4991584
-0.5911079 -0.74351764 -0.78660804 -0.37954178 -0.4541335 -0.38659948 -0.42322567 -0.7439763 4.5916867
-1.0119169 -0.74601156 -0.6291457 -0.8935404 5.7647896 -1.2943943 -0.9632641 -0.4674958 0.0
-0.6743815 -0.16528234 -0.7701837 -0.6245395 -0.48254776 -0.3991832 -0.7729753 -0.65817153 4.631839
-0.39887682 -0.7468066 -0.64313453 -0.532306 -0.8143763 -0.47025698 -0.3700691 -0.38610968 4.4928885
-0.60594165 -0.4081065 -0.6274769 -0.6424995 -0.4805446 -0.6535083 -0.53551143 -0.558803 4.7325625
-0.9355174 -0.73659813 -0.82370555 -1.2342081 5.2865343 -0.7360661 -0.89225703 -0.6891439 0.0
-0.5671956 -0.7694089 -0.39899832 -0.47614583 -0.39161438 -0.6607636 -0.36818963 -0.8598476 4.6311164
-0.6138989 -0.5347605 -0.7086978 -0.677799 -0.5473927 -0.32422647 -0.7347851 -0.6164268 4.9076242
-0.722163 -0.09299339 -0.51923615 -0.44101295 -0.11436304 -0.8684237 -0.70562935 -0.56856614 4.383852
-0.9388963 -0.92193395 -0.5033256 -0.486978 5.27157 -0.8554998 -0.8739555 -0.833797 0.0
-0.29460093 -0.8424604 -0.83952814 -0.4112065 -0.46834064 -0.9852495 -0.5082426 -0.5792785 4.5907784
-0.60381925 -0.05894574 -0.8894861 -1.1361187 -0.2721296 -0.5342055 -0.588109 -0.5565407 4.742354
-0.52399457 -0.5593145 -0.572784 -0.21282655 -0.49919775 -0.7554289 -0.58430606 -0.67513955 4.5919065
-0.6874227 5.34673 -0.57107794 -0.3866643 -0.9243978 -0.98219043 -0.6594991 -1.0779518 0.0
