5.092159 -0.098479986 -0.39420703 -0.73402315 -0.744173 -0.23277394 -0.23557052 -0.4710852 0.0
-0.4203671 -0.5387949 -0.11978142 -0.081250645 6.0993786 -0.697622 -0.8674556 -0.600901 0.0
0.07341508 -0.07009222 0.10241295 -0.8420578 -0.14488286 -0.35954627 -0.3080291 -0.59612453 4.1016574
-0.7399809 -0.26204014 -0.30213642 0.111902654 -0.40514746 -0.15183488 -0.5916007 -0.6271372 4.410894
-0.49068135 0.046967376 -0.43699092 -0.12339272 0.11915675 -0.20856251 -0.6653463 0.00820176 4.202332
-1.146394 -0.8124059 -0.8374791 -0.34233212 6.1622195 -0.5594031 -0.26978445 -0.24384241 0.0
-0.86036986 -0.44397834 -0.45930728 -0.36073822 -0.8684317 -0.12515722 -0.068968944 -0.11272803 4.396222
-0.5180418 -0.28171754 -0.42979056 -0.5816769 -0.66989595 0.123045824 0.09744958 0.10906552 3.7441823
-0.16932055 -0.4532407 -0.41622108 -0.21882276 -0.2153981 -0.49579102 -0.256006 -0.55464596 4.4831805
-0.1644489 -0.5042712 -0.3642168 -0.97949207 5.385522 -0.5480328 -0.46865422 -0.5622301 0.0
-0.14632446 -0.0825136 -0.081274435 -0.08922266 -0.25211823 -0.17187029 -0.57700616 -0.51505065 4.586358
-0.26988313 -0.56228304 -0.29614553 -0.0647459 -0.3843554 -0.69742763 -0.16685478 -0.31045014 4.296908
-0.28754172 -0.09550529 -0.6395431 -0.27025425 -0.582695 -0.25849876 0.00075817516 -0.7641436 4.1046443
-0.7891987 -1.2278076 -0.017569257 -0.30396646 5.5846953 -1.1975487 -0.16303244 -0.5357643 0.0
-0.11108708 -0.028026598 -0.039810013 -0.5077446 -0.32780766 -0.6003941 -0.47461325 -0.46934542 4.0607963
-0.16197504 -0.14094207 -0.7533674 -0.1905594 -0.6860227 -0.24096753 0.11617138 -0.288322 4.202069
0.030860187 -0.426012 -0.3592954 -0.7607593 0.14016916 -0.744265 -0.0870507 -0.3931289 4.186909
-0.54219633 -0.9052293 -0.5344203 -0.75802517 5.6790924 -0.76893824 0.009458211 -0.9183651 0.0
-0.23349316 -0.2831929 -0.69813603 -0.4857623 0.06937835 -0.68781817 -0.0806738 -0.3721988 4.479073
-0.10076637 -0.08434155 -0.70670855 -0.90046585 -0.19795984 0.33027527 0.36445716 -0.08689484 3.8931863
-0.61291856 -0.6828559 -0.7182839 -0.39231476 -0.42036933 -0.1172714 -0.40329424 -0.14831571 4.772897
-0.3989116 5.7577667 -0.13887878 -0.5720974 -0.815436 -0.5686116 -0.90059644 -0.3772225 0.0
