2.6502938 2.0789683 1.145846 -0.51865333 1.8467594 1.3890835 -0.4776954 -0.4788895 0.0
1.8872855 0.035680663 1.5292625 -0.41619503 2.0515306 -0.20324102 0.25453776 -0.42060155 0.0
0.3364385 0.14416803 0.3730483 -0.5474819 0.7794834 -0.47959453 -0.1839704 -0.5294593 2.9287696
0.5283372 -0.098216176 0.17044277 -0.39011407 0.55990607 0.14794795 -0.38893932 -0.5493353 2.9786372
-0.07632866 0.023236405 0.12676802 -0.44542143 0.9248421 -0.1489861 -0.37146634 -0.53195804 2.9151886
0.9123595 0.55637014 0.37512538 0.1577988 0.65030074 0.84296525 -0.08073031 -0.32072926 0.0
-0.028896252 -0.40340635 -0.1945167 -0.26165095 -0.022367401 -0.39040363 -0.08450565 -0.306383 2.9398794
-0.16506532 0.08757448 0.062342044 -0.2037876 -0.136047 -0.30164847 0.055291526 -0.25851634 2.3518271
-0.060339622 -0.39329618 -0.23780946 -0.26604387 -0.17146517 -0.33749628 -0.06416881 -0.3867521 2.959846
0.7305163 0.05022225 0.096855044 0.32579693 0.61423504 0.07187856 0.38932607 -0.18163462 0.0
-0.32289776 -0.19757448 -0.44875848 -0.24159808 -0.12905514 -0.27386874 -0.35306028 -0.5138837 3.00367
-0.21468383 -0.37628004 -0.28578317 -0.45315728 -0.25273004 -0.47522488 -0.43922535 -0.41463184 3.0721762
0.020283442 -0.24274307 -0.36381066 -0.40429187 -0.40520874 -0.3516017 -0.49469677 -0.45331576 3.0555685
0.18678695 0.5269504 0.018641375 0.052904278 0.56947905 0.28600967 0.26431715 -0.10973073 0.0
-0.16480272 -0.3074916 -0.33204338 -0.5210851 0.20882674 -0.3773009 -0.3801304 -0.53586036 3.0899463
-0.47201428 -0.41618556 -0.33262104 -0.5408373 0.010670188 -0.37646016 -0.40367198 -0.52394134 3.067089
-0.10524473 -0.45944908 -0.44497684 -0.5355268 -0.27082103 -0.5058658 -0.46940157 -0.5677212 3.0822616
0.69078165 0.29302704 0.36090606 -0.01821773 0.7974846 0.31017885 0.14579335 -0.28771988 0.0
0.47296074 -0.40071258 -0.31336486 -0.56406057 -0.06427151 -0.17117395 -0.45441306 -0.5670692 3.0696254
0.119806625 0.7561831 -0.51959527 -0.553165 0.46721298 -0.12606215 -0.5334439 -0.5751854 3.0242565
-0.2225462 0.31519705 -0.4355821 -0.56976426 0.46912065 -0.23815644 -0.4688407 -0.54920113 3.069054
1.0515307 2.6907132 -0.06676086 -0.51980263 1.241127 0.97399235 -0.24849331 -0.51712114 0.0
