5.591164 -0.4897969 -0.4931262 -0.97417164 -0.8422791 -1.1397198 -0.7647395 -0.46534747 0.0
-0.6941331 -0.8621253 -0.99098504 -0.6417455 6.0337377 -0.31725207 -1.0096896 -1.0260105 0.0
-0.690626 -0.5105388 -0.54735106 -0.4118796 -0.15110204 -0.6643439 -0.6748886 -0.7770328 4.605426
-0.3266615 -0.72534496 -0.5633145 -0.68633837 -0.8676838 -0.45839503 0.081244804 -0.5552209 4.320477
-0.49334863 -0.6259379 -0.62890494 -0.5820047 -0.52091515 -0.5230254 -0.6445464 -0.90371764 4.9844127
-0.84600794 -0.90580225 -0.7355404 -0.67964596 5.5413475 -0.73432934 -0.815365 -0.86318636 0.0
-0.48154175 -0.6841665 -0.24237512 -0.44465506 -0.49449906 -0.3763404 -0.47307804 -0.8039958 4.4403734
-0.7093741 -0.6482401 -0.58647084 -0.6429056 -0.41659006 -0.32798433 -0.30515862 -0.20846848 4.2856383
-0.7059029 -0.58580256 -0.7073825 -0.5659554 -0.56685627 -0.38444754 -0.45420036 -0.8891751 4.7391624
-0.8469015 -0.9982183 -1.1074821 -0.9778157 5.8992286 -0.9254069 -0.9707236 -0.47452724 0.0
-0.40684423 -0.4829729 -0.71325076 -0.72657233 -0.60088444 -0.60862905 -0.41160378 -0.4874084 4.611127
-0.52602077 -0.85163987 -0.5230625 -0.35198787 -0.63530743 -0.29583672 -0.55243975 -0.5597942 4.472584
-0.6221897 -0.5083778 -0.36063564 -0.5501443 -0.47854674 -0.28678405 -0.18252082 -0.74655634 4.686935
-1.1162362 -0.62291557 -0.72517854 -1.2136021 5.4164195 -0.5271839 -1.1616036 -0.6560278 0.0
-0.6140741 -0.43905917 -0.73161125 -0.64754474 -0.5975568 -0.41346157 -0.521673 -0.779686 4.7123094
-0.5897178 -0.57362664 -0.5258932 -0.45395005 -0.3167177 -0.21191765 -0.61045057 -0.8373856 4.719761
-0.7002685 -0.34535033 -0.7325358 -0.70226127 -0.20547314 -0.7250301 -1.0581625 -0.7256846 4.8686757
-0.71853715 -1.1214433 -0.36890703 -0.6612347 5.249307 -0.94427997 -0.8808943 -0.7036353 0.0
-0.4693766 -0.9773884 -0.48243907 -0.50146115 -0.2757773 -0.84220034 -0.49013972 -0.73728085 4.6491113
-0.2474567 -0.23897444 -0.83657426 -0.9482737 -0.39994285 -0.6722355 -0.72385126 -0.83762133 4.9782534
-0.43849036 -0.27480417 -0.57934314 -0.34766957 -0.3700444 -0.5086308 -0.71306884 -0.9645789 4.4708385
-0.75139254 5.1657476 -0.5376057 -0.3037815 -0.85750306 -0.8158487 -0.46436822 -1.0115224 0.0
