5.406297 -0.19014871 -0.49395177 -0.7921824 -0.85006964 -0.35660264 -0.3812578 -0.6007675 0.0
-0.5693258 -0.621275 -0.2231862 -0.16385463 6.359231 -0.7906047 -0.9109913 -0.72134656 0.0
0.088424854 -0.10312837 0.10980208 -0.9208535 -0.24084699 -0.4309459 -0.34941646 -0.6784251 4.283213
-0.63300586 -0.43258744 -0.68639576 0.12869471 -0.49444157 -0.16248338 -0.59422195 -0.69848734 4.4309626
-0.27644733 0.075343244 -0.13761342 -0.13966994 0.23035112 -0.2890643 -0.7329936 -0.40963605 3.8233924
-1.198394 -0.810996 -0.8628255 -0.46744823 6.1721535 -0.6677162 -0.30232754 -0.2806054 0.0
-0.9499341 -0.5120026 -0.540226 -0.4100541 -0.89838123 -0.13741213 -0.08332675 -0.17238525 4.5666437
-0.34278104 -0.3794009 -0.49589738 -0.617026 -0.6975267 0.14784154 0.1045205 0.110481404 3.7232633
-0.23989695 -0.50903213 -0.27319175 -0.32986766 -0.27577946 -0.24336903 -0.34720853 -0.38652933 4.2545195
-0.16729842 -0.63417417 -0.4819077 -1.007203 5.3812027 -0.7375644 -0.60102016 -0.38192776 0.0
-0.25447923 -0.113955565 -0.14707647 -0.16722448 -0.05214223 -0.27205697 -0.32362068 -0.6707873 4.4816756
-0.40095592 -0.60465604 -0.31738144 -0.07391748 -0.46780556 -0.53991306 -0.20751858 -0.22006208 4.3024726
-0.41162127 -0.09968798 -0.710837 -0.34190837 -0.3827503 -0.32267994 0.0036903077 -0.79799086 4.35419
-0.66893095 -1.2617882 -0.01918728 -0.37650207 5.6414933 -1.279929 -0.28336456 -0.57421696 0.0
-0.16509336 -0.036573365 -0.053105175 -0.66918755 -0.38040996 -0.3426537 -0.59927875 -0.6523833 4.0416846
-0.19493645 -0.36750484 -0.7941962 -0.25783712 -0.7544626 -0.3219656 0.10770845 -0.3823901 4.475046
0.03631785 -0.4402718 -0.40816182 -0.85301954 0.11146339 -0.46014097 -0.17416486 -0.15241522 3.805777
-0.6535687 -0.6088003 -0.62142843 -0.7635744 5.3983836 -0.78857917 0.010341802 -0.94735974 0.0
-0.2606291 -0.36284503 -0.72954154 -0.5844053 -0.17244868 -0.79971623 -0.16627249 -0.55464906 4.6902766
-0.1946812 -0.104017 -0.70797855 -0.9217145 -0.22823332 0.33749348 0.25845832 -0.1611992 4.039452
-0.64845073 -0.78305286 -0.81835777 -0.57114935 -0.12720163 -0.14349031 -0.47504908 -0.28149012 4.5829515
-0.43150762 5.799433 -0.22671492 -0.69196594 -0.95660424 -0.67672724 -0.906759 -0.47372264 0.0
