4.9013968 -0.20845006 -0.62075573 -0.860481 -0.3519195 -0.483708 -1.048159 -1.2567772 0.0
0.56168896 -1.0705515 -0.5500101 -1.035097 5.123334 -1.0434865 -0.82825744 -0.9361856 0.0
-0.56132895 -0.5260643 -0.46638542 -0.5991476 -0.50733334 -0.8338202 -0.50995207 -0.68846077 4.7368255
-0.5577009 -0.40886307 -0.5365658 -0.62507814 -0.5138541 -0.3523001 -0.6968423 -0.7993315 4.704409
-0.57981247 -0.48787048 -0.43084633 -0.4650166 -0.4982259 -0.6339201 -0.70816857 -0.73722965 4.760406
0.69024366 -0.9975123 -0.54760563 -0.90224224 3.5675852 -0.33874595 -0.9775507 -1.0908567 0.0
-0.65021026 -0.6026781 -0.49347392 -0.5076112 -0.37467083 -0.5551117 -0.41958305 -0.57827824 4.4124837
-0.489494 -0.68794394 -0.56250393 -0.44788828 -0.37348908 -0.43307102 -0.52001715 -0.5874021 4.3573637
-0.6477562 -0.5710434 -0.72164613 -0.4864465 -0.31525984 -0.6292284 -0.402639 -0.6074922 4.5486217
-0.3500576 -1.234262 -0.54564977 -0.81381774 4.1236787 -0.71868956 -0.3056675 -0.9589615 0.0
-0.5390767 -0.5035433 -0.50115544 -0.52968013 -0.5922892 -0.47583345 -0.62785155 -0.5355801 4.4900246
-0.49378827 -0.5264554 -0.50710464 -0.59344727 -0.45597175 -0.65166074 -0.47288692 -0.6115654 4.515891
-0.40224656 -0.5139115 -0.59060407 -0.63469744 -0.44668302 -0.60578537 -0.5597199 -0.6509503 4.614985
-0.9976509 0.64799756 -0.70180315 -0.8498734 2.8694654 -0.43852153 -0.098002575 -0.9265609 0.0
-0.53277117 -0.5215176 -0.72917235 -0.5932335 -0.40111732 -0.48829305 -0.5542188 -0.5909273 4.5246267
-0.64114684 -0.50010115 -0.6383803 -0.7315202 -0.34148324 -0.51396704 -0.4968597 -0.63668466 4.706206
-0.5594198 -0.50710523 -0.6233767 -0.6212304 -0.41934007 -0.58016396 -0.4722299 -0.60122883 4.685034
-0.106771454 -0.62160397 -0.42311102 -0.6086762 3.6774542 -0.75940496 -0.58768874 -0.8713501 0.0
-0.47123718 -0.5673424 -0.5318767 -0.7215592 -0.5732299 -0.49015105 -0.58813596 -0.76313794 4.6800194
-0.5402949 -0.46680462 -0.6129888 -0.70724213 -0.4999069 -0.5702618 -0.64651567 -0.756203 4.7215314
-0.44548923 -0.40135822 -0.5291673 -0.7255217 -0.5068592 -0.50150603 -0.61225 -0.7731186 4.666807
-0.55884326 4.581886 -0.7043372 -0.8651152 -0.57942665 -0.5748774 -0.6506928 -0.8605557 0.0
