3.755454 2.1017606 -0.05725133 -1.2711551 1.5583086 0.4183897 -1.1340634 -1.2801833 0.0
2.300396 -0.7495685 1.2795838 -1.0692254 2.8573856 -0.74414384 -0.49754685 -1.0983793 0.0
-0.5447422 -0.71771073 -0.5078883 -1.1032704 -0.1894386 -0.9176308 -0.8598157 -1.1976695 4.7390428
-0.4080113 -0.7741267 -0.6076739 -0.95644456 -0.101645336 -0.7206797 -0.9774267 -1.2086465 4.7837534
-0.7866593 -0.85004324 -0.7373123 -1.0139052 -0.29393917 -0.96429914 -1.0248884 -1.2174875 4.8077683
0.8043097 0.26497638 0.120032445 -0.16090639 0.7786952 0.8971351 -0.46198192 -0.9510885 0.0
-0.7098136 -0.93383086 -0.72589946 -0.8940926 -0.5500599 -0.8942912 -0.7158229 -0.9288948 4.755307
-0.80090564 -0.64238244 -0.57173806 -0.7129957 -0.5880656 -0.8677818 -0.59730184 -0.75821775 4.280773
-0.7345189 -0.8404066 -0.74213004 -0.84669936 -0.6423956 -0.81513524 -0.60016793 -0.87508446 4.7056727
0.5612993 -0.45315304 0.15564492 0.15030591 0.9108116 -0.47454363 0.5417533 -0.6561894 0.0
-0.8145947 -0.85489345 -0.91077036 -0.847893 -0.7567463 -0.8376252 -0.8651162 -1.0165478 4.7092543
-0.78437847 -0.95868015 -0.8322789 -1.0364494 -0.7977984 -1.0852017 -0.981797 -0.9487618 4.7707086
-0.7446093 -0.91819775 -0.9759006 -0.9349098 -0.91287565 -0.9145546 -1.0692749 -1.0772144 4.7854714
-0.1763129 0.412125 -0.1922532 -0.070056394 0.5290753 0.14706874 0.3397465 -0.38722357 0.0
-0.84285194 -0.8481341 -0.87210095 -1.044863 -0.58350736 -0.8158239 -0.88060457 -1.163181 4.774399
-1.1007291 -1.0170712 -1.0414977 -1.2020595 -0.7674375 -0.95686674 -0.962542 -1.1756688 4.7989454
-0.9537909 -1.0693073 -1.075418 -1.192457 -0.9184583 -1.0804118 -1.0734273 -1.2046778 4.7890763
0.44260055 0.34865138 0.626794 -0.50675505 0.98858756 0.030904377 -0.37911907 -0.88168037 0.0
-0.74392104 -1.0155566 -0.9558352 -1.2912264 -0.7940424 -0.81196296 -1.0014689 -1.3082409 4.849719
-0.88944036 -0.5588782 -1.0803156 -1.254143 -0.71644086 -0.8440989 -1.0629046 -1.3128518 4.845374
-0.82941175 -0.7785303 -1.0685593 -1.2702013 -0.6914899 -0.84041816 -1.0656028 -1.2521726 4.8371353
0.28492063 4.111005 -0.5786108 -1.1869447 0.434289 -0.12138882 -0.818198 -1.2352157 0.0
