-0.90654093 -0.9253852 -0.77529234 -0.86613536 -0.84854954 -1.1172521 5.211117 -1.10281 0.0
-1.1543204 -1.2444255 -0.70581794 -0.4193106 -1.3805033 -1.3326659 5.5448313 -0.51896024 0.0
-0.30447835 0.11457361 -0.65222377 -0.8031698 -0.58465654 -0.5856474 -0.5075332 -0.6365902 4.015324
-0.32287255 -0.5400263 -0.38701987 -0.6369666 -0.5999185 -0.7655803 -0.7238658 -0.5427335 4.4935837
-0.43292224 -0.6343951 -0.6480588 -0.4552062 -0.51300085 -0.3621868 -0.80269885 -0.66438013 4.26559
-1.619526 -1.3318127 5.055371 0.7217973 -1.6791865 -1.4811273 -1.4130669 0.5611727 0.0
-0.65693504 -0.5804068 -0.51775426 -0.7803447 -0.26762453 -0.63688743 -0.42506784 -0.49012986 4.209544
-0.7868975 -0.52306694 -0.73164785 -0.5562518 -0.55661005 -0.40909955 -0.5142852 -0.47080028 4.2915783
-0.6725309 -0.4424514 -0.7390603 -0.60755634 -0.3662553 -0.51793265 -0.5687778 -0.37352297 4.192388
-0.4610466 -1.5865052 1.0776072 4.6395993 -1.613948 -1.6213534 -1.4690177 0.11325466 0.0
-0.42384744 -0.69575506 -0.69345874 -0.49828205 -0.45184857 -0.5048629 -0.50478536 -0.52440715 4.292779
-0.8097669 -0.47814313 -0.67106485 -0.56843185 -0.44505733 -0.4529167 -0.65344876 -0.48985204 4.405821
-0.7150411 -0.794226 -0.6566684 -0.43115407 -0.7451122 -0.28696325 -0.49769536 -0.6286112 4.4478645
-1.0899674 -1.2684366 -0.7144247 0.23328699 -1.0254443 -1.2766619 -1.1360521 5.2692776 0.0
-0.5725155 -0.6373144 -0.60302174 -0.49845558 -0.34593403 -0.5472724 -0.49752557 -0.54125553 4.2150383
-0.37488464 -0.44367072 -0.5903006 -0.7837927 -0.5085521 -0.34315082 -0.38180584 -0.5762603 4.1155634
-0.51457125 -0.613297 -0.6010599 -0.56121254 -0.41408992 -0.52304536 -0.6617744 -0.47347805 4.242485
-1.0575786 -1.3438922 -0.9269449 4.7027116 -1.0293462 -1.2811457 -0.30363584 -0.057985734 0.0
-0.4755176 -0.7626898 -0.54039735 -0.67944723 -0.5780607 -0.30347043 -0.3381187 -0.56864005 4.219812
-0.5281248 -0.5618404 -0.6332425 -0.7152819 -0.48971415 -0.29949 -0.51724356 -0.28279203 4.1037073
-0.54495454 -0.3922806 -0.54284304 -0.77978873 -0.3537958 -0.44283265 -0.64194334 -0.42531982 4.1466517
-0.35632882 -0.8825384 4.5965443 -0.79304713 -1.0735598 -1.2009182 -0.6231669 -0.985858 0.0
