-0.065859295 -0.325959 0.02299454 -0.3371432 -0.010945026 -0.43019345 4.6875114 -0.48367462 0.0
-0.12129726 -0.04168504 -0.001820833 -0.63587284 -0.15880875 -0.8257963 6.3494253 -0.75093955 0.0
-0.049089927 -0.06533861 -0.08830425 -0.3831367 -0.13449322 -0.7817755 -0.22712286 -0.053106695 4.4170914
-0.014236033 -0.10896852 -0.07298768 -0.13506804 -0.23404966 -0.10724786 -0.2601631 -0.7831312 3.6323655
-0.21319622 -0.6951461 -0.047163695 -0.5039451 -0.1276001 -0.39621115 -0.22799662 -0.06212524 4.909833
-0.048134197 -0.16140033 5.163166 -0.0012177844 -0.7596366 -0.014296705 -0.16709632 -0.2188965 0.0
-0.34372213 -0.48851004 -0.12753268 0.34818015 -0.11249821 -0.18654816 -0.52602977 0.38840684 3.6070745
-0.06988231 -0.062397256 -0.08855738 -0.015404473 -0.07690131 -0.05809603 -0.2220205 -0.12426116 3.957191
-0.3971657 -0.0067053153 -0.3117057 -0.110743105 -0.23622237 -0.25178298 -0.19440453 -0.85173017 3.9961982
-0.009259254 -0.14912966 -0.4518429 5.2776203 -0.009598356 -0.18865538 -0.24587624 -0.11491094 0.0
-0.32580274 -0.751738 -0.77573013 -0.06054226 -0.0762985 -0.04105289 -0.0011929828 -0.3735365 4.559359
-0.49813554 0.8106063 -0.09597147 -0.04143605 -0.27056807 -0.41509372 -0.062365238 -0.07090494 2.9499164
0.06742048 -0.04888454 -0.75074357 -0.54788804 -0.0051981267 0.09696368 -0.9951443 -0.30974343 4.0909896
-0.6734992 -0.15373212 -0.17236069 -0.16166897 -0.00024324925 -0.82004607 -0.14979795 6.441141 0.0
-1.0401199 -0.24952048 -0.003528612 -0.095862046 -0.0873047 -0.03235293 -0.00961689 -0.0898993 4.417956
-0.087234646 -0.4862006 -0.011557431 -0.60597646 -0.019506942 -0.28001833 -0.06521998 -0.033376068 4.1902475
-0.13388278 -0.0118525615 -0.14021614 -0.21704085 -0.16999424 -0.35824412 -0.18766427 -0.08558999 4.375687
-0.0009081925 -0.0020445674 -0.24691795 5.6311765 -0.4371295 -0.7715973 -0.5663026 -0.09556297 0.0
-0.05993132 -0.1629591 -0.12408975 -0.39708054 -0.12940915 -0.3981151 -0.045010697 0.028742613 3.7034116
0.22587332 -0.72982293 -0.033583622 -0.35991266 -0.67926073 -0.024910167 -0.54985845 -0.09688482 4.7773886
-0.12814367 -0.07142421 -0.06230105 -0.49982184 0.022527128 -0.1143549 -0.55780506 -0.11273327 3.8653395
-0.6338734 -0.21653476 5.9077535 -0.0008431846 -0.59083855 -0.7631359 -0.6085005 -0.10132396 0.0
