-2.3498385e-16 -5.036703e-07 1.304425e-17 -7.036893e-08 -3.676079e-30 -0.007552034 0.16695185 -3.6618847e-05 0.0
-1.8186558e-05 -5.1749142e-21 3.996765e-35 -0.18358198 -1.7620479e-10 -0.0023972031 3.1492214 -0.31341645 0.0
-6.1473073e-18 -1.1572974e-06 -0.0041016443 -0.098939225 -4.411388e-08 -0.6063471 -0.00025612506 -5.3048023e-13 3.44529
-1.0974372e-26 -9.575021e-08 -3.8750722e-13 -0.0007004535 -0.00088819675 -3.2491123e-06 -3.451008e-07 -0.01060999 0.2642818
-2.6491923e-06 -0.14208835 -2.719852e-13 -5.3875123e-05 -2.0028671e-11 -0.20658539 -4.5374748e-07 -0.000636244 2.7144692
0.31764048 -0.31777984 0.363296 6.981e-42 -0.030286739 -1.0298262e-29 -2.680862e-12 -0.0004568454 0.0
-0.079582244 -0.0035927999 -4.789868e-13 0.12200252 -2.1705266e-09 -0.17126872 -0.0010101232 0.013274875 3.31322
-7.451843e-05 -0.016141191 -2.7373921e-12 -1.1399773e-17 -3.0409428e-14 -5.621442e-10 -1.0044129e-09 -3.200699e-05 1.0667467
-0.0095722675 -6.97713e-07 -3.0136649e-05 0.3146676 -0.009115138 -0.00010539053 -0.0005287408 -0.0815117 1.3229114
-1.3806109e-30 -1.142198e-10 -0.044932593 0.59639263 -2.5073933e-29 -2.911246e-12 -2.9881671e-06 -3.4905957e-14 0.0
-3.889727e-06 -0.0083570415 -0.044759065 -2.7481992e-14 -1.416179e-08 -4.835865e-18 9.84e-42 -0.32654747 2.0092525
-0.11493105 0.5848185 -9.694328e-10 0.31764507 -8.984374e-06 -0.2969931 -0.31764504 -1.8129811e-16 0.020643821
0.37842017 -2.2885014e-09 -0.0034682709 -0.0034412607 -1.4239063e-05 0.0015868883 -0.85638607 -0.3176773 0.4829802
-0.00022698977 -5.5034448e-14 -8.691617e-09 -1.01632915e-08 9.886e-42 -0.7289372 -0.030302068 5.7276354 0.0
-0.49453253 -1.0462266e-08 3.09876e-40 -3.4501678e-14 -9.95263e-11 -2.1595153e-19 -2.3749145e-27 -6.6384226e-10 2.110366
-1.4749701e-11 -0.0026709877 -4.9680253e-27 -0.017909203 -2.4578097e-17 -1.1002712e-06 -8.16644e-07 -1.5094932e-22 0.2898268
-1.0421257e-09 -1.2922574e-06 -7.793644e-10 -2.040497e-07 -3.0444303e-07 -1.5663407e-05 -0.09190918 -2.586002e-12 2.1637583
9.823e-42 8.3e-42 -3.4278347e-07 4.4855165 -0.3480605 -0.0010691509 -2.7658937e-06 -1.4064577e-10 0.0
-5.4396483e-12 -4.9504408e-11 -5.866193e-12 -0.00037101732 -2.2540356e-05 -0.0008128536 -2.3852667e-10 0.0004230818 0.22204529
0.024713773 -0.37190613 -3.189342e-06 -1.0120342e-07 -0.06745748 -4.3616688e-18 -0.060171258 -2.4876213e-06 2.5156074
-2.3052212e-07 -2.1714889e-13 -1.6034147e-12 -0.00020532653 0.005693674 -0.0030021826 -0.0004907225 -5.895018e-11 1.1275506
-0.0017043161 -2.9669214e-10 2.7554176 9.834e-42 -0.007074012 -0.3437132 -0.0035531865 -3.1353438e-09 0.0
