-0.05403956 -0.29960752 0.018685851 -0.30615938 -0.007855854 -0.41912174 4.5857244 -0.45532802 0.0
-0.11467767 -0.032468732 -0.0012630245 -0.630764 -0.13981861 -0.7953689 6.3203664 -0.74668735 0.0
-0.03957968 -0.06096074 -0.086569495 -0.3797844 -0.1224687 -0.7804838 -0.21745887 -0.045511845 4.409951
-0.01051131 -0.09981859 -0.06232754 -0.13057484 -0.22581549 -0.10039378 -0.23891091 -0.7617057 3.5707197
-0.1984767 -0.6880218 -0.040294025 -0.47542876 -0.11107906 -0.39453724 -0.20988977 -0.06031897 4.890894
-0.03819518 -0.15081325 5.073578 -0.00076020113 -0.74397665 -0.010286762 -0.14358139 -0.21039794 0.0
-0.34047434 -0.4733044 -0.10869405 0.3458167 -0.100721054 -0.18644442 -0.5053349 0.3800272 3.6050797
-0.0668855 -0.061852038 -0.07637928 -0.012535432 -0.06472776 -0.051802583 -0.19708237 -0.11787718 3.9234734
-0.3877289 -0.006324986 -0.2938883 -0.10597891 -0.23130636 -0.23957326 -0.18717012 -0.83888054 3.9527442
-0.0066293105 -0.1310146 -0.44513837 5.2023616 -0.0069363164 -0.1620702 -0.22886871 -0.0965796 0.0
-0.30323145 -0.7302503 -0.761544 -0.050997175 -0.06923961 -0.033089258 -0.0007321839 -0.3541385 4.494384
-0.49341723 0.80888623 -0.085596435 -0.0328095 -0.25341785 -0.4141905 -0.05499399 -0.058076933 2.8563023
0.06735459 -0.043998092 -0.7252201 -0.5303006 -0.005004923 0.0944263 -0.99417216 -0.28488252 4.0341983
-0.63994944 -0.12932363 -0.15519923 -0.14576364 -0.00013432113 -0.8194176 -0.1482531 6.4362183 0.0
-1.0351046 -0.22442737 -0.0023268957 -0.080645025 -0.07687761 -0.025698831 -0.0070684734 -0.08003284 4.3967204
-0.07597272 -0.47019425 -0.008513507 -0.5923484 -0.015918251 -0.2588506 -0.06072033 -0.025592985 4.117545
-0.11922577 -0.011183526 -0.12461855 -0.1988963 -0.1563941 -0.33610594 -0.18679541 -0.073810436 4.355642
-0.00053099374 -0.0012932302 -0.22681066 5.6228404 -0.4364818 -0.7397019 -0.5241689 -0.08427483 0.0
-0.052008428 -0.14239973 -0.10728401 -0.37973246 -0.12246119 -0.3826034 -0.039992746 0.027971542 3.6359286
0.22265923 -0.72663105 -0.031660736 -0.32742167 -0.6691744 -0.020119132 -0.5420332 -0.09060046 4.757447
-0.11789518 -0.06080215 -0.05367788 -0.475521 0.022326937 -0.11169927 -0.5332275 -0.098820865 3.8343928
-0.61022973 -0.19087465 5.87836 -0.00050508964 -0.57422537 -0.7591896 -0.5886931 -0.09097126 0.0
