-0.6297678 -0.8562029 -0.2589021 -1.0171068 -0.47385308 -0.25126424 5.787913 -0.9666099 0.0
-0.23079023 -0.7190772 -0.14394721 -0.6975449 -0.67823625 -1.2703329 6.692494 -0.8009428 0.0
-0.5728754 -0.14462918 -0.6355834 -0.79940814 -0.10468389 -0.66152984 -0.4095915 -0.3084583 4.799876
-0.50203234 -0.13262023 -0.38759333 -0.19820029 -0.352948 -0.2182591 -0.6905309 -1.0721576 4.385028
-0.23971662 -0.48957542 -0.28485116 -0.98271066 -0.49782756 -0.31673068 -0.77450424 -0.08725749 4.7350574
-0.6728274 -0.34009656 6.3116975 -0.250801 -0.96475524 -0.5984067 -0.94663566 -0.3447185 0.0
-0.67357695 -0.555729 -0.8097743 0.017854067 -0.43716455 0.206165 -0.99186295 0.28845033 4.0804377
-0.030130269 -0.12333122 -0.57265735 -0.11142638 -0.55073684 -0.21512377 -0.86852986 0.032189958 4.5025353
-0.5261038 0.010970164 -0.6120152 -0.058082882 -0.3006925 -0.43825528 -0.66281956 -1.0141178 4.5828543
-0.41270798 -0.65611035 -0.536398 6.2829447 -0.3852406 -1.07178 -0.95674473 -0.8370473 0.0
-0.4542882 -1.048503 -0.95873386 -0.429744 -0.004667071 -0.48058176 -0.25070164 -0.68842345 5.282746
-0.60008985 0.5346212 -0.35156816 -0.5937292 -0.56069726 -0.44463366 -0.26295182 -0.6854544 4.424325
-0.62371045 -0.1632769 -1.1124109 -0.51379496 0.3280416 0.13982001 -0.6327305 -0.8077487 4.4214687
-1.2101544 -1.1091826 -0.5726004 -0.52906376 -0.19568545 -0.7484402 -0.16789068 6.296453 0.0
-1.1334395 -0.8279128 -0.39543393 -0.68999213 -0.3445439 -0.4486306 -0.21012215 -0.439795 5.034399
-0.42232332 -0.5967225 -0.37400454 -0.7635461 -0.1962682 -0.6987817 -0.14786005 -0.308965 4.9493456
-0.76929164 -0.015274485 -0.54380774 -0.5907662 -0.441801 -0.7438363 0.10255064 0.07413227 4.351175
-0.26063874 -0.3117254 -0.6532828 5.8000174 -0.30057913 -1.2522709 -1.3739767 -0.4025082 0.0
-0.30211523 -0.7878328 -0.39154986 -0.5875153 -0.42385587 -0.29329085 -0.9343553 -0.0825903 4.5510473
-0.15491791 -0.48009282 -0.019103216 -1.0270224 -0.80002284 -0.28485557 -0.72155726 -0.19721758 4.8037596
-0.33304965 -0.4497787 -0.41446698 -0.8138549 0.03562742 0.24196433 -0.9331564 -0.5038808 4.237734
-0.76417994 -0.91704845 5.987879 -0.27549693 -0.80711603 -0.59108496 -0.88947207 -0.34788662 0.0
