-1.2178358e-08 -0.00051508954 1.9192663e-09 -0.00020742526 -2.3009049e-14 -0.05978067 0.9113093 -0.004865239 0.0
-0.0016926961 -1.0224028e-10 -1.7785535e-16 -0.34596473 -8.541894e-06 -0.047967933 4.4967465 -0.489329 0.0
-2.1452504e-09 -0.00032856324 -0.019697547 -0.19739257 -0.00010234103 -0.69016206 -0.008360963 -3.3253636e-07 3.9101055
-3.5970475e-13 -0.00013190879 -3.435642e-07 -0.010391786 -0.015481198 -0.0006965664 -0.00038251973 -0.09594339 1.0042715
-0.0009055792 -0.31944323 -2.3044039e-07 -0.0059793987 -2.7961855e-06 -0.28791833 -0.00040611086 -0.0066467253 3.6698987
-5.600584e-10 -0.0009121582 1.398639 -5.0408863e-21 -0.15727273 -3.736162e-14 -1.2965194e-06 -0.010845035 0.0
-0.1678831 -0.044509534 -5.1362827e-07 0.20827217 -2.2726494e-05 -0.17888905 -0.02503137 0.07461836 3.4597878
-0.0025041502 -0.03217521 -9.2524965e-07 -1.4416999e-09 -1.1301269e-07 -8.513478e-06 -2.2863018e-05 -0.0022480558 2.0784137
-0.06438071 -7.854888e-05 -0.003525028 -0.003925289 -0.04814418 -0.0057516913 -0.010946189 -0.27017817 1.7565365
-1.5594146e-14 -6.7625583e-06 -0.14605694 1.8036498 -3.6849653e-14 -1.4382092e-06 -0.0010334012 -1.5016046e-07 0.0
-0.0013577377 -0.0836708 -0.19227934 -9.461378e-08 -4.4429893e-05 -1.747879e-09 -8.746822e-22 -0.3265472 2.0092525
-0.24288315 0.69066703 -1.434757e-05 -4.02963e-10 -0.0018358661 -0.35223827 -3.795975e-06 -1.1344494e-08 0.26129374
0.06263082 -1.4933216e-05 -0.054601222 -0.04624405 -0.00029370113 0.013024023 -0.92447287 -0.0005139863 1.4322796
-0.01386011 -2.1612388e-07 -5.451237e-05 -5.6682988e-05 -1.1031124e-27 -0.7740101 -0.06849334 6.0805783 0.0
-0.7224157 -7.2394454e-05 -3.123168e-18 -1.3509245e-07 -4.754959e-06 -4.0990278e-10 -1.6341267e-13 -1.1619827e-05 3.0735145
-1.9777856e-06 -0.038461123 -2.3798755e-13 -0.108460195 -2.2970297e-09 -0.0006883655 -0.00027804662 -2.1766455e-11 1.1286933
-1.7733233e-05 -0.00014198574 -1.5885504e-05 -0.00027124045 -0.00028806264 -0.0027719084 -0.13225248 -8.8502827e-07 3.0963874
-3.716014e-24 -3.1598083e-20 -0.00037094 5.036394 -0.39090577 -0.03136092 -0.001543136 -5.8554233e-06 0.0
-1.0225764e-06 -4.83191e-06 -1.5727627e-06 -0.013349924 -0.0019404624 -0.019515254 -4.9879145e-06 0.003666993 0.9313382
0.07650166 -0.52441746 -0.000376572 -0.00025471652 -0.21941121 -1.2560248e-09 -0.18623245 -0.0005815121 3.486403
-0.00021760726 -2.6156118e-07 -5.9896496e-07 -0.011314043 0.011484989 -0.019324986 -0.018215336 -4.2892016e-06 2.1106184
-0.03548632 -1.2836645e-05 4.0595946 -4.850086e-23 -0.068178914 -0.5161744 -0.049576003 -2.5511672e-05 0.0
