-0.000919976 -0.05339559 0.00025995684 -0.04254375 -8.049167e-06 -0.24622662 2.9373162 -0.13255648 0.0
-0.036431734 -0.00018629116 -6.265527e-07 -0.53513145 -0.010260751 -0.36971733 5.7566147 -0.6650864 0.0
-0.00046750184 -0.014763268 -0.057760116 -0.3174992 -0.017999748 -0.7546235 -0.08949343 -0.0019112936 4.266953
-1.9592886e-05 -0.016581865 -0.0024315524 -0.06546093 -0.10871183 -0.026022207 -0.041776516 -0.43255118 2.5204484
-0.04595966 -0.5577072 -0.0015871671 -0.14462675 -0.0064530475 -0.36192238 -0.03861101 -0.033035584 4.520557
-0.0003233477 -0.03767276 3.5560112 -3.930106e-08 -0.48648587 -1.1102405e-05 -0.0063732374 -0.09374765 0.0
-0.2805674 -0.24826773 -0.0040731593 0.30099052 -0.010446938 -0.18434298 -0.22272342 0.24356696 3.5646713
-0.027329303 -0.051720455 -0.003661732 -0.0001795257 -0.0018714026 -0.0049396837 -0.017135298 -0.04013095 3.2958968
-0.2374094 -0.001917864 -0.08827529 -0.043176662 -0.15062666 -0.08679554 -0.08630442 -0.6153173 3.163814
-6.442443e-06 -0.009196326 -0.32818535 3.8853061 -8.208429e-06 -0.007161131 -0.05284823 -0.0027093892 0.0
-0.069858976 -0.40414467 -0.5226912 -0.0014978944 -0.009484201 -0.00038827714 -2.6210536e-08 -0.119145244 3.3564126
-0.40640864 0.7746203 -0.008204868 -0.0002655404 -0.06645037 -0.3962083 -0.0041681584 -0.00095298956 1.4828146
0.06602595 -0.0050865375 -0.35806027 -0.27251133 -0.0023099415 0.054972094 -0.97456807 -0.05143205 3.0352948
-0.225426 -0.0036966114 -0.018106118 -0.01747213 -4.766576e-10 -0.80671734 -0.12001307 6.336743 0.0
-0.93800414 -0.02559539 -3.9174938e-07 -0.0023066415 -0.0056602894 -0.00022225837 -1.1968262e-05 -0.0073849075 3.9856389
-0.004452812 -0.2374641 -1.5101223e-05 -0.37247434 -0.00024164468 -0.051852737 -0.014074665 -0.00010572926 2.8844905
-0.01107192 -0.0034113235 -0.011109163 -0.033318732 -0.02839368 -0.09125942 -0.16994017 -0.0035290958 3.966657
-6.610367e-09 -8.8843294e-08 -0.039887045 5.4556537 -0.4234909 -0.31250477 -0.10788068 -0.0063985256 0.0
-0.0028313943 -0.008948959 -0.005407227 -0.1525239 -0.03965659 -0.16998434 -0.0035446703 0.016060669 2.5011296
0.16623922 -0.6645412 -0.009489037 -0.047206983 -0.4932535 -0.00024638683 -0.4046766 -0.022996692 4.368806
-0.021416467 -0.0022233177 -0.0025185812 -0.17183918 0.01861263 -0.06916615 -0.21249959 -0.006626676 3.2552383
-0.28090122 -0.014367133 5.310494 -1.067251e-08 -0.3209094 -0.6830679 -0.29965582 -0.009996664 0.0
