-0.46131754 -0.74917126 -0.13432628 -0.87307745 -0.2825722 -0.5397525 5.842822 -0.87830925 0.0
-0.21113995 -0.48568475 -0.06545989 -0.68867666 -0.55747956 -1.196811 6.6441607 -0.79431844 0.0
-0.40816984 -0.1295836 -0.4604803 -0.73751384 -0.33888125 -0.54401654 -0.34900975 -0.24290177 4.655047
-0.27914828 -0.1142387 -0.3461718 -0.18769345 -0.33344135 -0.20587398 -0.6033446 -1.0302085 4.275187
-0.13037722 -0.769692 -0.2223608 -0.8959698 -0.4922179 -0.21862769 -0.5157681 -0.08316076 4.8614306
-0.46775535 -0.31538507 6.1406426 -0.12086215 -0.93334824 -0.35772097 -0.7449654 -0.32372078 0.0
-0.65279156 -0.40939865 -0.61504304 0.3527201 -0.34164497 0.17324989 -0.7830525 0.5859304 3.4969714
-0.3074189 -0.081320815 -0.38046235 -0.116989404 -0.4197074 -0.17997369 -0.71908563 0.06229985 4.314866
-0.5037718 0.01021465 -0.557476 -0.1709993 -0.29081202 -0.41142452 -0.28291038 -0.9898689 4.448727
-0.24490386 -0.53468335 -0.5238184 6.0885324 -0.23189394 -0.84307253 -0.5211518 -0.6363521 0.0
-0.66198045 -1.0013021 -0.9310249 -0.32793647 -0.19883226 -0.34236747 -0.13982838 -0.6325838 5.255338
-0.54729337 0.52652335 -0.2966659 -0.41142148 -0.51656204 -0.23716292 -0.21552706 -0.5052364 4.0603585
-0.5928577 -0.13814083 -1.0567398 -0.7563793 -0.0075574615 0.13205406 -0.57454336 -0.707475 4.588202
-1.1158838 -0.8442123 -0.48505595 -0.44910815 -0.0785135 -0.55003417 -0.16596842 6.1977153 0.0
-0.9169797 -0.7100175 -0.20700294 -0.52537984 -0.30592218 -0.31247407 -0.19709286 -0.2829066 4.608828
-0.34068704 -0.3996327 -0.23185024 -0.75859416 -0.144142 -0.6169299 -0.13209794 -0.17470904 4.8109684
-0.420077 -0.023561688 -0.4486149 -0.51377517 -0.38714904 -0.6726389 -0.21307248 0.055179685 4.587713
-0.16960451 -0.17898302 -0.5710532 5.512752 -0.16509537 -1.1710842 -1.2153847 -0.33000508 0.0
-0.24152689 -0.63579994 -0.52070034 -0.6109755 -0.09082129 -0.5896088 -0.5759536 0.037606042 4.4413824
-0.17704049 -0.46898955 -0.060119715 -0.91579556 -0.7875514 -0.20359851 -0.6419304 -0.18786131 4.755567
-0.2917444 -0.3488237 -0.2703451 -0.7507154 -0.2765613 0.17136274 -0.8706813 -0.41301513 4.331531
-0.7778076 -0.75121325 6.187523 -0.12479679 -0.7832566 -0.8032859 -0.84393775 -0.2933692 0.0
