-0.0029587357 -0.08737568 0.000886305 -0.074762754 -5.860654e-05 -0.2865241 3.3333647 -0.18849042 0.0
-0.05052929 -0.0008210096 -5.6424406e-06 -0.56078416 -0.0216585 -0.45993325 5.9117503 -0.68736947 0.0
-0.0016712146 -0.022128545 -0.06481804 -0.33411643 -0.031127794 -0.76189774 -0.11527498 -0.004737187 4.307188
-0.00011977503 -0.027687065 -0.0061559253 -0.07970027 -0.13389842 -0.038253807 -0.06873636 -0.5082321 2.7829924
-0.06977709 -0.5920781 -0.004007096 -0.20308581 -0.014567777 -0.3709247 -0.06261227 -0.03921941 4.6230373
-0.0012729681 -0.05596903 3.9337318 -6.899473e-07 -0.54907143 -7.9617224e-05 -0.015546061 -0.11804613 0.0
-0.2964652 -0.2983894 -0.010432167 0.31312865 -0.019965915 -0.18493891 -0.28132 0.2764796 3.57613
-0.03527482 -0.054423723 -0.008736163 -0.0006069651 -0.0051651862 -0.009671286 -0.03444958 -0.054570105 3.4635386
-0.27302223 -0.0026956778 -0.12440989 -0.05577596 -0.17020686 -0.115945 -0.10761621 -0.6721074 3.3707476
-4.763962e-05 -0.019661516 -0.35795313 4.2213864 -5.7299996e-05 -0.01749087 -0.08030006 -0.007543361 0.0
-0.10621567 -0.47835687 -0.5818442 -0.0041154996 -0.016736161 -0.0013906478 -5.13248e-07 -0.16256022 3.6469693
-0.42949444 0.7842263 -0.016040001 -0.0010591088 -0.09736096 -0.4012472 -0.008717071 -0.0030976797 1.7867093
0.066401534 -0.0094233 -0.43783844 -0.32945102 -0.0028795903 0.06413513 -0.9801101 -0.08385169 3.2911627
-0.3035445 -0.01023639 -0.033455625 -0.03203442 -1.8648048e-08 -0.8103131 -0.1274579 6.3649063 0.0
-0.9646862 -0.04760203 -4.848934e-06 -0.0063862614 -0.011936661 -0.000869592 -7.5245145e-05 -0.01459576 4.098591
-0.010026726 -0.28850782 -9.366231e-05 -0.42510977 -0.00080333976 -0.08205818 -0.021362612 -0.0005126218 3.1916595
-0.021842685 -0.0047866707 -0.022174932 -0.055498835 -0.04621792 -0.13238248 -0.17457852 -0.008426231 4.073717
-1.7739525e-07 -1.4335217e-06 -0.065520845 5.5027413 -0.42714986 -0.39951032 -0.16939619 -0.013374869 0.0
-0.006512468 -0.019750742 -0.012716078 -0.19782957 -0.05470181 -0.21421838 -0.0070872637 0.018811762 2.781943
0.18066855 -0.6816599 -0.01338191 -0.08208503 -0.53802574 -0.0008716102 -0.43980405 -0.034009453 4.4760947
-0.034855176 -0.0057347356 -0.006046206 -0.22971159 0.019602548 -0.07928763 -0.27623588 -0.014355092 3.410561
-0.35042706 -0.030105975 5.466297 -2.445285e-07 -0.3787856 -0.7039312 -0.3632498 -0.018791335 0.0
