-0.00035570358 -0.03581669 9.5821466e-05 -0.026930502 -1.5897366e-06 -0.21779339 2.6520383 -0.09965968 0.0
-0.02794976 -5.5635457e-05 -1.0378903e-07 -0.51523554 -0.0055949637 -0.3098033 5.634117 -0.6475858 0.0
-0.0001657682 -0.010634572 -0.0526139 -0.3046589 -0.011543517 -0.7487885 -0.07290269 -0.0009142873 4.234676
-4.4702924e-06 -0.010941913 -0.0011431862 -0.055817045 -0.09183175 -0.019043006 -0.027898815 -0.3796196 2.3263786
-0.032764014 -0.53135866 -0.0007478907 -0.109849036 -0.003331228 -0.35479856 -0.026090883 -0.02875062 4.439316
-0.00010593652 -0.027333375 3.277548 -3.7344763e-09 -0.44109035 -2.2204895e-06 -0.0030886764 -0.07778585 0.0
-0.26832846 -0.21392277 -0.0018969544 0.29151386 -0.0061764824 -0.18386228 -0.18434007 0.21981663 3.5554276
-0.02222575 -0.049631517 -0.0018069709 -6.663027e-05 -0.00081992487 -0.0028636355 -0.009721681 -0.03128569 3.1662483
-0.21201171 -0.0014555288 -0.066849455 -0.035090007 -0.13643903 -0.068647966 -0.0721798 -0.57288855 3.005781
-1.2562335e-06 -0.004962587 -0.30591536 3.633387 -1.6786138e-06 -0.0034667999 -0.037650235 -0.0011786754 0.0
-0.04974306 -0.3525842 -0.47924647 -0.00065872347 -0.00598327 -0.00013746183 -2.2728324e-09 -0.09263154 3.1385465
-0.38863826 0.7669345 -0.004762348 -8.607217e-05 -0.048759777 -0.39217758 -0.0022900219 -0.00036527574 1.2752829
0.06572363 -0.0030844405 -0.30424467 -0.23370154 -0.0019323088 0.04852183 -0.9701072 -0.034603495 2.8430262
-0.1771458 -0.001615278 -0.011002831 -0.010684861 -2.3056416e-11 -0.8038198 -0.11430777 6.314049 0.0
-0.9169556 -0.015472017 -4.983048e-08 -0.0010080589 -0.0030887823 -7.318808e-05 -2.668247e-06 -0.0042484286 3.8965445
-0.0023034208 -0.20282863 -3.4046134e-06 -0.3346788 -9.093074e-05 -0.035740543 -0.010035864 -2.9194607e-05 2.6579387
-0.0063790563 -0.0025925413 -0.0063396394 -0.022029296 -0.019127818 -0.06750902 -0.16627741 -0.0017404199 3.8821058
-4.3982046e-10 -9.0590815e-09 -0.026672268 5.4178524 -0.4205535 -0.25613514 -0.074832775 -0.0035168324 0.0
-0.0014395347 -0.0047055944 -0.0026998573 -0.123552464 -0.030559253 -0.14094903 -0.0020200938 0.014130952 2.2949462
0.15540914 -0.6510049 -0.007182102 -0.030140381 -0.45976043 -8.811646e-05 -0.37831166 -0.016747208 4.2838902
-0.0144293895 -0.0010294896 -0.0012365846 -0.13583367 0.01784827 -0.061926767 -0.17182589 -0.003537845 3.1347847
-0.23484373 -0.007880762 5.187728 -8.1114837e-10 -0.2805967 -0.6666401 -0.25641727 -0.0059905313 0.0
