-0.04207524 -0.9972073 -0.61606365 -0.92962533 -0.98522663 -0.9623256 4.116605 -0.8677138 0.0
-1.2469593 -1.5762886 -0.31879145 0.43330202 -1.9022274 -1.2923781 4.2908807 0.31981495 0.0
0.2048582 1.0442405 -0.7252571 -0.4598548 -0.3938068 -0.69920886 -0.08551253 -0.8484467 2.3647285
-0.45811847 -0.6163578 -0.3170101 -0.5769398 -0.4396384 -0.9430107 -0.7858909 -0.70435953 4.579595
-0.47259265 -0.78593725 -0.31196275 -0.6303778 -0.4723924 -0.15025128 -0.7887297 -0.80857503 3.9660199
-1.8587555 -1.2602239 2.839351 1.9826463 -1.7186357 -1.5198638 -1.4532899 1.936951 0.0
-0.72072077 -0.6953916 -0.5164826 -0.6061082 -0.31033173 -0.6099064 -0.53458726 -0.4020351 4.178136
-0.82135713 -0.47956756 -0.63971704 -0.38008288 -0.47546586 -0.40761447 -0.35314423 -0.6206832 3.9455822
-0.619925 -0.6141281 -0.5079084 -0.7048348 -0.4493453 -0.7241508 -0.4656245 -0.44722453 4.191723
0.81700695 -1.5320327 1.8361092 2.1068645 -1.855385 -1.9016082 -1.3604674 1.145886 0.0
-0.46568945 -0.68091017 -0.6658376 -0.4451175 -0.64598745 -0.5868937 -0.4723998 -0.4211551 4.2316356
-0.63102967 -0.46436596 -0.65534663 -0.68584657 -0.5484448 -0.49775 -0.55538577 -0.3111634 4.180657
-0.7828827 -0.8258884 -0.6073929 -0.50943166 -0.49626932 -0.3418125 -0.486703 -0.396121 4.1603236
-1.4925808 -1.2972686 0.032628857 1.5113655 -1.0931315 -1.9035778 -1.0382533 3.5358884 0.0
-0.65750045 -0.6695255 -0.55601585 -0.62693036 -0.26686987 -0.67631835 -0.3641045 -0.6904335 4.127331
-0.6348487 -0.76638085 -0.5324511 -0.55479914 -0.5211668 -0.52342 -0.43389982 -0.40548208 4.265114
-0.61872697 -0.7043364 -0.39521232 -0.6967903 -0.4481685 -0.5517083 -0.5775363 -0.49054784 4.189509
-0.6760913 -1.6219091 -0.62444705 2.4289048 -0.9911884 -1.6049327 1.0431635 1.2087557 0.0
-0.6407639 -0.66442704 -0.64089626 -0.6444485 -0.46024585 -0.3987724 -0.4059079 -0.5745701 4.2579856
-0.66244656 -0.61973006 -0.53713 -0.65708286 -0.401295 -0.49267378 -0.41383943 -0.57312393 4.2356653
-0.56128097 -0.64869565 -0.5825664 -0.64398295 -0.35870045 -0.5069002 -0.44784412 -0.46865332 4.2335877
0.30195844 -0.7475689 2.781771 -0.3968899 -0.7684192 -0.98054993 -0.083123304 -0.7336105 0.0
