-4.0446484e-15 -1.4699166e-06 2.6907015e-16 -2.4270685e-07 -3.975478e-27 -0.010359506 0.21629028 -7.7661985e-05 0.0
-3.6494803e-05 -2.594503e-19 -5.7281834e-32 -0.20218445 -9.506739e-10 -0.0037924345 3.3241398 -0.33541334 0.0
-1.4757184e-16 -2.7628148e-06 -0.0052114907 -0.109916866 -1.464947e-07 -0.61841154 -0.0004369806 -4.3435884e-12 3.5122542
-2.6037936e-24 -2.9286034e-07 -3.3596509e-12 -0.0010582332 -0.0013755806 -7.42394e-06 -1.0199877e-06 -0.014854662 0.32392567
-6.5106124e-06 -0.1607564 -2.34047e-12 -0.00011110753 -1.2825775e-10 -0.21729326 -1.2967431e-06 -0.00091075426 2.8417706
0.31764048 -0.31777984 0.44610968 -8.06e-42 -0.038945105 -9.179745e-27 -2.1033859e-11 -0.0007420362 0.0
-0.08916789 -0.0052794768 -4.2854388e-12 0.13235487 -9.157429e-09 -0.17240678 -0.0016516076 0.017278487 3.335111
-0.00012770825 -0.017929772 -2.0251315e-11 -2.2902106e-16 -3.3460244e-13 -2.5157911e-09 -4.7984057e-09 -6.148277e-05 1.1806357
-0.012806649 -1.4420979e-06 -6.2660525e-05 0.3146676 -0.01175159 -0.00019468465 -0.0008408782 -0.097854875 1.3229114
-1.8696853e-27 -6.364674e-10 -0.053781383 0.7057678 -1.6634252e-26 -2.292144e-11 -7.3570354e-06 -3.9361065e-13 0.0
-9.59064e-06 -0.011884825 -0.05590776 -2.9854485e-13 -4.9329564e-08 -1.1681189e-16 9.314e-42 -0.32654747 2.0092525
-0.12880914 0.5998123 -4.3225947e-09 0.31764507 -2.0375455e-05 -0.3048045 -0.31764504 -3.2237157e-15 0.030434795
0.37842017 -8.954271e-09 -0.0052878913 -0.0051204427 -2.2632154e-05 0.0021889303 -0.8664131 -0.3176773 0.56992245
-0.0004266685 -6.11176e-13 -3.379416e-08 -3.8785497e-08 9.886e-42 -0.7356217 -0.034311656 5.779968 0.0
-0.52390295 -4.1319968e-08 -7.4722364e-37 -3.8296455e-13 -5.3571175e-10 -7.018748e-18 -6.753979e-25 -3.0405942e-09 2.234477
-9.3835176e-11 -0.004016792 -1.2920782e-24 -0.023578318 -4.684678e-16 -2.97248e-06 -2.0057203e-06 -1.1113262e-20 0.35655516
-4.7516973e-09 -2.6608743e-06 -3.6578995e-09 -6.206e-07 -8.77694e-07 -3.4735298e-05 -0.097144835 -1.9170422e-11 2.284906
9.823e-42 -1.4265e-41 -1.0093188e-06 4.565233 -0.35426348 -0.0017942162 -7.3392625e-06 -7.4042394e-10 0.0
-3.6563207e-11 -2.9910735e-10 -4.1783535e-11 -0.00064259436 -4.468695e-05 -0.0013225863 -1.1241176e-09 0.0005884989 0.27630126
0.029360652 -0.39187914 -6.641016e-06 -3.4043754e-07 -0.08074952 -1.0121593e-16 -0.07148321 -5.7612388e-06 2.6435237
-6.6433796e-07 -1.980564e-12 -1.2058169e-11 -0.0003798592 0.006336037 -0.003989655 -0.00085401896 -3.396228e-10 1.2403504
-0.0027128414 -1.5716426e-09 2.922367 9.834e-42 -0.01000152 -0.3656644 -0.005317628 -1.2706542e-08 0.0
