-5.1722144e-15 -1.6136981e-06 3.4939813e-16 -2.7033713e-07 -6.9284706e-27 -0.010649478 0.22123803 -8.292543e-05 0.0
-3.878103e-05 -3.6286477e-19 -1.4348039e-31 -0.20389706 -1.1006916e-09 -0.003947388 3.3398912 -0.33740765 0.0
-1.9409711e-16 -2.9805897e-06 -0.0053216615 -0.110932186 -1.626369e-07 -0.61947757 -0.00045783882 -5.212949e-12 3.5181694
-4.1164198e-24 -3.2281864e-07 -4.051924e-12 -0.0010970543 -0.0014291322 -7.97865e-06 -1.1209913e-06 -0.015297704 0.3297365
-7.04154e-06 -0.16249982 -2.8209204e-12 -0.00011834924 -1.5070764e-10 -0.21825509 -1.4209961e-06 -0.0009397337 2.8531802
0.31764048 -0.31777984 0.4541862 -9.372e-42 -0.039809972 -1.5833053e-26 -2.515135e-11 -0.00077413075 0.0
-0.0900585 -0.0054599326 -5.1824413e-12 0.1333003 -1.0379503e-08 -0.17250662 -0.0017240384 0.01768093 3.3370311
-0.00013385633 -0.018095186 -2.4093554e-11 -2.9672949e-16 -4.1187485e-13 -2.8661165e-09 -5.4975335e-09 -6.508638e-05 1.1911508
-0.013136436 -1.5363865e-06 -6.6791996e-05 0.3146676 -0.012015299 -0.00020539487 -0.0008756355 -0.09942975 1.3229114
-3.2950843e-27 -7.3895884e-10 -0.054632746 0.7162306 -2.8200856e-26 -2.7416671e-11 -7.958245e-06 -4.8552715e-13 0.0
-1.03756865e-05 -0.012256002 -0.057004657 -3.670879e-13 -5.4992412e-08 -1.5371972e-16 7.952e-42 -0.32654747 2.0092525
-0.13009873 0.601141 -4.92295e-09 0.31764507 -2.188364e-05 -0.30549696 -0.31764504 -4.133812e-15 0.031484064
0.37842017 -1.0083239e-08 -0.0054862467 -0.0053012418 -2.356648e-05 0.0022512905 -0.8672951 -0.3176773 0.57822603
-0.00045082337 -7.529142e-13 -3.803421e-08 -4.358129e-08 9.886e-42 -0.7362088 -0.03468628 5.7845654 0.0
-0.52655137 -4.656729e-08 -1.3298301e-36 -4.7175827e-13 -6.201219e-10 -9.469359e-18 -1.0819617e-24 -3.470949e-09 2.2456682
-1.1019752e-10 -0.00416248 -2.0564943e-24 -0.024151566 -6.042697e-16 -3.2414334e-06 -2.169165e-06 -1.6038804e-20 0.36306894
-5.422114e-09 -2.8339173e-06 -4.1844435e-09 -6.8375033e-07 -9.625244e-07 -3.7233724e-05 -0.09761635 -2.281159e-11 2.295814
9.823e-42 1.6031e-41 -1.1089021e-06 4.572269 -0.3548109 -0.0018771542 -7.990848e-06 -8.55449e-10 0.0
-4.3142788e-11 -3.4970568e-10 -4.9549143e-11 -0.0006741501 -4.7436326e-05 -0.0013800003 -1.2863876e-09 0.0006057069 0.28162912
0.029805979 -0.39367497 -7.079786e-06 -3.783727e-07 -0.08202844 -1.3274658e-16 -0.07256728 -6.198984e-06 2.6550114
-7.285239e-07 -2.3990827e-12 -1.4366177e-11 -0.00040080855 0.0063955025 -0.0040899906 -0.00089633284 -3.9544837e-10 1.2507311
-0.0028251929 -1.8167704e-09 2.9374385 9.834e-42 -0.01030862 -0.36764824 -0.005508165 -1.4352207e-08 0.0
