-3.3249964e-17 -2.436572e-07 1.6231219e-18 -3.0372615e-08 2.6985354e-33 -0.006100025 0.14016996 -2.2014128e-05 0.0
-1.1351761e-05 -3.3734744e-22 -3.0142047e-37 -0.17200461 -5.5959733e-11 -0.001758117 3.0365176 -0.29939368 0.0
-6.8634055e-19 -6.4194296e-07 -0.003489189 -0.092156835 -1.953975e-08 -0.5983406 -0.00017847282 -1.2629031e-13 3.400839
-1.9729386e-28 -4.4861512e-08 -8.866271e-14 -0.0005299968 -0.00066085684 -1.8567939e-06 -1.6551057e-07 -0.008452405 0.23035634
-1.4407575e-06 -0.13072954 -6.255593e-14 -3.3009368e-05 -5.6522326e-12 -0.19965984 -2.2266704e-07 -0.00049931306 2.6318474
0.31764048 -0.31777984 0.31626847 9.833e-42 -0.025556747 -1.1714523e-32 -6.573971e-13 -0.0003291248 0.0
-0.073702 -0.0027700043 -1.0722474e-13 0.115477756 -8.1615786e-10 -0.17050515 -0.00072446326 0.011110087 3.2985327
-5.1768424e-05 -0.015036013 -6.9915466e-13 -1.4454232e-18 -5.8934808e-15 -2.0299659e-10 -3.468073e-10 -2.057954e-05 0.99618256
-0.007863652 -4.2684636e-07 -1.83627e-05 0.3146676 -0.0076780473 -6.9584574e-05 -0.00038640513 -0.07205095 1.3229114
4.0059084e-33 -3.5477076e-11 -0.039797325 0.53232646 -1.035007e-31 -7.121636e-13 -1.6230979e-06 -6.6500294e-15 0.0
-2.110716e-06 -0.006587521 -0.038517483 -5.373974e-15 -6.0713954e-09 -5.3752337e-19 9.84e-42 -0.32654747 2.0092525
-0.10641952 0.5749143 -3.50959e-10 0.31764507 -5.1605584e-06 -0.29183614 -0.31764504 -2.5069467e-17 0.015880894
0.37842017 -9.061112e-10 -0.0026080785 -0.0026308026 -1.0409942e-05 0.0012769793 -0.84968716 -0.3176773 0.43192577
-0.00014811275 -1.0597325e-14 -3.4562517e-09 -4.093433e-09 9.886e-42 -0.72446185 -0.027864045 5.6925974 0.0
-0.4756501 -4.116038e-09 -1.1017e-41 -6.6458527e-15 -3.1659064e-11 -1.937404e-20 -3.5507838e-29 -2.359383e-10 2.0305707
-4.1813627e-12 -0.0020272925 -8.149013e-29 -0.014873341 -3.235147e-18 -5.610284e-07 -4.4431846e-07 -7.3496995e-24 0.25199088
-3.7153702e-10 -7.926097e-07 -2.7239513e-10 -9.5970705e-08 -1.4851116e-07 -9.135084e-06 -0.088536635 -6.5955574e-13 2.0856934
9.823e-42 9.897e-42 -1.6482339e-07 4.43253 -0.3439369 -0.000753393 -1.4276945e-06 -4.542753e-11 0.0
-1.4845907e-12 -1.454223e-11 -1.5381127e-12 -0.00025590902 -1.4185512e-05 -0.00058491353 -8.313259e-11 0.00033853384 0.19157459
0.022000011 -0.3590073 -1.9413872e-06 -4.4434053e-08 -0.05974424 -4.9894697e-19 -0.053565014 -1.4086293e-06 2.4328473
-1.12479945e-07 -4.7964135e-14 -4.0490473e-13 -0.00013543072 0.005297354 -0.0024775534 -0.00033737364 -1.7894526e-11 1.0573028
-0.0012447735 -9.542125e-11 2.6482685 9.834e-42 -0.005598272 -0.32965022 -0.0027057605 -1.2118876e-09 0.0
