-8.851971e-16 -8.280305e-07 5.3508322e-17 -1.250348e-07 -1.121769e-28 -0.008743935 0.18824252 -5.19008e-05 0.0
-2.5122512e-05 -3.233871e-20 9.450967e-34 -0.19198088 -3.8563802e-10 -0.0029653911 3.2290902 -0.3234258 0.0
-2.7086387e-17 -1.7329811e-06 -0.0045832237 -0.1038838 -7.70139e-08 -0.6119087 -0.00032813242 -1.4106305e-12 3.476162
-1.4658081e-25 -1.6088475e-07 -1.0583652e-12 -0.00084814796 -0.0010879292 -4.7672575e-06 -5.7069616e-07 -0.0124014765 0.29042447
-4.02085e-06 -0.15045486 -7.402497e-13 -7.5372925e-05 -4.748244e-11 -0.21148072 -7.3871985e-07 -0.00075136166 2.7727327
0.31764048 -0.31777984 0.39957446 1.1e-44 -0.034031026 -2.8025882e-28 -6.9880356e-12 -0.0005720793 0.0
-0.08388978 -0.004294747 -1.3275992e-12 0.12669581 -4.235969e-09 -0.17179519 -0.0012688088 0.015000275 3.3233466
-9.566731e-05 -0.01694684 -6.9420797e-12 -4.618448e-17 -9.28559e-14 -1.1276359e-09 -2.0770492e-09 -4.332594e-05 1.1180916
-0.010955285 -9.771269e-07 -4.232217e-05 0.3146676 -0.010254424 -0.00014009488 -0.00065565674 -0.08871703 1.3229114
-4.8371163e-29 -2.5377125e-10 -0.04883707 0.6448012 -5.765713e-28 -7.600973e-12 -4.539168e-06 -1.0781728e-13 0.0
-5.912668e-06 -0.009839244 -0.04961996 -8.341517e-14 -2.5279203e-08 -2.1370375e-17 9.84e-42 -0.32654747 2.0092525
-0.12116699 0.5917199 -1.9413031e-09 0.31764507 -1.3136556e-05 -0.300588 -0.31764504 -6.93485e-16 0.02471465
0.37842017 -4.3121906e-09 -0.0042174114 -0.00413754 -1.7652288e-05 0.0018420757 -0.8610188 -0.3176773 0.52149224
-0.00030418238 -1.6877759e-13 -1.6329484e-08 -1.8929212e-08 9.886e-42 -0.7320275 -0.03209866 5.751828 0.0
-0.50793386 -1.9799787e-08 3.991433e-39 -1.05784115e-13 -2.1758256e-10 -1.098124e-18 -3.4783644e-26 -1.3460963e-09 2.1669967
-3.4860555e-11 -0.0032272963 -6.951949e-26 -0.020344451 -9.713799e-17 -1.7450657e-06 -1.2391143e-06 -1.1340689e-21 0.31904408
-2.1087057e-09 -1.8065936e-06 -1.5984161e-09 -3.4195895e-07 -4.976651e-07 -2.2665114e-05 -0.09429964 -6.5644066e-12 2.219077
9.823e-42 -3.998e-42 -5.65869e-07 4.5222836 -0.3509215 -0.0013592718 -4.350315e-06 -3.0431135e-10 0.0
-1.3190909e-11 -1.14219904e-10 -1.46156e-11 -0.00047865568 -3.0962117e-05 -0.0010187083 -4.901368e-10 0.0004930281 0.24572587
0.026768446 -0.38103288 -4.4819667e-06 -1.7774289e-07 -0.07332235 -1.8913468e-17 -0.065173 -3.6729198e-06 2.5740929
-3.7676386e-07 -6.0731113e-13 -4.097551e-12 -0.00027312804 0.005982876 -0.0034252354 -0.0006345042 -1.330267e-10 1.1784897
-0.0021142773 -6.43804e-10 2.8315513 9.834e-42 -0.00830609 -0.35371783 -0.004283582 -6.0053553e-09 0.0
