-0.88255304 -0.6556245 -1.0532275 -0.91574454 -0.9364764 -1.162897 5.9437933 -1.3078398 0.0
-0.88159543 -1.0538372 -0.9264628 -0.92817783 -1.087601 -1.2104809 6.12767 -0.71180093 0.0
-0.22012445 -0.26529855 -0.6993232 -0.49403617 -0.31926066 -0.81333095 -0.69885033 -0.7737683 4.356967
-0.62133104 -0.40522557 -0.43969852 -0.3841789 -0.73418045 -0.7442046 -0.68787026 -0.6888425 4.5481496
-0.7383355 -0.47753733 -0.63095266 -0.6246723 -0.43896738 -0.36469474 -0.8788278 -0.81628466 4.5952024
-1.1017638 -0.97154427 6.020962 -0.36095276 -1.0513556 -1.4231069 -1.4963088 -0.005838209 0.0
-0.7161115 -0.65441877 -0.8182692 -0.8806572 -0.33829784 -0.6901702 -0.56368333 -0.734497 4.898825
-0.67976147 -0.20536739 -0.9581332 -0.61206 -0.76456636 -0.58865 -0.73423725 -0.83209026 5.0462966
-0.77752954 -0.6222967 -0.40315494 -0.5050148 -0.95698816 -0.5512745 -0.5433951 -0.73097646 4.8535266
-0.721516 -1.0976741 -0.008685579 5.6028824 -1.1354958 -1.4209903 -0.97910976 -0.47774228 0.0
0.024770796 -0.9250407 -0.6228848 -0.56833225 -0.5140436 -0.5938422 -0.54252833 -0.7656268 4.48489
-0.6970267 -0.47025245 -0.6480991 -0.68058443 -0.32765242 -0.8197141 -0.5928752 -0.54024345 4.544478
-0.7729572 -0.79169494 -0.7560643 -0.8381714 -0.37028632 -0.13056995 -0.7448082 -0.42668906 4.7132936
-0.95119303 -0.87789357 -0.75202084 -0.38207683 -0.79532087 -1.3152612 -1.0048112 5.832649 0.0
-0.4034903 -0.74415773 -0.8191603 -0.47984457 -0.3279644 -0.27841172 -0.7143614 -0.6300321 4.425779
-0.6021948 -0.41632837 -0.5223935 -0.56808364 -0.74864686 -0.49086335 -0.6667121 -0.7802433 4.6096783
-0.4234784 -0.6535808 -0.5773114 -0.58375674 -0.942247 -0.7370229 -0.44752085 -0.5204666 4.5935144
-1.0593063 -0.9630045 -0.883523 5.6606297 -1.1321284 -1.076735 -0.7759689 -0.5614485 0.0
-0.69612354 -0.33956045 -0.7024112 -0.94563043 -0.36308149 -0.36578453 -0.3170808 -0.5792404 4.2733464
-0.39058635 -0.73389447 -0.5231129 -0.8929489 -0.7291515 -0.41277578 -0.5356259 -0.66629946 4.5565014
-0.5574191 -0.7241463 -0.497101 -0.6517654 -0.1671908 -0.325235 -0.3980177 -0.7230021 4.2013545
-0.5866613 -1.0398067 5.3516397 -0.5928993 -0.8805383 -1.1724051 -0.90980554 -0.72538275 0.0
