-0.46009058 -0.80451125 -0.7374185 -0.9156458 -1.0038328 -1.1069515 4.6624594 -0.9035497 0.0
-1.2531637 -1.3367876 -0.5370895 -0.029358068 -1.6573629 -1.2172446 5.0062103 -0.21988706 0.0
-0.12565783 0.3956295 -0.685547 -0.62602335 -0.42586845 -0.7750584 -0.4561025 -0.7676457 3.6378827
-0.44552562 -0.54326206 -0.40884498 -0.79166186 -0.37053812 -0.8692994 -0.74989635 -0.69378823 4.672577
-0.46042967 -0.5780585 -0.42719945 -0.60512024 -0.50745213 -0.25825363 -0.8855474 -0.7609034 4.1430516
-1.7887694 -1.3659517 3.9964714 1.3923018 -1.6525338 -1.3919866 -1.3178715 1.1607718 0.0
-0.7330682 -0.57877254 -0.4185467 -0.6692865 -0.35237554 -0.39089516 -0.5718637 -0.43384537 4.090182
-0.81429774 -0.48229888 -0.65190697 -0.5249759 -0.5421829 -0.4141411 -0.3863902 -0.66345453 4.1797776
-0.38620594 -0.67802 -0.627435 -0.5308309 -0.54740083 -0.5026216 -0.41208687 -0.46067682 4.1372337
0.117049865 -1.62578 1.8923454 3.134268 -1.9392779 -1.8948574 -1.389522 0.8106166 0.0
-0.4327022 -0.6171392 -0.8106246 -0.3841829 -0.41767278 -0.62640446 -0.4779773 -0.41188908 4.190757
-0.65269905 -0.46226206 -0.6559384 -0.53778416 -0.45372245 -0.51770717 -0.5863549 -0.36909726 4.189039
-0.78139544 -0.69889194 -0.594833 -0.4991699 -0.59322965 -0.4140056 -0.47181296 -0.4534707 4.2546167
-1.146483 -1.228952 -0.41401032 0.78501844 -1.1239772 -1.6011524 -0.968785 4.5082955 0.0
-0.4727066 -0.8047238 -0.5249399 -0.62598366 -0.39237353 -0.51473325 -0.5638951 -0.65706164 4.256606
-0.6335643 -0.5848592 -0.4209373 -0.54231244 -0.44355285 -0.6033739 -0.40651274 -0.5128667 4.1520705
-0.40315527 -0.5568646 -0.56485826 -0.6889058 -0.40926546 -0.46496096 -0.47809383 -0.6917775 4.1783404
-1.0778425 -1.5469621 -0.7856123 3.8574224 -1.1231498 -1.4713855 0.27430594 0.55370814 0.0
-0.47677815 -0.46814257 -0.5190638 -0.63000095 -0.5194365 -0.38890937 -0.44428948 -0.35615394 4.010629
-0.6666542 -0.6593435 -0.67583114 -0.62250817 -0.38966107 -0.47026536 -0.5238591 -0.3782497 4.2632723
-0.6908146 -0.45434576 -0.7420955 -0.7110825 -0.24547459 -0.36941823 -0.5950334 -0.5358917 4.24266
-0.047283154 -0.8237436 3.861964 -0.7286395 -0.838051 -1.0736437 -0.44523832 -0.99080276 0.0
