-1.7899926e-16 -4.5503484e-07 9.762413e-18 -6.257045e-08 -1.7105766e-30 -0.007329586 0.16291364 -3.4102097e-05 0.0
-1.702579e-05 -3.546581e-21 1.6338975e-35 -0.1819146 -1.5012304e-10 -0.0022953774 3.133181 -0.31141344 0.0
-4.5327918e-18 -1.0657104e-06 -0.0040097996 -0.097959995 -3.9366927e-08 -0.60521907 -0.00024349663 -4.3422338e-13 3.439028
-6.374411e-27 -8.6118916e-08 -3.1545187e-13 -0.0006736345 -0.0008521842 -3.004468e-06 -3.1140135e-07 -0.010277569 0.25924534
-2.4328212e-06 -0.14043985 -2.2157069e-13 -5.0305793e-05 -1.6786145e-11 -0.20560099 -4.1075134e-07 -0.0006150173 2.7027395
0.31764048 -0.31777984 0.3563107 8.402e-42 -0.029575039 -4.9731905e-30 -2.2034408e-12 -0.0004363492 0.0
-0.0787312 -0.0034643274 -3.88742e-13 0.12106686 -1.8932405e-09 -0.17116156 -0.00096419867 0.012948041 3.3111587
-7.081416e-05 -0.015981635 -2.2626525e-12 -8.553738e-18 -2.419226e-14 -4.8757515e-10 -8.6575674e-10 -3.0088586e-05 1.0565687
-0.00931232 -6.5135106e-07 -2.8118246e-05 0.3146676 -0.008898746 -9.9441844e-05 -0.00050603 -0.080115415 1.3229114
-6.111995e-31 -9.701271e-11 -0.044175323 0.58697474 -1.2722061e-29 -2.3919922e-12 -2.743636e-06 -2.7703752e-14 0.0
-3.5709256e-06 -0.008083229 -0.04382754 -2.1890404e-14 -1.25804975e-08 -3.563612e-18 9.84e-42 -0.32654747 2.0092525
-0.113699086 0.58342093 -8.4113233e-10 0.31764507 -8.3137975e-06 -0.29626527 -0.31764504 -1.3766703e-16 0.019899456
0.37842017 -2.0105546e-09 -0.003332592 -0.0033142783 -1.3628187e-05 0.001539337 -0.85544443 -0.3176773 0.4754814
-0.0002138244 -4.3743668e-14 -7.640584e-09 -8.950219e-09 9.886e-42 -0.7283086 -0.02994816 5.7227135 0.0
-0.4918431 -9.1834e-09 1.00176e-40 -2.742467e-14 -8.481355e-11 -1.5454634e-19 -1.350354e-27 -5.74509e-10 2.0990012
-1.2369591e-11 -0.002569839 -2.8548878e-27 -0.017449392 -1.8537055e-17 -1.0013543e-06 -7.499895e-07 -9.948952e-23 0.28420395
-9.0227686e-10 -1.2068219e-06 -6.729141e-10 -1.836232e-07 -2.7536552e-07 -1.452521e-05 -0.09142913 -2.1370987e-12 2.1526482
9.823e-42 9.684e-42 -3.0942155e-07 4.478056 -0.3474799 -0.0010180285 -2.5215377e-06 -1.2010931e-10 0.0
-4.537856e-12 -4.1721855e-11 -4.866528e-12 -0.00035222142 -2.1125976e-05 -0.0007762572 -2.0586642e-10 0.0004100789 0.21750247
0.024314437 -0.37007177 -2.9753232e-06 -9.020245e-08 -0.06632003 -3.2268506e-18 -0.059199147 -2.297366e-06 2.5038457
-2.0851215e-07 -1.759098e-13 -1.3232522e-12 -0.00019370964 0.005636427 -0.0029225152 -0.00046564985 -4.9909788e-11 1.1174358
-0.0016309748 -2.532201e-10 2.7401476 9.834e-42 -0.006846026 -0.34170777 -0.0034202011 -2.7453217e-09 0.0
