-0.019235535 -0.19307335 0.0063220714 -0.18521807 -0.0013848885 -0.36590126 4.0910068 -0.3323988 0.0
-0.0856019 -0.008796431 -0.0001859965 -0.6048187 -0.071955025 -0.654104 6.171224 -0.724933 0.0
-0.012851654 -0.04246924 -0.07807109 -0.36279753 -0.075155295 -0.7737928 -0.1733806 -0.020340027 4.3729625
-0.0021504837 -0.06318961 -0.02734178 -0.10947735 -0.18738332 -0.07115955 -0.15321991 -0.65923977 3.266373
-0.13670373 -0.65208876 -0.017719204 -0.35097486 -0.05388421 -0.38593492 -0.13635348 -0.05172612 4.793465
-0.011407404 -0.105896704 4.6320705 -6.41594e-05 -0.66749376 -0.0018370072 -0.06507148 -0.17118089 0.0
-0.32405204 -0.40143168 -0.0471994 0.33376658 -0.05658107 -0.18590519 -0.4099954 0.339222 3.5947106
-0.053230852 -0.059089106 -0.035295997 -0.004272208 -0.026327496 -0.02848737 -0.10587102 -0.08955341 3.7525232
-0.34208754 -0.0046656667 -0.21626407 -0.0842807 -0.20731045 -0.1849112 -0.15361793 -0.7750354 3.7340572
-0.0011534082 -0.0666697 -0.41179955 4.827772 -0.0012673641 -0.07336542 -0.1575232 -0.038985282 0.0
-0.20858064 -0.62787837 -0.6917555 -0.020825503 -0.04173788 -0.010726463 -5.6484507e-05 -0.2682296 4.1709085
-0.46956158 0.79998934 -0.04713343 -0.009689039 -0.1801496 -0.4095196 -0.028534262 -0.02048217 2.4151516
0.06701256 -0.025405688 -0.60566 -0.44742268 -0.004108731 0.08224559 -0.9891257 -0.18418884 3.7510962
-0.49038768 -0.052449394 -0.089821465 -0.08494205 -5.9144245e-06 -0.8161534 -0.14046264 6.4106517 0.0
-1.0093793 -0.12914012 -0.00026241355 -0.03271273 -0.039597128 -0.007716512 -0.0014119168 -0.043646835 4.2878
-0.036937125 -0.39495894 -0.0017203739 -0.5261759 -0.0055051385 -0.1718382 -0.04183328 -0.006386572 3.7591078
-0.06512603 -0.008262105 -0.0673705 -0.12617642 -0.10126202 -0.24105613 -0.18233627 -0.034085777 4.2527533
-3.16736e-05 -0.00011701673 -0.1456706 5.5796366 -0.43312493 -0.59368706 -0.35034233 -0.04374596 0.0
-0.024818677 -0.07046384 -0.050207824 -0.30089018 -0.09185848 -0.31105578 -0.021589354 0.024277579 3.304091
0.20664656 -0.7102365 -0.023285672 -0.19994114 -0.6190211 -0.006592325 -0.50304854 -0.06387671 4.6549573
-0.076346375 -0.026240274 -0.024670905 -0.3667769 0.021312911 -0.098833546 -0.4216627 -0.04970955 3.6772392
-0.50061 -0.098860785 5.7276826 -3.4264216e-05 -0.4949598 -0.7389703 -0.49548504 -0.051857598 0.0
