-0.00042405794 -0.038558964 0.00011525157 -0.029304828 -2.147039e-06 -0.22278437 2.7025046 -0.105051294 0.0
-0.029351994 -6.958132e-05 -1.4483886e-07 -0.518852 -0.006258628 -0.320085 5.656531 -0.65078175 0.0
-0.0002008208 -0.01129891 -0.05352831 -0.30698973 -0.0125309955 -0.7498622 -0.075716205 -0.0010478317 4.240617
-5.877551e-06 -0.011815435 -0.0013143736 -0.057484183 -0.094738394 -0.020173678 -0.030059507 -0.38888046 2.3610382
-0.034877762 -0.5361277 -0.0008595243 -0.11557386 -0.0037643295 -0.3561031 -0.028050292 -0.02949772 4.4542017
-0.00013023373 -0.02900224 3.3272321 -5.781035e-09 -0.44914082 -2.991906e-06 -0.003531293 -0.08051377 0.0
-0.27054712 -0.21988602 -0.00218484 0.2932407 -0.00680647 -0.18395093 -0.19089292 0.2240205 3.5571325
-0.02309062 -0.050010715 -0.0020590099 -8.003914e-05 -0.0009551003 -0.0031672136 -0.010795292 -0.032758016 3.1897905
-0.21648759 -0.0015316097 -0.07037195 -0.036460012 -0.1389541 -0.07168727 -0.0746018 -0.5804956 3.034345
-1.7006641e-06 -0.005561954 -0.30991015 3.6786103 -2.2524398e-06 -0.0039643883 -0.04008405 -0.0013748031 0.0
-0.052963693 -0.36158288 -0.48698673 -0.0007667943 -0.006514864 -0.00016657707 -3.579112e-09 -0.097039714 3.177661
-0.39185953 0.7683476 -0.005266018 -0.00010602347 -0.051629093 -0.39291862 -0.002558085 -0.0004361725 1.3112742
0.06577933 -0.003383154 -0.31353387 -0.24042666 -0.001997069 0.04965308 -0.97092915 -0.037232164 2.8775723
-0.18520933 -0.0018825122 -0.012063649 -0.011701339 -4.0508718e-11 -0.80435395 -0.1153403 6.3182325 0.0
-0.9208055 -0.016980303 -7.304876e-08 -0.0011748027 -0.0034546822 -8.9889465e-05 -3.5233325e-06 -0.0047054915 3.9128404
-0.0026018962 -0.2088203 -4.4863364e-06 -0.34135652 -0.00010895101 -0.038284022 -0.010682884 -3.7048092e-05 2.6983664
-0.007063382 -0.002727358 -0.0070321634 -0.023779323 -0.02057599 -0.07137465 -0.16694762 -0.0019834084 3.897578
-7.2783324e-10 -1.38399185e-08 -0.028730936 5.424811 -0.4210942 -0.265719 -0.08006412 -0.003928207 0.0
-0.0016312879 -0.0052992753 -0.0030697533 -0.12845388 -0.03206608 -0.14590985 -0.002241323 0.014468939 2.331678
0.15735418 -0.6534829 -0.0075612883 -0.032745592 -0.46576822 -0.000106579624 -0.38304666 -0.017757542 4.29944
-0.015521467 -0.0011869941 -0.0014103857 -0.14186229 0.017986985 -0.063203946 -0.17870183 -0.0039730025 3.1566794
-0.24274002 -0.00880588 5.2101736 -1.3092649e-09 -0.28763896 -0.66964287 -0.26390296 -0.0065850965 0.0
