-1.634969e-18 -8.094065e-08 6.497154e-20 -8.4753164e-09 1.0627342e-35 -0.004417015 0.10761668 -1.0182967e-05 0.0
-5.5595788e-06 -4.628322e-24 3.51164e-40 -0.15588668 -9.74761e-12 -0.001099834 2.8740444 -0.27939564 0.0
-2.3064343e-20 -2.6271684e-07 -0.002732581 -0.08278304 -5.672754e-09 -0.58645064 -0.0001033112 -1.40789336e-14 3.334811
-1.2912543e-31 -1.4191696e-08 -9.2917464e-15 -0.0003476106 -0.00042254198 -7.951845e-07 -5.4260397e-08 -0.0059936186 0.18717119
-5.721666e-07 -0.11526874 -6.609206e-15 -1.5716589e-05 -8.2039714e-13 -0.18963844 -7.560014e-08 -0.00034610977 2.5118697
0.31764048 -0.31777984 0.25650007 9.833e-42 -0.019771459 4.846189e-35 -7.673888e-14 -0.00020039488 0.0
-0.06563267 -0.0018691933 -1.0860727e-14 0.10627827 -1.8435135e-10 -0.16935864 -0.00043811335 0.008488959 3.2764797
-2.982904e-05 -0.013508391 0.30398175 -5.9632885e-20 -4.764539e-16 -4.3090056e-11 -6.871425e-11 -1.0543445e-05 0.6166275
-0.005841655 -2.0276744e-07 -8.669576e-06 0.3146676 -0.0059241396 -3.711567e-05 -0.00024042744 -0.05979685 1.3229114
7.481783e-37 -5.9715084e-12 -0.033129275 0.44835827 1.716383e-34 -8.28193e-14 -6.433651e-07 -5.233574e-16 0.0
-8.3538856e-07 -0.0045969617 -0.030696373 -4.4059043e-16 -1.6767823e-09 -1.7933642e-20 9.84e-42 -0.32654747 2.0092525
-0.094742134 0.5602758 -7.4788e-11 0.31764507 -2.2272268e-06 -0.28421798 -0.31764504 -1.188254e-18 0.010680469
0.37842017 -2.2154108e-10 -0.0016946078 -0.0017526337 -6.4809938e-06 0.00091941794 -0.8396713 -0.3176773 0.36484656
-7.75986e-05 -8.481035e-16 -8.50654e-10 -1.027404e-09 9.886e-42 -0.7177563 -0.024547856 5.6401024 0.0
-0.4484913 -9.965394e-10 2.591e-42 -5.321539e-16 -5.528446e-12 -4.5523737e-22 -5.0862348e-33 -4.8873107e-11 1.9157907
-6.111728e-13 -0.0013359264 -3.1229e-32 -0.011232282 -1.4172087e-19 -2.0195115e-07 -1.7656573e-07 -6.014359e-26 0.20397724
-7.732969e-11 -3.779916e-07 -5.4990127e-11 -3.0538533e-08 -4.9965927e-08 -4.0350646e-06 -0.083676405 -8.1837545e-14 1.9731472
9.823e-42 9.897e-42 -5.4248098e-08 4.353718 -0.33780253 -0.00044358204 -5.2360315e-07 -8.121718e-12 0.0
-2.0460374e-13 -2.2457934e-12 -1.9921505e-13 -0.00014586179 -7.034794e-06 -0.00035550134 -1.670987e-11 0.00024166102 0.15327296
0.018454162 -0.3403703 -9.1520525e-07 -1.2727507e-08 -0.049729515 -1.7439345e-20 -0.04493301 -5.9488525e-07 2.3130496
-3.7857944e-08 -4.757882e-15 -4.947139e-14 -7.212646e-05 0.0047503733 -0.0018532155 -0.00019134513 -2.9071452e-12 0.95943403
-0.000773815 -1.6947952e-11 2.4944057 9.834e-42 -0.0039301193 -0.3094947 -0.0017919155 -2.8556355e-10 0.0
