-0.015786644 -0.17753562 0.0051382254 -0.16826789 -0.000992886 -0.35654348 4.0030127 -0.31302214 0.0
-0.0809551 -0.006850485 -0.00012879976 -0.5999927 -0.06337761 -0.6301508 6.1431866 -0.7208566 0.0
-0.010362963 -0.039637554 -0.07654728 -0.35964486 -0.06846369 -0.7725233 -0.16604552 -0.017437713 4.3659444
-0.001586651 -0.057906583 -0.023356987 -0.105857365 -0.18083031 -0.06663452 -0.14075957 -0.641318 3.2113657
-0.12731126 -0.6454512 -0.015143844 -0.33122206 -0.04692682 -0.38431567 -0.12557362 -0.050231464 4.775107
-0.009051866 -0.0989848 4.552419 -3.9892973e-05 -0.6538229 -0.0013203137 -0.055936176 -0.16457368 0.0
-0.32101092 -0.38901338 -0.040242124 0.33151636 -0.050679125 -0.1858025 -0.39396098 0.33195046 3.5927367
-0.050961103 -0.05857631 -0.030454151 -0.0034770744 -0.022166993 -0.025412051 -0.09401992 -0.08497745 3.7207787
-0.33401114 -0.0044024102 -0.20396754 -0.08067554 -0.20302387 -0.17599401 -0.14793508 -0.76342076 3.6937523
-0.0008248348 -0.058595892 -0.4057297 4.759506 -0.0009149224 -0.06305179 -0.14668016 -0.032776695 0.0
-0.19420125 -0.6100439 -0.67918813 -0.017547864 -0.037891936 -0.008646562 -3.4514105e-05 -0.25437647 4.1119385
-0.4651441 0.7983037 -0.04205585 -0.007671684 -0.16878848 -0.40863475 -0.025172181 -0.016779924 2.339158
0.06694753 -0.022875685 -0.58519584 -0.4331484 -0.0039569163 0.08010679 -0.9881661 -0.16947255 3.6994224
-0.46609947 -0.044136535 -0.080912285 -0.07661744 -3.2405396e-06 -0.8155324 -0.13902386 6.4057875 0.0
-1.004546 -0.116202965 -0.00017258408 -0.02752885 -0.034882523 -0.0061294246 -0.0010369356 -0.038873035 4.267337
-0.032181706 -0.3820356 -0.0012662943 -0.51441866 -0.0044931476 -0.15890905 -0.038960982 -0.00489574 3.6944172
-0.05802091 -0.0077981753 -0.059901685 -0.1156742 -0.09319688 -0.22623666 -0.18149799 -0.02940614 4.2334094
-1.8410648e-05 -7.374717e-05 -0.13386121 5.571435 -0.43248767 -0.56929326 -0.3244066 -0.038594805 0.0
-0.021546297 -0.061599724 -0.04342543 -0.28781998 -0.08695293 -0.29900783 -0.019190561 0.023630343 3.2443597
0.20372559 -0.7071519 -0.021959355 -0.18196875 -0.6098904 -0.0053250124 -0.4959371 -0.059753917 4.6356645
-0.07026768 -0.02234591 -0.021264423 -0.34904516 0.021124804 -0.09655294 -0.40319154 -0.043593094 3.6480093
-0.48204955 -0.08718305 5.6993923 -2.042061e-05 -0.4811297 -0.73517543 -0.47945538 -0.046578635 0.0
