-0.4510973 -0.742011 -0.12812696 -0.86354375 -0.27222916 -0.5381456 5.8280435 -0.87228024 0.0
-0.2097933 -0.47216588 -0.06282756 -0.68804204 -0.5494676 -1.191692 6.640677 -0.79380304 0.0
-0.3983448 -0.12856367 -0.44992793 -0.73325276 -0.335288 -0.53641856 -0.34728265 -0.23868735 4.640748
-0.2697743 -0.11297785 -0.34002575 -0.18697004 -0.3320811 -0.20433033 -0.597517 -1.0269501 4.266792
-0.12478289 -0.7687865 -0.218425 -0.8900367 -0.49213687 -0.21245031 -0.5109301 -0.0828811 4.856664
-0.45568088 -0.31295627 6.1283345 -0.114671916 -0.9311301 -0.34471822 -0.7322404 -0.32226127 0.0
-0.6510391 -0.40551862 -0.6039849 0.35233006 -0.33109903 0.17131388 -0.77947366 0.5830441 3.494533
-0.3053047 -0.08774792 -0.37412617 -0.11429273 -0.41158536 -0.17764297 -0.70940554 0.061642706 4.316989
-0.50236285 0.010146727 -0.55374706 -0.17014362 -0.29011434 -0.40909845 -0.28157064 -0.988151 4.443122
-0.23587525 -0.52687114 -0.5229245 6.0743957 -0.22357488 -0.8286462 -0.49638805 -0.6239288 0.0
-0.65658593 -0.9979916 -0.9290639 -0.3216189 -0.19664793 -0.3341157 -0.13242193 -0.62874794 5.2467117
-0.5466984 0.52594596 -0.29283264 -0.40070644 -0.5127208 -0.22648388 -0.21246864 -0.49394393 4.045374
-0.5828913 -0.13649607 -1.0525748 -0.7535671 -0.0075251153 0.13186681 -0.5705717 -0.700764 4.5802803
-1.1093957 -0.8278029 -0.47930244 -0.44384736 -0.07351293 -0.5379792 -0.16577193 6.1906204 0.0
-0.9031119 -0.7015043 -0.19757757 -0.5151804 -0.3015328 -0.30444556 -0.19037928 -0.2791922 4.5803075
-0.33538064 -0.3882399 -0.2240069 -0.75679517 -0.14087275 -0.6114279 -0.13102648 -0.16732109 4.7998385
-0.41457525 -0.02340613 -0.44263995 -0.508693 -0.38349018 -0.6677649 -0.21295932 0.053689875 4.585301
-0.15982424 -0.17014804 -0.5655556 5.492236 -0.15812466 -1.165454 -1.2047143 -0.32532465 0.0
-0.23764451 -0.6261146 -0.51216584 -0.6138435 -0.090791486 -0.5869407 -0.5646327 0.037489455 4.4346914
-0.17369933 -0.46819928 -0.05971698 -0.90597844 -0.7862064 -0.19873801 -0.6297598 -0.18643111 4.7500525
-0.28898838 -0.34252012 -0.26581237 -0.74636906 -0.27596232 0.16951118 -0.8662156 -0.40688032 4.3236194
-0.9093763 -0.74051446 6.2017646 -0.117876545 -0.7807099 -0.80281 -0.8407554 -0.289795 0.0
