-0.007691878 -0.13088301 0.00241612 -0.118718624 -0.00029521747 -0.32452914 3.6994312 -0.2516624 0.0
-0.06609837 -0.0027564494 -3.3724325e-05 -0.58279204 -0.039950337 -0.5503048 6.0424695 -0.70624787 0.0
-0.004734541 -0.030848056 -0.0712598 -0.3484268 -0.04878394 -0.7679318 -0.14191876 -0.009961473 4.3405566
-0.0005239915 -0.042163335 -0.013170743 -0.0936883 -0.15889987 -0.052484665 -0.10342313 -0.5802383 3.0193872
-0.09829895 -0.62191427 -0.008553936 -0.2683708 -0.028386122 -0.37849367 -0.093095236 -0.04515753 4.709046
-0.003900125 -0.077458054 4.274793 -7.034462e-06 -0.60649395 -0.00039616897 -0.03226784 -0.14265023 0.0
-0.31020683 -0.34705898 -0.022531722 0.32347348 -0.033956748 -0.1854303 -0.340822 0.30683193 3.5855792
-0.04350119 -0.05675158 -0.017808199 -0.0016433774 -0.011856758 -0.016776089 -0.06106541 -0.07023601 3.6077828
-0.30625328 -0.003565 -0.164894 -0.068830356 -0.18818992 -0.14707088 -0.12900689 -0.72269267 3.5510693
-0.00024298558 -0.036647446 -0.38443267 4.519811 -0.00027899904 -0.03634338 -0.113197714 -0.01743889 0.0
-0.14981033 -0.5494347 -0.6354438 -0.00941222 -0.026666248 -0.003945794 -5.708123e-06 -0.2098083 3.9048686
-0.44945186 0.7922138 -0.027789352 -0.003279408 -0.13321799 -0.40543845 -0.015957944 -0.008123041 2.0829337
0.066711985 -0.015623803 -0.5165236 -0.38503352 -0.0034512088 0.07279693 -0.9846905 -0.12522434 3.517779
-0.3875688 -0.023560623 -0.055350848 -0.05266393 -3.5854325e-07 -0.81328166 -0.1339227 6.388159 0.0
-0.9871913 -0.0791751 -3.7401802e-05 -0.0146968495 -0.022001075 -0.0026508996 -0.0003367195 -0.025514185 4.1938667
-0.019497162 -0.33855757 -0.00041456867 -0.47389096 -0.002145493 -0.11959488 -0.030087728 -0.0018593869 3.4688725
-0.03812485 -0.0063214796 -0.039077777 -0.08435013 -0.06893189 -0.1796627 -0.17848669 -0.01718724 4.1639156
-2.533261e-06 -1.3665562e-05 -0.098453596 5.5417624 -0.43018207 -0.48883095 -0.24531701 -0.024474775 0.0
-0.012884936 -0.037781853 -0.025618255 -0.24494442 -0.071236104 -0.25904268 -0.012506496 0.021421634 3.0365083
0.19346228 -0.6960651 -0.017745782 -0.12922347 -0.57785463 -0.0024483723 -0.47095057 -0.04689123 4.5662937
-0.05197799 -0.012457601 -0.012387345 -0.29155058 0.020455658 -0.088704824 -0.3426525 -0.027045365 3.5438359
-0.42024428 -0.055202585 5.5978575 -3.0808521e-06 -0.43407696 -0.72156113 -0.4254809 -0.031529035 0.0
