-0.81025517 -0.785066 -0.9226067 -1.1476692 -0.75014687 -0.49331373 5.8653502 -0.62345874 0.0
-0.88296044 -1.2456871 -0.39440283 -0.34569183 -0.74963045 -1.0802121 6.0566626 -0.9717274 0.0
-0.3596742 -0.17500862 -1.0688529 -0.33948633 -0.3401289 -0.82446647 -0.75749516 -0.3994851 4.643146
-0.89505595 -0.2421188 -0.6651229 -0.30659562 -0.30247825 -0.6069157 -0.93628037 -0.56971693 4.7912893
-0.8591305 -0.23076625 -0.6405072 -1.0238106 -0.4332071 -0.5430147 -0.71615165 -0.78220886 4.984054
-1.2258722 -0.9167322 6.151953 -0.6032825 -0.656393 -1.3291008 -1.3166995 0.07995861 0.0
-0.911914 -0.30182177 -1.0046737 -0.5616195 -0.42669183 -0.28676373 -0.35741377 -0.12926212 4.5856457
-0.6864054 -0.34991696 -0.8156623 -0.476154 -0.9457168 -0.35109502 -0.9046078 -0.8693699 5.3561893
-0.4206351 -0.40955198 -0.15701447 -0.52054584 -0.5955205 -0.25637707 -0.49535197 -0.5068603 4.4002094
-0.78917295 -0.91938657 -0.15854187 6.355641 -0.94311565 -1.5817405 -1.3631989 -1.0414615 0.0
-0.40335998 -1.0320854 -0.75831705 -0.59627664 -0.3836986 -0.49219546 -0.95876175 -0.26349306 4.868189
-0.612415 0.42585933 -1.0568969 -1.0570512 -0.6666799 -0.52177197 -0.4645657 -0.61029893 4.736896
-0.71254665 0.05786215 -0.6062247 -0.5605363 -0.36721715 -0.7816456 -0.51151067 -0.22965768 4.3578367
-0.87724763 -1.529993 -0.7348943 -0.42729604 -0.85933954 -1.2470115 -0.46624073 6.50445 0.0
-1.1374912 -1.0464303 -1.1230766 -0.38917887 -0.17101729 -0.65076786 -0.48745713 -0.22073416 4.8313746
-0.052428585 -0.9971649 -0.6592644 -0.77519315 -0.23059013 -0.43892682 -0.5136174 -0.50819016 4.6648035
-0.79455787 -0.16122468 -0.51747733 -0.77254266 -0.26498485 -1.005579 -0.49819025 -0.5197895 4.794171
-0.9020039 -0.95702344 -0.38150367 5.4618497 -0.7860884 -0.92458516 -1.2455819 -0.29905015 0.0
-0.34534356 -0.66157967 -0.49292526 -0.63567895 -0.3652083 -0.5639312 -0.9052872 -0.73370194 4.4589577
-0.024088198 -0.15170045 -0.49741834 -0.88867205 -0.93235785 -0.6715109 -0.8386494 0.00043632794 4.3990374
-0.5117398 -0.6351146 -0.43506044 -0.4570171 -0.46276549 -0.6836946 -0.70036083 -0.29956546 4.2070303
-1.0807246 -1.079313 5.8144336 -0.87440205 -0.35290045 -0.773388 -1.0397799 -0.55991334 0.0
