-4.389195e-06 -0.005738377 9.444959e-07 -0.00330173 -8.0106327e-10 -0.12433876 1.6664854 -0.026998544 0.0
-0.008308568 -2.0288225e-07 -2.2279033e-11 -0.43342894 -0.0003437415 -0.13807294 5.108026 -0.57340485 0.0
-1.3611942e-06 -0.002366204 -0.034358125 -0.25234753 -0.0015031265 -0.7227409 -0.028542485 -3.0547737e-05 4.090524
-4.5121977e-09 -0.0016253288 -3.5231693e-05 -0.026940893 -0.042462215 -0.004556233 -0.0043792366 -0.20911415 1.6148875
-0.0069491975 -0.4260573 -2.329364e-05 -0.03118722 -0.00015869226 -0.3240373 -0.00432447 -0.015239012 4.0869846
-5.9894023e-07 -0.0062867003 2.2623446 -5.119022e-14 -0.2820111 -1.1889084e-09 -0.00010965762 -0.033134025 0.0
-0.2189118 -0.108334124 -5.5938035e-05 0.25192165 -0.0005521626 -0.18168569 -0.07763064 0.13758397 3.5135715
-0.008635295 -0.041119803 -6.979093e-05 -6.783375e-07 -1.8177812e-05 -0.00023372992 -0.0007179884 -0.010011498 2.6369376
-0.1264491 -0.000411713 -0.01872148 -0.013591268 -0.08684271 -0.023471711 -0.031883407 -0.41345888 2.3798583
-5.9506755e-10 -0.00029049325 -0.22196637 2.6786003 -1.0005995e-09 -0.00012246959 -0.00796166 -2.5277765e-05 0.0
-0.010493706 -0.18900086 -0.32247585 -1.4860154e-05 -0.00072216766 -1.1204884e-06 -1.9627432e-14 -0.02927437 2.3123221
-0.3169094 0.7328315 -0.00039091223 -4.6264327e-07 -0.011812256 -0.37430575 -0.00014570884 -4.3267473e-06 0.64113
0.06436211 -0.00031004281 -0.14452948 -0.11580869 -0.00085437746 0.027434912 -0.9500185 -0.005621398 2.1102445
-0.058804955 -3.5365032e-05 -0.0011169402 -0.0011168334 -9.666641e-18 -0.79073507 -0.09152476 6.2115674 0.0
-0.8267661 -0.0015327057 -2.92592e-12 -2.2085313e-05 -0.00019043894 -4.2384076e-07 -2.4102362e-09 -0.0003346361 3.5148783
-0.00011079163 -0.09867603 -3.2452547e-09 -0.20530857 -9.8776e-07 -0.006490944 -0.0021307701 -7.3347714e-08 1.8315399
-0.0005059563 -0.00073799974 -0.000481045 -0.0033020333 -0.0031257868 -0.016975705 -0.15054369 -6.702357e-05 3.518839
-9.79689e-16 -1.7697463e-13 -0.004212321 5.248745 -0.4074116 -0.10314853 -0.013994896 -0.00022419028 0.0
-6.388361e-05 -0.00024421338 -0.00011014028 -0.04714356 -0.009271534 -0.059858706 -0.00015232396 0.007873898 1.5508479
0.11426662 -0.5926661 -0.002006463 -0.0038450086 -0.3335259 -7.533738e-07 -0.27815863 -0.0039182007 3.9171553
-0.0023593982 -2.9551586e-05 -4.6648824e-05 -0.046325002 0.014739703 -0.037373748 -0.06502516 -0.00019704607 2.6397128
-0.10357109 -0.00049771223 4.663184 -3.580637e-15 -0.15195951 -0.5965637 -0.12579697 -0.0005700422 0.0
