-0.7080592 -0.80781907 -1.0788876 -1.1560112 -0.69272107 -0.5235397 5.9167643 -0.80847317 0.0
-0.9488805 -1.3782312 -0.8557441 -0.49153814 -0.7633642 -1.0064994 6.116485 -0.7297137 0.0
-0.23632655 -0.18166424 -0.96412075 -0.31429973 -0.23590605 -1.0401055 -0.75191385 -0.3808275 4.5095267
-0.7494425 -0.26878873 -0.5195458 -0.40751553 -0.5266646 -0.83442545 -1.0556285 -0.9315879 4.995917
-0.68635356 -0.21491681 -0.62869835 -0.7688625 -0.7204398 -0.3279599 -0.682696 -0.7848993 4.752724
-1.2612133 -1.0374854 5.970258 -0.5656517 -0.8670754 -1.4722531 -0.90378416 0.2919705 0.0
-0.8001315 -0.3073276 -1.063844 -0.6831612 -0.34392798 -0.22262543 -0.2509638 -0.5154077 4.61075
-0.7342414 -0.24177144 -1.0109535 -0.4250041 -0.90506077 -0.4729884 -0.63082737 -0.869148 5.1508837
-0.25335446 -0.783902 -0.5782183 -0.7328477 -0.65523076 -0.56440145 -0.30330762 -0.24746422 4.548628
-0.64114195 -0.6896693 -0.1596516 6.084812 -1.0709964 -1.237129 -1.4065309 -0.9542394 0.0
-0.13419445 -0.9432418 -0.47352493 -0.5980702 -0.47902575 -0.33017468 -0.95835495 -0.36633503 4.616002
-0.4775509 -0.28750855 -1.0365852 -0.83652174 -0.5095268 -0.3745453 -0.25358084 -0.523555 4.550545
-0.70060706 -0.47389036 -0.5497293 -0.6816367 -0.5041288 -0.91453135 -0.7590736 -0.23633397 4.7837152
-0.9394303 -1.4995682 -0.5597507 -0.5106928 -1.0647238 -1.3357992 -0.67440027 6.5145216 0.0
-0.90226376 -0.95205194 -1.2313389 -0.57495546 -0.32370967 -0.520899 -0.37041852 -0.4506138 4.8123307
-0.3673501 -0.68932015 -0.6967318 -0.6240792 -0.35026577 -0.61387455 -0.53669405 -0.3829753 4.594668
-0.51133543 0.0041184574 -0.60423213 -0.8497189 -0.64173406 -1.2049423 -0.38953412 -0.80687505 4.7828765
-0.99388385 -1.1461937 -0.5345068 5.6304035 -0.88856477 -0.967232 -0.8946127 -0.6826198 0.0
-0.4371081 -0.32748207 -0.32603395 -0.59331644 -0.30802637 -0.41577533 -0.9160852 -1.0244926 4.326755
-0.4243542 -0.26921907 -0.6800842 -0.5454946 -0.6188346 -0.4708858 -0.80006444 -0.30241987 4.5195727
-0.6340684 -0.64029855 -0.67543846 -0.26956204 -0.41504157 -0.7463705 -0.60637033 -0.14888987 4.2184634
-0.8456326 -1.2299293 5.7586713 -0.9746782 -0.5853631 -1.0390711 -0.96324396 -0.7196653 0.0
