-3.5846472e-09 -0.00031419954 5.2862675e-10 -0.000117519776 -2.489741e-15 -0.051485658 0.80597436 -0.0034263812 0.0
-0.0012225539 -2.0859212e-11 -1.435176e-17 -0.3304419 -3.9906045e-06 -0.038654685 4.3817277 -0.4737818 0.0
-5.5961e-10 -0.00021930311 -0.0175854 -0.18776026 -5.8957172e-05 -0.683712 -0.0065061348 -1.3069261e-07 3.8743682
-4.8944254e-14 -7.8803954e-05 -1.319388e-07 -0.00855545 -0.01259928 -0.00047423883 -0.00023202211 -0.08184407 0.9117196
-0.0005965801 -0.30124164 -8.8764075e-08 -0.0042650593 -1.2157467e-06 -0.28107265 -0.00025004701 -0.005611536 3.590401
-1.3060211e-10 -0.0006143664 1.2683872 -1.3757854e-22 -0.13961972 -4.125847e-15 -5.184769e-07 -0.008633292 0.0
-0.15904796 -0.037120733 -1.9476657e-07 0.20035595 -1.1794064e-05 -0.17832509 -0.019865403 0.065866336 3.4489417
-0.0019445908 -0.030607102 -3.7900568e-07 -4.0091402e-10 -3.9471477e-08 -4.30725e-06 -1.1247938e-05 -0.0016564511 1.98018
-0.056100614 -5.5971683e-05 -0.0025050363 -0.0030456276 -0.04268821 -0.0043147784 -0.008799501 -0.24773942 1.651311
-1.6526861e-15 -3.1165741e-06 -0.13411593 1.6643875 -4.217664e-15 -5.743197e-07 -0.0006802294 -5.1943942e-08 0.0
-0.00089313753 -0.07085519 -0.1730443 -3.3212046e-08 -2.5063553e-05 -4.5495135e-10 -1.9249415e-23 -0.32654747 2.0092525
-0.23007138 0.68238515 -7.270411e-06 -9.254185e-11 -0.0012541465 -0.34790754 -1.790972e-06 -3.2991976e-09 0.21757519
0.06228413 -8.00696e-06 -0.04476184 -0.038343105 -0.00023616452 0.011187753 -0.9193577 -0.00031472457 1.3237083
-0.010314791 -7.521132e-08 -2.9308925e-05 -3.072458e-05 -2.2898935e-30 -0.77064914 -0.06456579 6.054257 0.0
-0.70283973 -3.8659633e-05 -1.5621405e-19 -4.7021437e-08 -2.2236322e-06 -9.6282544e-11 -2.144703e-14 -5.820635e-06 2.9907427
-8.622669e-07 -0.03173242 -3.1785955e-14 -0.09522636 -6.511528e-10 -0.00043461137 -0.0001832237 -3.95725e-12 1.0228218
-8.900237e-06 -0.00010134963 -7.87464e-06 -0.00016244737 -0.00017667408 -0.0019129365 -0.12880957 -3.6222715e-07 3.0168526
-3.8927358e-26 -1.0083911e-21 -0.00022537656 4.9942365 -0.38762847 -0.024590699 -0.0009821546 -2.764102e-06 0.0
-4.3575352e-07 -2.1524213e-06 -6.5435887e-07 -0.010316427 -0.0014092857 -0.015522775 -2.468231e-06 0.0031376618 0.83950955
0.07049562 -0.5115152 -0.00026743027 -0.00014590837 -0.20146354 -3.3161657e-10 -0.17161298 -0.00039349566 3.4047437
-0.00013348438 -9.841957e-08 -2.437091e-07 -0.008481709 0.010915881 -0.016892806 -0.014045066 -1.9491747e-06 2.0167222
-0.028515292 -6.0437483e-06 3.9467869 -7.5826434e-25 -0.05789425 -0.501183 -0.040995304 -1.347186e-05 0.0
