-0.8231891 -0.7960343 -0.94261086 -1.1547878 -0.76352555 -0.5718798 5.9186945 -0.684461 0.0
-0.89024895 -1.2664032 -0.43025216 -0.3524459 -0.7563947 -1.0874326 6.081073 -0.96408737 0.0
-0.35883778 -0.16946195 -1.113627 -0.34011623 -0.32162005 -0.8506599 -0.71275246 -0.40201223 4.650144
-0.88632274 -0.23765688 -0.6775625 -0.32921696 -0.32189947 -0.637597 -0.95212203 -0.7784402 4.893467
-0.8710188 -0.23442307 -0.65791243 -0.93123806 -0.43384615 -0.5466241 -0.6455329 -0.74917614 4.891592
-1.2416123 -0.9316391 6.1776714 -0.61523443 -0.6706373 -1.353529 -1.324565 0.08039025 0.0
-0.72832495 -0.38888532 -1.0141283 -0.43133596 -0.43458804 -0.2742998 -0.35829794 -0.16598538 4.496961
-0.69093233 -0.35442826 -0.8411159 -0.48777962 -0.96546274 -0.36858878 -0.91064936 -0.8819196 5.384566
-0.43318865 -0.6607265 -0.19793707 -0.52612567 -0.61117446 -0.30896214 -0.45789024 -0.50052655 4.504175
-0.8050829 -0.9202697 -0.24646018 6.380012 -0.9602472 -1.5506449 -1.3466543 -0.91912794 0.0
-0.31688243 -0.8347474 -0.76877373 -0.59924006 -0.30299738 -0.5087399 -0.9808033 -0.2657723 4.7801967
-0.6197398 0.4244768 -1.081142 -1.0430855 -0.66458917 -0.4509414 -0.4697587 -0.62189895 4.7300587
-0.7245568 0.03564732 -0.61549664 -0.5793237 -0.3783648 -0.7970142 -0.7179137 -0.23317216 4.5308995
-0.88631254 -1.5519717 -0.78273183 -0.43924063 -0.8872282 -1.260579 -0.4891521 6.5642104 0.0
-1.0812353 -0.9967839 -1.1392543 -0.32211423 -0.16909055 -0.62117964 -0.45014006 -0.44529843 4.811583
-0.055546373 -0.8966038 -0.48478392 -0.69848543 -0.23886997 -0.47249514 -0.5391038 -0.5224206 4.5167947
-0.8789064 -0.23594725 -0.4145002 -0.7956354 -0.267427 -1.0179777 -0.50291497 -0.53635675 4.8661413
-0.92617244 -0.9814689 -0.323212 5.6326013 -0.80277836 -0.93134207 -1.2583232 -0.5580573 0.0
-0.3542376 -0.49137956 -0.49223545 -0.66018635 -0.37855664 -0.55042833 -0.9448692 -0.8819929 4.472046
-0.1297939 -0.13694148 -0.4275842 -0.820553 -0.6823203 -0.68782926 -0.8495689 -0.056193434 4.305659
-0.5259152 -0.6516118 -0.46571895 -0.45231816 -0.44588113 -0.76136076 -0.6604369 -0.29002544 4.2395525
-1.0883607 -1.1098573 5.903932 -0.9038105 -0.48947123 -0.9193271 -1.0721406 -0.57827044 0.0
