-0.2650519 -0.5908621 0.099033706 -0.66555536 -0.112247005 -0.51718086 5.475434 -0.7408201 0.0
-0.18025483 -0.24156356 -0.023688456 -0.6731662 -0.38974866 -1.0765216 6.5586157 -0.7816812 0.0
-0.2233895 -0.10659077 -0.10158915 -0.40767914 -0.26038498 -0.79096407 -0.30873814 -0.15752475 4.467876
-0.11984557 -0.20230314 -0.22227067 -0.17151842 -0.30140215 -0.1709255 -0.47464323 -0.95263577 4.0995855
-0.35319632 -0.74762547 -0.14296634 -0.7602857 -0.33905077 -0.1075664 -0.40877584 -0.076518364 4.7741327
-0.24492286 -0.26052195 5.8437824 -0.032838456 -0.88005257 -0.14410722 -0.48655814 -0.28951466 0.0
-0.36756817 -0.32352608 -0.39325058 0.36533478 -0.24535312 0.12869373 -0.6983915 0.45309934 3.3023021
-0.07104625 -0.070958294 -0.2511549 -0.06570028 -0.25884947 -0.13038716 -0.5143579 -0.18031394 4.2035728
-0.47069123 -0.010125509 -0.47226405 -0.15105976 -0.27405307 -0.35762867 -0.25409943 -0.94829017 4.3172226
-0.096624345 -0.3715727 -0.50217146 5.8418355 -0.09387427 -0.5502359 -0.40775812 -0.39080352 0.0
-0.5407642 -0.9226214 -0.8837595 -0.20269144 -0.15131538 -0.18722308 -0.03629091 -0.54429185 5.0463114
-0.53278106 0.8228658 -0.21515913 -0.21403196 -0.4295336 -0.42153218 -0.15136239 -0.28892255 3.7058651
-0.38984004 -0.10273199 -0.9584815 -0.6898626 -0.006792022 0.11693491 -0.7563537 -0.55897266 4.5158854
-0.9661229 -0.51962566 -0.3611368 -0.33561015 -0.015345611 -0.8245009 -0.1611806 6.4760303 0.0
-1.0762566 -0.5269393 -0.065251455 -0.32386562 -0.21399875 -0.16343702 -0.08357099 -0.20404395 4.5709586
-0.23108022 -0.6158657 -0.098902985 -0.71159476 -0.0815841 -0.48760846 -0.1080097 -0.21578707 4.74229
-0.30322582 -0.017861575 -0.32203165 -0.40181848 -0.30614892 -0.56197494 -0.19391933 0.028029338 4.512154
-0.038637403 -0.05048118 -0.4495944 5.6904354 -0.44173387 -1.0395988 -0.9773854 -0.2318049 0.0
-0.1627808 -0.42161962 -0.34602666 -0.5443301 -0.07984289 -0.5270901 -0.3525134 0.034828495 4.2176023
-0.11051147 -0.7526738 -0.050917234 -0.70161957 -0.7549805 -0.111980826 -0.40607655 -0.15552464 4.920606
-0.2307272 -0.22204079 -0.17797805 -0.7106268 0.14786738 -0.13499883 -0.7667735 -0.2852711 3.9839592
-0.8290665 -0.5269253 6.1197047 -0.030337557 -0.7226906 -0.79160964 -0.7687086 -0.21666567 0.0
