-1.1761957e-06 -0.0033322105 2.3633083e-07 -0.0017698845 -7.969405e-11 -0.1053544 1.453395 -0.018335402 0.0
-0.0058005727 -3.741176e-08 -1.6909259e-12 -0.4118616 -0.0001497653 -0.10871597 4.9625273 -0.55317914 0.0
-3.220981e-07 -0.0015154594 -0.0302935 -0.23869583 -0.00082039874 -0.7152289 -0.021625724 -1.1076209e-05 4.048935
-5.583494e-10 -0.0009227181 -1.2466315e-05 -0.021719664 -0.033800226 -0.0029819023 -0.0025274707 -0.17532204 1.450104
-0.004387625 -0.39916024 -8.268526e-06 -0.021477547 -6.404247e-05 -0.3154787 -0.0025367518 -0.012631313 3.988498
-1.2640453e-07 -0.0040663444 2.0285447 -1.585714e-15 -0.24709924 -1.2056384e-10 -4.0496707e-05 -0.025740791 0.0
-0.20614354 -0.08859177 -1.9530493e-05 0.24129692 -0.00026926163 -0.18104832 -0.06010523 0.11979477 3.5013146
-0.006527823 -0.038898073 -2.6437983e-05 -1.7141686e-07 -5.82127e-06 -0.00011090753 -0.00033061806 -0.0071442914 2.4984596
-0.1085388 -0.00028321883 -0.012840427 -0.010264825 -0.07599041 -0.017082533 -0.025037536 -0.37549278 2.2215471
-5.8057028e-11 -0.000124737 -0.20190212 2.4487329 -1.04956446e-10 -4.5160086e-05 -0.005022388 -8.013815e-06 0.0
-0.0066149365 -0.15718511 -0.28686002 -4.783988e-06 -0.00038530683 -2.645437e-07 -5.208194e-16 -0.020813059 2.11332
-0.29838237 0.7230602 -0.00018580825 -9.6135025e-08 -0.0077594086 -0.3691889 -6.415641e-05 -1.1450946e-06 0.523293
0.06396576 -0.00015660131 -0.11597295 -0.09409693 -0.00067112327 0.023179563 -0.94417036 -0.0032778233 1.9327782
-0.042424172 -1.128235e-05 -0.0005658305 -0.0005707529 -8.930696e-20 -0.786915 -0.08571053 6.1816454 0.0
-0.80188316 -0.0007707872 -1.4630185e-13 -7.0472083e-06 -8.306081e-05 -9.011211e-08 -2.8806185e-10 -0.00015710176 3.4096093
-4.484144e-05 -0.07973973 -3.944436e-10 -0.17770365 -2.546002e-07 -0.0039129467 -0.0013457484 -1.2054365e-08 1.641204
-0.0002380266 -0.00050863205 -0.0002233175 -0.0018796822 -0.0018258633 -0.011275768 -0.14619094 -2.5367168e-05 3.4183226
-1.6366612e-17 -6.1671766e-15 -0.0024355685 5.199866 -0.40361255 -0.07881049 -0.008510708 -9.876834e-05 0.0
-2.5236002e-05 -0.000101132464 -4.2417658e-05 -0.03544747 -0.006512245 -0.046461035 -7.058087e-05 0.0066238693 1.3816243
0.10434554 -0.5764687 -0.0013751636 -0.0020857481 -0.3033599 -1.8048578e-07 -0.2540086 -0.0025472825 3.815099
-0.0013784373 -1.0234083e-05 -1.7546097e-05 -0.033689655 0.013930036 -0.03219241 -0.04877345 -8.3353916e-05 2.5092313
-0.08129542 -0.00021865508 4.5189185 -7.568748e-17 -0.12676212 -0.5773243 -0.10190946 -0.0002832342 0.0
