-9.640169e-07 -0.003070187 1.9169222e-07 -0.0016111383 -5.615575e-11 -0.10275978 1.4237957 -0.017297437 0.0
-0.0054950346 -2.8968836e-08 -1.1429767e-12 -0.4087108 -0.00013212819 -0.104873404 4.941006 -0.55019855 0.0
-2.5905254e-07 -0.0014170865 -0.029724913 -0.23670672 -0.0007488496 -0.71410555 -0.020740807 -9.503967e-06 4.0427155
-4.0680573e-10 -0.0008472663 -1.0657257e-05 -0.021026643 -0.032659106 -0.0027974506 -0.0023265784 -0.17073224 1.4268163
-0.0040939893 -0.3952629 -7.0720516e-06 -0.020304356 -5.584962e-05 -0.3142108 -0.0023408562 -0.012279486 3.9738898
-9.990972e-08 -0.0038080548 1.9955451 -9.328399e-16 -0.24223346 -8.520393e-11 -3.484497e-05 -0.024780743 0.0
-0.20428796 -0.085949205 -1.6662581e-05 0.2397377 -0.0002416321 -0.18095264 -0.057834055 0.11732448 3.4994743
-0.006258561 -0.038574345 -2.2836066e-05 -1.3924796e-07 -4.901853e-06 -9.9117206e-05 -0.00029413318 -0.006790364 2.4782693
-0.10607234 -0.0002677036 -0.012131581 -0.0098400535 -0.07447903 -0.016284501 -0.024142878 -0.37008983 2.1986647
-4.078721e-11 -0.00010980541 -0.19904411 2.4159205 -7.455932e-11 -3.884866e-05 -0.0046856413 -6.737808e-06 0.0
-0.006170747 -0.15288419 -0.28185213 -4.0316227e-06 -0.00035049944 -2.1269071e-07 -2.9905208e-16 -0.019770918 2.0849128
-0.29569012 0.7216016 -0.00016609808 -7.580553e-08 -0.0072835013 -0.3684252 -5.669126e-05 -9.3675146e-07 0.50754124
0.063906364 -0.0001412805 -0.112193085 -0.0912018 -0.00064717047 0.022598954 -0.94329375 -0.0030219643 1.9074101
-0.040388875 -9.49493e-06 -0.00051070127 -0.00051582605 -4.335481e-20 -0.78634185 -0.08486826 6.177157 0.0
-0.79820496 -0.0006949194 -9.2721824e-14 -5.9309314e-06 -7.329092e-05 -7.130422e-08 -2.0876514e-10 -0.0001401742 3.3940494
-3.912214e-05 -0.077222794 -2.8659952e-10 -0.17388362 -2.0744355e-07 -0.0036256756 -0.001255744 -9.171625e-09 1.6143416
-0.00021244622 -0.0004809051 -0.00019891764 -0.0017266836 -0.0016837894 -0.010601931 -0.14554705 -2.1908205e-05 3.4034526
-8.736247e-18 -3.6953142e-15 -0.002242597 5.192552 -0.4030441 -0.0756812 -0.007896306 -8.728331e-05 0.0
-2.1936548e-05 -8.853981e-05 -3.673036e-05 -0.03395788 -0.006174865 -0.04472221 -6.2851264e-05 0.006453746 1.3578196
0.10292912 -0.5740704 -0.0012991058 -0.0019020815 -0.29906315 -1.4543129e-07 -0.2505608 -0.0023873122 3.7999792
-0.0012712127 -8.7205135e-06 -1.5139297e-05 -0.032112163 0.013812123 -0.031477418 -0.046706684 -7.321016e-05 2.4901702
-0.07838512 -0.00019314727 4.49761 -4.193287e-17 -0.123349786 -0.5744839 -0.098729774 -0.00025489106 0.0
