-5.5189286e-08 -0.0009516891 9.433424e-09 -0.00041991792 -3.49626e-13 -0.07199353 1.0619375 -0.00752271 0.0
-0.0025366172 -7.242785e-10 -3.825998e-15 -0.3663163 -2.1944175e-05 -0.06274413 4.6443014 -0.50940394 0.0
-1.1267841e-08 -0.0005429856 -0.022684304 -0.21007949 -0.00020295513 -0.69828 -0.011421936 -1.0569898e-06 3.9550757
-4.1556593e-12 -0.0002500848 -1.1235584e-06 -0.013235896 -0.020003004 -0.001123206 -0.00071169797 -0.11692634 1.1327746
-0.0015210388 -0.34365007 -7.5081056e-07 -0.009100397 -7.848744e-06 -0.29667678 -0.00074171484 -0.00820533 3.7713947
-3.3725185e-09 -0.0014906169 1.5797863 -3.7419712e-19 -0.18239437 -5.541199e-13 -4.034016e-06 -0.0144027015 0.0
-0.17957272 -0.055788297 -1.7060696e-06 0.21856807 -5.128058e-05 -0.17959397 -0.033369754 0.08715289 3.4733438
-0.0034297265 -0.034240436 -2.7949548e-06 -7.0036195e-09 -4.1527764e-07 -1.9822623e-05 -5.5105174e-05 -0.003286313 2.2076294
-0.07641245 -0.00011969824 -0.0053897677 -0.0053817295 -0.055918925 -0.008222918 -0.014361395 -0.30097282 1.8970462
-2.4289452e-13 -1.7667486e-05 -0.16241829 1.9936072 -5.2367057e-13 -4.482726e-06 -0.0017374973 -5.5833294e-07 0.0
-0.002284667 -0.10290055 -0.21923606 -3.4552843e-07 -9.042865e-05 -9.2053085e-09 -8.202425e-20 -0.009492182 1.7192875
-0.25983682 0.7011218 -3.334133e-05 -2.4721498e-09 -0.002947895 -0.3577069 -9.634025e-06 -5.217407e-08 0.32815477
0.06306529 -3.2363037e-05 -0.06991359 -0.05838389 -0.00038520966 0.015735485 -0.9308835 -0.00094517716 1.5800623
-0.020012604 -7.9771485e-07 -0.00011773881 -0.00012120367 -7.376468e-25 -0.7782163 -0.07371895 6.1135206 0.0
-0.74755776 -0.00015768078 -1.1725578e-16 -4.985084e-07 -1.2200554e-05 -2.4466176e-09 -1.971452e-12 -2.7389893e-05 3.1798317
-5.5329024e-06 -0.048857532 -2.8115036e-12 -0.1275281 -1.0899813e-08 -0.0012187241 -0.00046685382 -1.7732142e-10 1.2760096
-4.170021e-05 -0.00021590511 -3.7931324e-05 -0.00051265664 -0.0005286563 -0.0043951664 -0.13666876 -2.6762073e-06 3.1983998
-7.4283894e-22 -1.9731544e-18 -0.0006887209 5.0893984 -0.39502612 -0.042438004 -0.002704975 -1.4851106e-05 0.0
-2.9422945e-06 -1.3163645e-05 -4.660691e-06 -0.01839536 -0.0028880027 -0.025943123 -1.1935979e-05 0.004452056 1.0598575
0.08469859 -0.5409405 -0.00057625445 -0.00050869246 -0.24400428 -6.5009487e-09 -0.20618477 -0.00094481214 3.5908694
-0.0003992744 -8.7709765e-07 -1.8243427e-06 -0.016188907 0.01223524 -0.02284664 -0.02516884 -1.1401234e-05 2.2337203
-0.046581767 -3.2663254e-05 4.204678 -6.5147105e-21 -0.083563566 -0.53547096 -0.0628003 -5.634071e-05 0.0
