-0.7107754 -0.5001967 -0.34487244 -1.0788859 -0.5736463 -0.3036861 5.772898 -1.0031894 0.0
-0.5725063 -0.84144306 -0.17958122 -0.41955534 -0.73406357 -1.3000437 6.301071 -0.55017644 0.0
-0.6493851 -0.1509241 -0.7201321 -0.82477903 -0.119778484 -0.7136356 -0.662419 -0.3389768 5.0430584
-0.6092734 -0.13988341 -0.42746007 -0.48734686 -0.36081555 -0.21671301 -0.7247796 -1.0906105 4.580094
-0.30063826 -0.50989926 -0.3136029 -1.0185597 -0.54354596 -0.36958092 -0.8247813 -0.4233094 5.0851274
-0.7746185 -0.35458592 6.380372 -0.3314193 -0.97721744 -0.7304031 -1.0387695 -0.35322234 0.0
-0.7322152 -0.31578544 -0.89310986 -0.1765068 -0.46857497 0.19602051 -0.9224018 0.2387095 4.18989
-0.037011307 -0.15133263 -0.65180784 -0.026177818 -0.36041847 -0.21797279 -0.934362 -0.428505 4.784352
-0.23082893 0.072215326 -0.6345683 -0.059777636 -0.2739272 -0.4481013 -0.70754206 -1.0232971 4.436217
-0.5041759 -0.71027863 -0.51059437 6.3097186 -0.46892306 -1.1763085 -1.0440687 -0.93088967 0.0
-0.5272922 -1.0674001 -0.96969974 -0.47722274 -0.0030402043 -0.5480638 -0.32749692 -0.7050259 5.3287005
-0.5665091 0.5373338 -0.36621907 -0.68440866 -0.583736 -0.5116827 -0.28400347 -0.779392 4.38121
-0.6879779 -0.174168 -0.78136337 -0.61683846 -0.018771615 -0.3129247 -0.60374796 -0.8505678 4.614827
-1.2446626 -1.2330214 -0.61063504 -0.5637571 -0.27856004 -0.84342384 -0.16896701 6.3346825 0.0
-1.2305079 -0.6569498 -0.50774753 -0.76687133 -0.3725747 -0.5101994 -0.25572482 -0.47404963 5.073656
-0.45959204 -0.5873621 -0.44892538 -0.48959816 -0.15654795 -0.7248933 -0.11618108 -0.38964716 4.699512
-0.8491106 0.012600681 -0.5402644 -0.62329024 -0.46531054 -0.43975312 0.16259946 -0.05148896 4.2599964
-0.36161888 -0.41079342 -0.6739073 5.912519 -0.3790517 -1.2852471 -1.4408963 -0.43471697 0.0
-0.32949075 -0.5976052 -0.4608817 -0.60427725 -0.49284956 -0.38119552 -1.0548446 -0.4747595 4.7697873
-0.18030405 -0.41644615 -0.020693652 -1.081808 -0.5481689 -0.2950125 -0.80441195 -0.20009288 4.5674443
-0.078349486 -0.47316214 -0.34613708 -0.83973765 0.03897446 0.2563259 -0.9594006 -0.54544073 4.19743
-0.82893515 -0.93067276 5.9752493 -0.37427187 -0.70855147 -0.6668292 -0.9077834 -0.37164617 0.0
