-0.72832847 -0.5146421 -0.36304843 -1.0918813 -0.5737701 -0.31554574 5.8033566 -1.0107543 0.0
-0.59327155 -0.8887968 -0.18779226 -0.4203157 -0.7457232 -1.3061368 6.3152614 -0.5700138 0.0
-0.66613644 -0.15223013 -0.7385505 -0.829953 -0.1230091 -0.72500086 -0.66889834 -0.34550554 5.063819
-0.6324646 -0.14167182 -0.43835384 -0.42436495 -0.3624311 -0.21849987 -0.73230994 -1.0934398 4.5719175
-0.3153138 -0.5080369 -0.31976378 -1.0259572 -0.55328655 -0.38129386 -0.8353392 -0.43319523 5.1067576
-0.7970041 -0.35758957 6.392257 -0.29525378 -0.9797576 -0.7604439 -1.0584581 -0.35496756 0.0
-1.0532116 -0.334212 -0.91097826 -0.1710664 -0.4711229 0.19779903 -0.92799914 0.24460807 4.42425
-0.042921294 -0.15932049 -0.6644984 -0.026927916 -0.37647763 -0.22111954 -0.9482527 -0.44665432 4.8241224
-0.24014254 0.07278545 -0.63922966 -0.06013773 -0.29596382 -0.44386256 -0.7142227 -0.9998265 4.4326167
-0.5252034 -0.7217653 -0.232669 6.0548234 -0.4879371 -1.1986581 -1.0627614 -0.9511105 0.0
-0.53963834 -1.0712634 -0.9719109 -0.4874432 -0.0030916298 -0.56282026 -0.34760773 -0.46847564 5.2715187
-0.5671931 0.53797656 -0.3714526 -0.7043646 -0.58834213 -0.40826163 -0.28846118 -0.83792436 4.399156
-0.7017577 -0.17645574 -0.79398 -0.62793183 -0.01935362 -0.3174601 -0.60833466 -0.8594539 4.6350594
-1.2526053 -1.2597022 -0.61831325 -0.5710451 -0.29916388 -0.86405045 -0.16918558 6.342577 0.0
-1.2511286 -0.68652755 -0.5338621 -0.7834309 -0.37835798 -0.52346736 -0.25582004 -0.48129946 5.111565
-0.46752152 -0.60738134 -0.4660523 -0.5043256 -0.1620016 -0.7320113 -0.18512858 -0.4082958 4.7721815
-0.8633009 -0.03132339 -0.45821542 -0.63007873 -0.47267398 -0.44815224 0.16456886 -0.053007532 4.2783422
-0.38636196 -0.4343595 -0.68106043 5.936669 -0.39724898 -1.2920214 -1.454823 -0.4415407 0.0
-0.33529344 -0.61703485 -0.4763623 -0.60466135 -0.5081095 -0.4019428 -1.0810337 -0.4908501 4.7916822
-0.18421087 -0.4172883 -0.02876325 -0.82822603 -0.556754 -0.30297747 -0.822626 -0.20325208 4.5377407
-0.060535353 -0.482685 -0.27823886 -0.844825 0.03649012 0.22466797 -0.964797 -0.5526608 4.205695
-0.8426834 -0.94552547 5.9911575 -0.39819318 -0.71121514 -0.6832845 -0.91153246 -0.37664512 0.0
