-0.6127567 -0.8462164 -0.24440013 -1.0035393 -0.45327348 -0.55476457 6.028729 -0.9584996 0.0
-0.22899045 -0.6946914 -0.13689932 -0.69677836 -0.66595185 -1.2636888 6.6886578 -0.8008764 0.0
-0.55606866 -0.14323814 -0.617827 -0.79376197 -0.10154138 -0.65025014 -0.37227914 -0.3019262 4.758792
-0.4813142 -0.1308993 -0.37908146 -0.19710612 -0.3511874 -0.22656325 -0.6823824 -1.0675939 4.376867
-0.22724587 -0.4850372 -0.2787007 -0.9747559 -0.4880026 -0.31412172 -0.5962949 -0.08679313 4.671915
-0.6516621 -0.3368917 6.296214 -0.23522532 -0.9619507 -0.5719462 -0.9268995 -0.3428182 0.0
-0.6717712 -0.55077934 -0.7753606 0.051681142 -0.43046227 0.20378035 -0.8591698 0.28421077 4.009214
-0.3291255 -0.11637375 -0.50812626 -0.15499558 -0.53771853 -0.21231338 -0.85425335 0.03163045 4.6691394
-0.52434134 0.010864364 -0.60701156 -0.05769637 -0.2998099 -0.43522555 -0.6531517 -1.0119649 4.5755434
-0.39420798 -0.64440817 -0.53529143 6.270124 -0.3684339 -1.0493921 -0.9379749 -0.81711084 0.0
-0.43917137 -1.0442632 -0.9562638 -0.41964698 -0.004587701 -0.466466 -0.2345466 -0.68332046 5.2718797
-0.59928423 0.53390396 -0.3491871 -0.5748883 -0.55559826 -0.42032287 -0.25837314 -0.66677177 4.4025435
-0.6099865 -0.16090888 -1.1109848 -0.50327134 0.32282493 0.13929972 -0.6273846 -0.7983868 4.4121757
-1.2015527 -1.0828695 -0.564306 -0.52149534 -0.18060885 -0.7284258 -0.16764753 6.287633 0.0
-1.1125084 -0.827193 -0.37357655 -0.67365223 -0.3384834 -0.43458745 -0.26419362 -0.3381547 4.9686136
-0.41429567 -0.5755668 -0.35861287 -0.7611274 -0.1908275 -0.69116724 -0.14646421 -0.3002864 4.935506
-0.7522876 -0.01660796 -0.5350168 -0.5836273 -0.43669924 -0.7376323 0.09995266 0.07158817 4.3337936
-0.24196632 -0.29279846 -0.6455992 5.77358 -0.28516433 -1.2449096 -1.3592341 -0.39553985 0.0
-0.29622796 -0.77319586 -0.5922946 -0.5837666 -0.40959674 -0.2763465 -0.90900373 0.035939336 4.471798
-0.14937778 -0.4791305 -0.064385824 -1.0134906 -0.8046882 -0.27656907 -0.7037208 -0.1953817 4.8090377
-0.32908002 -0.43986848 -0.40576556 -0.8080947 0.034959428 0.23874554 -0.9273045 -0.49475288 4.220925
-0.7502083 -0.90110177 5.979494 -0.25698635 -0.8160835 -0.5751376 -0.8853702 -0.34271124 0.0
