2.4305036 2.2082345 0.7104063 -0.57808393 1.8333364 1.4088733 -0.64593846 -0.61567515 0.0
1.5120634 0.62025326 1.2920934 0.05605569 1.3505843 1.1643763 1.4754256 -0.07573405 0.0
1.0276932 0.7127339 0.18913014 -0.33553702 0.72329915 0.1019896 -0.10431908 -0.5985155 3.377342
0.6874905 0.5673584 -0.18968745 -0.56264764 0.99614614 0.5609514 -0.46250886 -0.5668201 3.1598964
0.9321716 0.61269474 0.30387402 -0.39264593 0.6031041 0.21761833 -0.37676224 -0.45867905 3.3401961
0.8984571 0.71364987 1.4127282 0.29837522 1.5589455 0.61917174 1.0727816 0.044674594 0.0
-0.16979767 -0.32671532 -0.28104916 -0.45232725 0.23995686 -0.25691554 -0.11513923 -0.5205812 3.5851154
0.09896472 0.07212046 -0.08963544 -0.27012998 0.05331913 -0.23467988 -0.0020851216 -0.40010062 2.6880352
-0.6165153 -0.4665361 -0.33104238 -0.72517145 -0.27160433 -0.44641727 -0.35820752 -0.56883276 3.2903829
1.1198657 0.5747875 0.73199373 0.34793884 1.6559039 0.3175212 1.6041596 0.06379216 0.0
-0.53438246 -0.4080619 -0.5489649 -0.5336969 -0.20671728 -0.29528943 -0.7516341 -0.6648717 3.2567976
-0.26018265 -0.45071474 -0.1402309 -0.7582709 -0.2616576 -0.3842338 -0.6215999 -0.19492419 3.4685593
0.7763162 -0.33940104 -0.21211214 -0.50725317 -0.6984665 -0.49036196 -0.4722346 -0.7057642 3.5774732
0.45848334 0.99272746 0.46544752 0.37767965 1.0059654 1.0056465 0.93079627 0.1734875 0.0
-0.43117708 -0.58165693 -0.65105766 -0.5964439 0.6786744 -0.57310086 -0.5018916 -0.7749301 3.5404093
-0.6123302 -0.47340813 -0.58910376 -0.8059508 0.3397093 -0.58396584 -0.46176878 -0.8457025 3.4545667
-0.53476053 -0.45971444 -0.36242703 -0.79351074 -0.54727936 -0.7208073 -0.7538747 -0.74588937 3.4380336
1.8776096 0.27720204 0.6535621 0.22742136 1.8874685 0.9717093 0.26861167 0.0080989795 0.0
0.5185186 -0.13273717 -0.30223188 -0.7202933 -0.1018235 0.25172073 -0.38758972 -0.79027045 3.4580514
0.12589239 0.59904474 -0.56459486 -0.68574816 0.25186464 0.18090822 -0.6557131 -0.7612871 3.4475346
0.29985273 0.42736408 -0.46416762 -0.6433455 0.5035587 0.20817412 -0.52070516 -0.5862217 3.5084324
1.2491597 1.8824413 0.8598808 -0.2734842 1.9565073 1.4303674 0.5765172 -0.47301903 0.0
