1.9764674 1.922719 0.9780092 -0.117872216 1.380573 1.7173624 0.04464992 -0.13697797 0.0
1.466425 0.90877604 1.3324091 0.29324588 1.1446003 1.3383675 1.0821874 0.18839864 0.0
1.5099424 1.0095646 0.68674284 0.1602602 1.5755088 0.6729929 0.3279434 -0.081930034 2.1403506
0.84593844 1.3133771 0.55304825 -0.061142277 1.0957788 1.2392977 0.24231282 -0.027815055 2.0640426
1.4307264 1.0342431 1.0899038 0.2951294 0.96426684 0.91371465 0.13184454 0.030341648 2.0973394
1.170214 0.71381646 1.2137594 0.671481 1.2110665 0.97366154 0.91674286 0.3263304 0.0
0.37638566 0.26906887 0.33886468 0.19859427 0.88035333 0.25901657 0.5313452 0.059799954 2.3882537
0.4455679 0.510654 0.5631884 0.401523 0.32303527 0.4002391 0.39873672 0.20301035 1.8321404
0.03528797 0.27397197 0.14714833 -0.050848614 0.52560616 0.22767091 0.35664168 0.036890652 2.1786444
1.2056664 0.8919405 0.6739672 0.40958345 1.3816845 0.6001215 1.4180763 0.37216514 0.0
0.060536806 0.35339394 0.046787348 0.08049258 0.5817756 0.49812552 0.0023306075 -0.02942608 2.1553283
0.41208467 0.27610493 0.32680237 -0.10301711 0.48635188 0.13084482 0.061949957 0.48323712 2.3136911
1.4359084 0.32900852 0.21935423 0.046860825 -0.0033134231 0.24354307 0.10431297 -0.09737997 2.3775606
0.4355636 1.1216094 0.6015865 0.42921013 1.0908356 1.1976907 0.7282476 0.56647044 0.0
0.20532145 -0.008091725 0.03646345 -0.05748696 1.6684036 0.30502453 0.09082661 -0.17842685 2.385874
0.024080664 0.28830066 0.07754812 -0.19428365 1.5180054 0.22833078 0.29484642 -0.1921948 2.3033953
0.45544875 0.46244463 0.14354426 -0.12022421 0.4823046 0.030084178 0.047868855 -0.13235223 2.3218088
1.5637441 0.56021696 0.6651638 0.49249062 1.7220942 1.1997844 0.72699744 0.322334 0.0
1.2868171 0.73734474 0.31322247 -0.16769174 1.0030673 1.3051653 0.11573482 -0.17070335 2.3084953
0.9495082 1.4886103 0.032522812 -0.15832093 1.3636705 1.2281704 -0.124710895 -0.17160212 2.3073127
0.96507907 1.1505404 -0.017512988 -0.13980411 1.4915361 0.96675915 0.13093366 0.03177343 2.3907976
1.2990707 1.6109067 1.0121653 0.06706569 1.8503611 1.421766 0.8013722 -0.0036115537 0.0
