2.3111908 2.134498 0.6522316 -0.5875257 1.9343214 1.259696 -0.66166246 -0.6256096 0.0
1.4992576 0.44600213 0.9856709 0.068381965 1.4396205 1.0508485 1.6794586 -0.041481715 0.0
0.9432807 0.6208611 0.13828413 -0.35808986 0.58025074 0.0862875 -0.09615984 -0.60270804 3.3434167
0.67935926 0.39621955 -0.33091038 -0.5396101 0.81253946 0.48772147 -0.45727932 -0.5366413 3.1770031
0.8379455 0.4700002 0.29647127 -0.36828712 0.6032799 0.121330164 -0.46793392 -0.45715016 3.3100166
0.7077572 0.59720325 1.3332075 0.3200017 1.7561204 0.5243904 0.9819987 0.06849011 0.0
-0.21094292 -0.2390738 -0.2571445 -0.47269246 0.20475703 -0.28628 -0.059313647 -0.40205315 3.4615114
0.06294962 -0.014980998 -0.08932167 -0.24131683 0.01278193 -0.27669817 -0.014626468 -0.4716953 2.6884282
-0.6170679 -0.4885578 -0.35422024 -0.5980942 -0.21251409 -0.40914905 -0.30176994 -0.44342783 3.2280316
0.89714164 0.49596447 0.746631 0.27845594 1.7484752 0.17159519 1.6149387 0.11917952 0.0
-0.54148704 -0.46020597 -0.48574004 -0.39153087 -0.20312865 -0.38154098 -0.6186578 -0.61137694 3.2291563
-0.28231323 -0.3784269 -0.17905226 -0.7127061 -0.20515206 -0.3678612 -0.53326917 -0.18558429 3.409933
0.70684934 -0.35689688 -0.188446 -0.46487063 -0.56195813 -0.45866472 -0.4197952 -0.59705275 3.4915118
0.40071452 0.8820026 0.41901407 0.3034904 1.084199 0.8868328 0.7671529 0.27773246 0.0
-0.4009574 -0.5257524 -0.5036716 -0.5316885 0.5028162 -0.5151867 -0.43272516 -0.7017693 3.471041
-0.6057931 -0.50212944 -0.51059836 -0.76363426 0.24599072 -0.47473627 -0.43316206 -0.74156356 3.4269526
-0.5102586 -0.47206232 -0.3483153 -0.7283486 -0.47388846 -0.6328974 -0.64570105 -0.67115706 3.4020429
1.7537035 0.064685695 0.69060344 0.18278971 1.950764 0.7573177 0.1219863 0.0077709174 0.0
0.35552636 -0.09799261 -0.29121432 -0.7009762 -0.1191569 0.19985475 -0.34952092 -0.7270386 3.4042537
0.08656699 0.4971818 -0.48705748 -0.65005696 0.10475786 0.12759335 -0.5661875 -0.6929001 3.376691
0.14509779 0.30224365 -0.45720273 -0.62277746 0.38286233 0.16719165 -0.48787156 -0.5454376 3.4799888
1.2168425 1.7820518 0.81456393 -0.2838525 1.9409689 1.3201684 0.47440454 -0.47280186 0.0
