1.4155737 1.3328228 1.242198 0.58569384 1.2565086 1.4043407 0.6611494 0.59749675 0.0
1.2427275 1.0995507 1.1447146 0.6038062 1.1422138 1.3270282 0.90900713 0.58395875 0.0
1.3679438 1.1937023 0.9387751 0.70105815 1.2641773 0.7878705 0.61804825 0.62136114 1.4257014
1.0525757 1.1857339 0.77975184 0.62409735 1.2288848 1.0884922 0.6079389 0.5870876 1.4269066
1.237924 1.1646982 1.0656619 0.69569 1.1039026 0.9426384 0.58679605 0.5874656 1.4231571
1.2340311 0.79285294 1.1231254 0.73367894 1.1975609 0.83227813 1.0504886 0.66886514 0.0
0.7842223 0.66611207 0.6976311 0.64641815 1.0461899 0.60472 0.8181106 0.601625 1.4291791
0.6360419 0.70387626 0.6892803 0.7287297 0.59645545 0.66076374 0.6442234 0.6835995 1.424037
0.7221262 0.58310723 0.65665495 0.5882769 0.6361844 0.6030644 0.63550675 0.65213263 1.4328898
1.2179879 0.8257441 0.86118156 0.6440974 1.2836078 0.6803503 1.206338 0.6308449 0.0
0.6955808 0.588052 0.59435976 0.60180956 0.64015275 0.6804951 0.6632425 0.5937251 1.4294151
0.6699344 0.5969209 0.70180565 0.581694 0.69788176 0.5918199 0.6089709 0.6963873 1.4310861
1.2453326 0.63288045 0.63713837 0.6594063 0.62865347 0.7616288 0.5752877 0.64656466 1.4318541
0.7306019 0.9482148 0.67469394 0.62728786 1.0713031 1.0346869 0.82519865 0.69894886 0.0
0.77527833 0.65577096 0.626503 0.5756988 1.4224215 0.6038608 0.5950224 0.59752595 1.4292868
0.57787293 0.6723088 0.58940244 0.59521216 1.3044367 0.6890123 0.6899644 0.5983636 1.4309393
0.69429517 0.7319358 0.59601605 0.63816077 0.9700191 0.60758615 0.5949956 0.59379137 1.431509
1.3415942 0.71823835 0.80508643 0.81289876 1.3779353 1.1092243 0.7074766 0.6429894 0.0
1.2418485 1.141886 0.6653218 0.58146954 1.3705823 1.233335 0.69543505 0.60993105 1.4296205
1.1460067 1.296813 0.6164505 0.613837 1.3060396 1.1907222 0.5898418 0.6158635 1.4311733
1.115278 1.2632692 0.64536184 0.60506535 1.3030725 1.0709714 0.7018186 0.6340111 1.4285916
1.2278103 1.3145162 0.9451173 0.63741577 1.2670535 1.4058673 0.86072963 0.5908624 0.0
