-0.79076123 -0.66950417 -0.74680376 -0.7392785 4.9315395 -0.85752296 -0.97138256 -0.92175454 0.0
-1.2463198 -1.0615919 -1.1305243 -1.0112559 -0.8043787 -0.7968275 -0.93811464 6.1413083 0.0
-0.6139471 -0.9473289 -0.45135725 -0.6484039 -0.8303132 -0.30488065 -0.6372631 -0.94661593 5.144388
-0.9127321 -0.67923045 -0.50445014 -0.058179893 -0.45451963 -1.038865 -0.68009394 -0.6066854 4.8819284
-0.6956157 -0.8590444 -0.2594087 -0.5525706 -0.7926596 -0.53171647 -0.54760194 -1.1283104 4.988201
-0.8043685 -1.1166533 -0.8412858 6.277622 -1.3876113 -1.4538813 -1.2371356 -1.0272769 0.0
-0.5812401 -0.992977 -0.36409903 -0.7079672 -0.4891398 -0.639688 -0.32806242 -0.668524 4.556403
-0.63484406 -0.21302348 -0.9127801 -0.77894473 -0.6644089 -0.64856374 -0.54668134 -0.62146926 4.7996006
-0.8423849 -0.6216374 -0.6582847 -0.5725557 -0.32166433 -0.6821035 -0.79792696 -0.82998854 4.932635
-1.3042641 -1.1617997 -0.25033173 5.676225 -0.74329174 -1.2264764 -1.25939 -0.795494 0.0
-0.52811754 -0.7487727 -0.92034334 -0.72266716 -0.5272918 -0.2746905 -0.252334 -0.59078884 4.546575
-0.7377541 -0.71445084 -0.72348773 -0.57663673 -0.72475624 -0.36753416 -0.28836673 -0.6920604 4.6371617
-0.63676476 -0.6006463 -0.677126 -0.71968436 -0.2491555 -0.81509215 -0.6673448 -0.592856 4.646744
-1.1281166 -1.3427216 -0.92295593 6.081335 -1.2921801 -0.934508 -0.8635261 -0.54446083 0.0
-0.08704592 -0.6750393 -0.39025754 -0.6651076 -0.33238283 -0.5799893 -0.38653407 -0.79598737 4.0763087
-0.44869033 -0.31013557 -0.7361114 -0.41019782 -0.414065 -0.6676788 -0.593904 -0.48100805 4.237104
-0.4272516 -0.5649826 -0.6644409 -0.71766406 -0.5684401 -0.7934031 -0.74212503 -0.5984102 4.650548
-1.3202555 -1.0159043 -0.8660181 -0.49893126 -0.9859001 -0.8532032 -0.839512 5.578126 0.0
-0.67660344 -0.56793123 -0.8166043 -0.60340947 -0.5964242 -0.39835632 -0.32441247 -0.23317705 4.375741
-0.3895564 -0.5906832 -0.7477148 -0.94224685 -0.4584275 -0.31072056 -0.2647674 -0.8072483 4.315747
-0.5973999 -0.5014427 -0.68241644 -0.8167582 -0.117265545 -0.5770157 -0.5166715 -0.42271706 4.3454065
5.5228853 -1.1557479 -1.1287811 -0.8642006 -1.0819762 -0.9543665 -0.8918526 -0.85841465 0.0
