-0.4071214 -0.83895075 -0.9349419 -1.02546 5.1814823 -0.28856784 -0.40768608 -1.3734512 0.0
-0.9081605 -0.82598895 -0.8908552 -1.1558073 -0.8044793 -0.946281 -0.7147042 6.3561993 0.0
-0.22847098 -1.1305479 -0.77631474 -0.7408757 -0.5722324 -0.4289351 -0.67443794 -0.81252563 5.436723
-0.319323 -0.50585836 -0.4706263 -0.84936523 -0.6598489 -0.22537722 -0.97687435 -1.1318363 5.109639
-0.6162809 -0.6873179 -0.72068924 -0.40977955 -0.4278813 -1.0762703 0.13344026 -1.1427809 4.8466563
-1.0197437 -0.9716452 -1.1028142 6.6571064 -1.0036246 -1.2936652 -0.6764313 -0.93043303 0.0
-0.27911606 -0.79722565 -0.40226704 -0.6495453 -0.6586683 -0.522765 -0.6625767 -0.38704783 4.6743975
-0.94491327 -0.5667765 -0.95676106 -0.90853184 -0.65593386 -0.57695657 -0.51085204 -0.40399134 5.0634847
-0.79758 -0.5961368 -0.4340947 -0.6945003 -0.390427 -0.73745936 -0.520112 -0.5078942 4.9131975
-1.3962843 -1.2824701 -1.4395481 6.9301944 -0.5438606 -0.8650343 -1.3177775 -0.81753373 0.0
-0.4299683 -0.02036205 -0.66908425 -0.6367537 -0.8616741 -0.118086055 -0.6356907 -0.52150995 4.3474565
-0.42202544 -0.49858096 -0.46850678 -0.56970954 -0.84086424 -0.22854489 -0.62671304 -0.2309769 4.4393926
-0.4572202 -0.60769176 -0.75868124 -0.7333009 -0.5078616 -0.6208187 -0.75194216 -0.59830254 5.0876803
-1.1358898 -0.9043875 -0.67746276 6.2836995 -0.9656871 -0.88542014 -0.7906457 -1.1105151 0.0
-0.672158 -0.66515326 -0.46996644 -0.65790564 -0.60102427 -0.39427373 -1.0859178 -0.987253 4.8663564
-0.976316 -0.45418903 -0.07285683 -0.1169688 -0.54737914 -0.5623471 -0.92153186 -0.62925726 4.697039
-0.52281886 -0.2850564 -0.46119428 -0.75125647 -0.6000081 -0.62604815 -0.5897 -0.61496675 4.9299555
-0.9565948 -0.8533891 -0.9481131 -0.58220357 -0.87914664 -0.5135882 -0.9817266 5.732519 0.0
-0.81246126 -0.6638757 -0.873402 -0.53150606 -0.48553038 -0.47640374 -0.014237819 -0.52457905 4.3690658
-0.69054663 -0.5157966 -0.78833014 -0.9172547 -0.14145368 -0.17093427 -0.22747862 -0.44020477 4.2469635
-0.48637453 -0.39826757 -0.64095974 -0.70399725 -0.45468637 -0.3827063 -0.62397295 -0.24154775 4.246921
5.9277654 -0.78281295 -1.1086639 -0.5732309 -1.1681643 -1.17189 -0.902225 -0.76333153 0.0
