-0.4524186 -0.8747468 -1.0623541 -0.99359864 5.1922793 -0.27023798 -0.2919734 -1.3917097 0.0
-0.9095257 -0.79855776 -0.9806156 -1.1602259 -0.6316481 -0.93484974 -0.68789715 6.3390894 0.0
-0.21729612 -1.0566297 -0.7217989 -0.69645214 -0.5159542 -0.445699 -0.7525326 -1.0708976 5.485254
-0.3074091 -0.45009947 -0.43043512 -0.95759267 -0.7897939 -0.33184242 -1.1281111 -1.2859374 5.3396726
-0.58489716 -1.0018765 -0.61936206 -0.3876066 -0.3314039 -1.0287745 0.23369208 -1.0239921 4.8010917
-0.9719079 -0.8891043 -1.0260782 6.690588 -0.95228887 -1.2464873 -0.62058765 -1.1601641 0.0
-0.08107251 -0.817943 -0.5507895 -0.81213385 -0.8707336 -0.42692927 -0.519761 -0.45901722 4.78858
-0.8823469 -0.40206078 -0.7954016 -0.8399003 -0.6493323 -0.3995097 -0.45949668 -0.5779505 4.9389873
-0.8470849 -0.63313746 -0.31736717 -0.67751956 -0.54951644 -0.7281265 -0.46880916 -0.6062697 4.9666543
-1.3483953 -1.2142814 -1.4215256 6.9649467 -0.58369637 -1.1533307 -1.3397322 -0.73526067 0.0
-0.47145778 -0.2915574 -0.6624608 -0.8599581 -0.63600355 -0.18619253 -0.4648078 -0.5380342 4.5165477
-0.61107504 -0.41420308 -0.45124453 -0.50445366 -0.8134379 -0.25439852 -0.5661469 -0.35653788 4.508687
-0.44286686 -0.42019597 -0.7022187 -0.6471334 -0.4176565 -0.34880355 -0.6923101 -0.615773 4.841851
-1.08067 -0.90262306 -0.8487703 6.5138416 -1.1770337 -0.7904503 -0.9035492 -1.0547702 0.0
-0.6559813 -0.6120115 -0.32200703 -0.57447326 -0.57031316 -0.38981697 -1.0687418 -0.9261083 4.7458243
-0.9420561 -0.5190804 -0.006493939 -0.13493523 -0.7147654 -0.6885371 -0.9455673 -0.4488959 4.728349
-0.63822454 -0.28835857 -0.36897093 -0.6514046 -0.5655182 -0.9345932 -0.7304292 -0.5072192 5.0243807
-1.1398243 -0.7649463 -0.8613299 -0.5338123 -1.0724041 -0.66468465 -1.1041856 6.040816 0.0
-0.81194973 -0.54710877 -0.5381994 -0.6536411 -0.4731965 -0.4427142 -0.11466395 -0.52513033 4.3615465
-0.61449784 -0.5000395 -0.6365845 -0.9257804 -0.362257 -0.19997175 -0.29173395 -0.4285598 4.2652206
-0.30264983 -0.3657379 -0.64738005 -0.70620036 -0.6206232 -0.40421557 -0.6409259 -0.32800487 4.290873
5.8587213 -0.72703564 -1.0790964 -0.4806118 -1.1951842 -1.111501 -0.82133275 -0.8273872 0.0
