0.75164473 0.74545705 0.7360421 0.74448085 0.75158817 0.7535908 0.74471736 0.7511053 0.0
0.7337417 0.7376686 0.76734865 0.80557424 0.7682268 0.74146676 0.88662165 0.75078505 0.0
0.74473935 0.75433224 0.7499257 0.74387044 0.741006 0.7433358 0.75234926 0.7449364 0.74724805
0.74656266 0.74902797 0.74266833 0.74288505 0.7464649 0.7470895 0.7524299 0.74324757 0.751223
0.75296646 0.749959 0.74475217 0.74167866 0.7420772 0.7386152 0.7535852 0.7501846 0.75062436
0.7545799 0.74515927 0.74144703 0.8232312 0.7343311 0.74630815 0.7521886 0.7471364 0.0
0.74187046 0.7520246 0.74716 0.7471797 0.74719375 0.7422202 0.74588233 0.745149 0.746793
0.7418302 0.7410514 0.7492407 0.7409341 0.74513346 0.7467991 0.7500798 0.7545094 0.74848443
0.74890834 0.7446207 0.75064665 0.7460705 0.7454245 0.744311 0.74123025 0.7461354 0.7479916
0.74861896 0.73909354 0.73926544 0.7656978 0.74308217 0.7650173 0.754692 0.7479742 0.0
0.7464482 0.7437765 0.7478344 0.7446329 0.74557805 0.7502088 0.74343485 0.74481905 0.7470111
0.7422303 0.7431189 0.74918765 0.7468881 0.74571794 0.74648637 0.74525654 0.7476917 0.74883074
0.7461124 0.74718904 0.74424773 0.7449884 0.74659157 0.7458642 0.7454459 0.74480575 0.7495873
0.7497231 0.74121034 0.7497749 0.7490361 0.7480065 0.74827284 0.7542508 0.74850786 0.0
0.74529153 0.7453905 0.745095 0.7466768 0.74749917 0.7448852 0.7465646 0.74415505 0.7480098
0.74613804 0.74671215 0.7456156 0.74324846 0.7471344 0.7458514 0.7451342 0.7452419 0.7493609
0.7459959 0.74647886 0.74698687 0.7443763 0.745322 0.7460573 0.7447664 0.74472165 0.7492438
0.7470766 0.7465264 0.7505028 0.74391305 0.7445752 0.75128984 0.74520916 0.7448436 0.0
0.747136 0.74529207 0.745808 0.7445167 0.74612427 0.74727374 0.74609077 0.7441575 0.7478474
0.74625295 0.74593043 0.7458392 0.7446752 0.74670094 0.7467665 0.74643785 0.74363625 0.7478008
0.7464951 0.74560565 0.7458355 0.7451811 0.7473198 0.7456011 0.7460233 0.74403834 0.7475759
0.75367147 0.75717825 0.75854903 0.74405044 0.74496365 0.7427681 0.74371415 0.74272585 0.0
