-0.54329103 -0.87064385 -0.41731143 0.13015762 3.4946897 -0.52584743 -1.2395115 -1.0947275 0.0
-1.2922593 -1.5200949 -1.1936842 -0.2188703 -1.3893672 -0.9025292 -0.05797728 5.145522 0.0
-0.64862496 -0.8342161 -0.46949425 -0.05225645 -0.7626478 -0.46221673 -0.38382027 -0.67490596 4.6120973
-0.33944705 -0.91270566 0.35132563 0.92278767 0.1852869 -0.85456383 -0.6703735 -1.068661 2.762255
-0.5676403 -0.2780185 -0.39053807 -0.50495577 -0.57900095 -0.43799418 -0.5941476 -0.7119795 4.290099
-0.8300295 -1.2941425 -0.33395728 4.7008142 -1.3315816 -1.4756215 -0.47564286 -0.42331254 0.0
-0.43009657 -0.7389851 -0.85106486 -0.4810543 -0.54397935 -0.5280988 -0.70743275 -0.38373396 4.3930063
-0.55144095 -0.6441545 -0.7757422 -0.585149 -0.34038907 -0.57397413 -0.44300103 -0.52048963 4.1377945
-0.56997114 -0.7537521 -0.54332334 -0.5261512 -0.5223059 -0.5279984 -0.59283423 -0.60835123 4.539735
-1.215173 -1.3766133 1.0352347 4.179548 -1.3898958 -1.4538252 -1.5297167 0.11796024 0.0
-0.7706033 -0.6810357 -0.576114 -0.64174175 -0.3941138 -0.39213026 -0.61091894 -0.49988434 4.211733
-0.56119674 -0.7063256 -0.61565566 -0.769933 -0.56335217 -0.38215825 -0.5235268 -0.40539232 4.3685813
-0.78539675 -0.64356816 -0.5636227 -0.726609 -0.58622366 -0.49250394 -0.57834953 -0.37556076 4.495473
-0.90346915 -1.3548048 -0.519807 4.521403 -1.213839 -1.5379466 -0.9316656 0.788322 0.0
-0.62452966 -0.6761394 -0.62236184 -0.6955612 -0.3012563 -0.5622143 -0.40272743 -0.49134177 4.25183
-0.6610631 -0.55707073 -0.5782082 -0.5488762 -0.339511 -0.6647274 -0.27076343 -0.37949723 4.1646442
-0.42806172 -0.51087946 -0.6930811 -0.67165667 -0.7359942 -0.49419633 -0.49934146 -0.39372346 4.319243
-1.4783301 -1.4363886 -0.21138643 0.3293362 -1.0852853 -1.4052069 0.005676076 4.060187 0.0
-0.68198276 -0.51377124 -0.595885 -0.60771275 -0.5881704 -0.5006029 -0.43407238 -0.63662684 4.48105
-0.63432866 -0.52276444 -0.5430803 -0.66992223 -0.24284431 -0.6587176 -0.64797896 -0.5899854 4.3144507
-0.49601746 -0.68834066 -0.59207106 -0.74878615 -0.3548349 -0.38591728 -0.64150417 -0.7032821 4.408435
3.7035775 -0.81278676 -0.36170277 -0.98666704 -1.1980171 -0.7941355 -0.18815582 -0.72284067 0.0
