-0.71755314 -0.54181296 -0.6356582 -0.9059068 4.810799 -0.6234843 -0.8018881 -0.8942023 0.0
-1.594302 -1.1064131 -1.0826906 -1.0718374 -1.0293403 -0.675333 -0.9824467 6.4804983 0.0
-0.55794287 -0.9220765 -0.63376296 -0.57429993 -0.94307035 -0.27692735 -0.63885653 -0.99144864 5.2280374
-0.72012764 -0.6828216 -0.61874425 -0.14015847 -0.46880105 -0.9537836 -0.62910837 -0.751927 4.9288344
-0.68988585 -0.5874404 -0.41883025 -0.53892595 -0.6140317 -0.5261879 -0.4039138 -1.2980111 4.8992133
-0.65426266 -1.1873859 -0.95910877 6.303597 -1.1270308 -1.5089254 -1.0524993 -1.0890256 0.0
-0.48100606 -0.9647006 -0.40776417 -0.7256602 -0.8946608 -0.4380484 -0.4622422 -0.63900405 4.7173257
-0.58102554 -0.5644814 -0.8544458 -0.79205585 -0.5875484 -0.75222236 -0.6285631 -0.36551085 4.8538957
-0.88824934 -0.39952716 -0.8525308 -0.39237073 -0.43460056 -0.79159117 -0.79252994 -0.4941956 4.852588
-1.2950681 -1.4711885 -0.7386963 6.2859387 -0.58044744 -1.510594 -1.5683124 -0.6735077 0.0
-0.57287234 -0.49517655 -0.8270025 -0.79800695 -0.50439495 -0.50855845 -0.47507808 -0.7479473 4.7163005
-0.7697525 -0.8713218 -0.879977 -0.46039167 -0.6926457 -0.45380214 -0.5227041 -0.56891024 4.876836
-0.82207865 -0.6841778 -0.8830976 -0.8362123 -0.15195447 -0.63022083 -0.60788614 -0.49569672 4.8002963
-1.170374 -1.3261913 -0.8084994 6.231295 -1.1398267 -1.1292255 -0.95423007 -0.6620947 0.0
-0.3417592 -0.90591943 -0.16178471 -0.68783724 -0.6666665 -0.29255208 -0.7168531 -0.54203546 4.3170376
-0.5104963 -0.84822243 -0.7178472 -0.34856462 -0.45831484 -0.6952557 -0.558358 -0.800517 4.568077
-0.22828355 -0.46527013 -0.95519835 -0.5147144 -0.782021 -0.84447134 -0.59818214 -0.48635542 4.6257024
-1.1646273 -1.1280662 -0.8390018 -0.5424076 -1.1604863 -0.873743 -0.6776309 5.670985 0.0
-1.110786 -0.6713667 -0.6630369 -0.49988958 -0.38873905 -0.37781814 -0.27163103 -0.53306055 4.535699
-0.31801128 -0.4192936 -0.8040661 -0.893946 0.032045923 -0.16719125 -0.5898247 -0.79860735 4.1847935
-0.83475244 -0.56619406 -0.89223 -0.7567637 -0.07449711 -0.56463873 -0.55082977 -0.29693565 4.479519
5.5685015 -1.0704896 -1.0414772 -0.8441336 -1.1081299 -0.81673926 -0.66387784 -1.1854347 0.0
