-0.064993896 -0.7276628 0.12950021 0.78099465 0.9035254 -0.25196892 -0.61807495 -0.043776892 0.0
-1.0093024 -1.4082286 -0.8954691 0.8552688 -1.219536 -0.548747 0.96215326 3.071798 0.0
-0.85221076 -0.7487051 -0.7042644 1.2096363 -0.92792743 -0.27622372 0.54440105 -1.0962785 3.3672683
-0.099572964 -1.0475283 0.6657577 1.4560374 0.14189361 -0.48883158 -0.6041077 -0.6559961 0.805634
-0.75937235 0.3867581 -0.035750017 0.2214935 -0.6212471 -0.8035149 -0.67343956 -0.842364 3.440214
-0.16477542 -1.3043301 0.5957821 2.5835483 -1.180868 -1.53596 0.36906767 0.38562864 0.0
0.05435871 -0.7471025 -0.95704144 -0.49756965 -0.09070212 -0.6871463 -0.6625114 -0.09201026 3.614874
-0.32441702 -0.4313339 -0.7051092 -0.7028272 -0.42188045 -0.8249525 -0.3134979 0.5784555 3.012222
-0.77177817 -1.0500468 -0.7606904 -0.031542465 -0.58414644 -0.68785745 -0.2866846 -0.2752228 4.1267314
-0.72483796 -1.0570046 1.8498107 2.093568 -1.2403522 -1.0565176 -1.0822126 0.79486114 0.0
-0.63948107 -0.44846532 -0.45515656 -0.45689183 -0.41486445 -0.2973055 -0.8682928 -0.42988938 3.5130918
-0.75706863 -0.88348234 -0.47002903 -0.44155827 -0.6964044 -0.72374785 -0.30292016 -0.39002502 4.1579003
-0.50020015 -0.51055974 -0.5343701 -0.7655432 -0.71864265 -0.65769976 -0.59562725 -0.48667994 4.057026
-0.4301008 -1.08565 0.06513188 2.3710403 -1.3352813 -1.6001709 -0.032811474 1.8211544 0.0
-0.5832936 -0.7676163 -0.51682323 -0.689372 -0.42778447 -0.6750356 -0.56092787 -0.4735101 4.11145
-0.68926495 -0.93663394 -0.72208303 -0.68361586 -0.286747 -0.867262 -0.6086884 -0.45047724 4.3149953
-0.6186044 -0.5883625 -0.44829702 -0.42797926 -0.9376612 -0.60206753 -0.42241076 -0.6763373 3.9530215
-1.188908 -1.094057 0.6328685 1.0696372 -0.7401359 -1.3767815 0.79175013 1.3550953 0.0
-0.6363446 -0.5855723 -0.6493191 -0.61701953 -0.39911595 -0.46167734 -0.41921765 -0.6899124 4.1314607
-0.7633455 -0.54195815 -0.6553409 -0.5258796 -0.42225155 -0.6416676 -0.39252767 -0.646897 4.2264915
-0.5318721 -0.983668 -0.70155257 -0.676944 -0.23183018 -0.49493572 -0.32329294 -0.61057425 4.036782
1.9448054 -1.0100586 0.2361887 -0.7114528 -0.6698671 -0.22723195 0.79480314 -0.4607175 0.0
