4.462834 -0.50012034 -0.29508168 -0.027519029 -0.20804922 -0.094707586 -0.659 -0.30900767 0.0
-1.1115648 -0.39102888 5.1238008 -0.046675958 -0.5405678 -0.44448543 -0.26334542 -0.52513015 0.0
-0.46243995 -0.1382587 -0.09070464 -0.0037495613 0.48495063 -0.3455759 -0.27361432 -1.0231209 3.2587674
-0.2413685 0.07572064 -0.5876402 -0.4381792 -0.017463196 -0.7219088 -0.08836326 -0.19668144 3.6405132
-0.19735992 -0.02307762 -0.19832584 -0.23417217 -0.15767986 0.07194517 0.40228626 -0.14647412 2.6770892
-0.054171782 -0.7164618 -0.29853696 -0.35327667 4.671977 -0.22216462 -1.0353479 -0.10587424 0.0
0.4658809 -0.51855654 0.26461303 -0.21389943 -0.62272817 -0.22952515 -0.5901147 -0.28543234 2.5162675
-0.17532912 0.18116938 -0.32876393 -1.0312508 -0.42685425 0.16068983 0.37877798 -0.25743088 2.747912
-0.34856415 -0.21216601 -0.2117128 -0.4325467 -0.22821397 -0.77761817 -0.14827335 -0.12072214 3.8234594
-0.39959702 -1.1999773 -0.27013358 -0.8175008 -0.37675834 -0.30352917 5.286801 -0.41757792 0.0
0.08993485 -0.065561235 -0.17079891 -0.3364102 -0.6570935 -0.32736096 -0.07141628 -0.6073185 2.9618266
0.10935989 -0.27989286 -0.20357983 0.096404515 -0.32391068 -0.35010284 -0.6686587 -0.7288886 3.0460968
0.25956574 -0.52620053 -0.15286845 -0.44621006 0.62936103 -0.3043032 -0.60726327 -1.0058882 3.219737
-0.9948395 -0.19109383 -0.6884824 -0.4401773 -0.853839 4.260686 -0.34984943 -0.33824405 0.0
0.3396198 -0.63572913 -0.7583174 -0.09797859 -0.07921774 0.045542788 -0.6073795 -0.054991566 3.0075862
-0.7846009 -0.04829965 0.1905321 -0.67437595 0.02410429 -0.3206187 -0.3750414 -0.28810066 3.454296
-0.029606432 -0.08170884 -0.113234356 0.045959122 -0.059060797 -0.31808934 -0.22075713 -0.4967773 2.7819502
2.4033499 -1.0974 -0.503077 0.24483702 0.88961774 0.65467703 -0.0023226133 -0.74026656 0.0
-0.3712953 -0.30210537 -0.3850979 0.13848418 -0.11053551 -0.08577895 -0.06988997 -0.05016925 2.8600469
-0.48093787 -0.37098095 0.30781886 -0.043037288 -0.32042134 0.06420859 -0.04220442 -0.65663 2.6185937
0.1398373 -0.17560841 -0.012658027 -0.100010365 -0.06317817 0.0037843294 -0.5275641 -0.33179975 2.6746044
-0.02294264 -0.55625474 -0.5132286 0.1492206 3.1356864 0.24220373 -0.015296703 -0.54872173 0.0
