4.3460655 -0.4768213 -0.2630977 -0.024883106 -0.17324224 -0.085850514 -0.6114441 -0.29527798 0.0
-1.0946994 -0.3391763 5.0930786 -0.045343567 -0.5069588 -0.3838795 -0.2537011 -0.52152854 0.0
-0.43952593 -0.10240729 -0.08844726 -0.003628369 0.4387632 -0.30552378 -0.25741267 -1.0196779 3.247946
-0.23434755 0.07062525 -0.58401716 -0.36929336 -0.014198179 -0.69618946 -0.07334837 -0.17842348 3.6189747
-0.17757244 -0.02061156 -0.17369166 -0.21520132 -0.1313688 0.069819406 0.3996201 -0.13201591 2.659919
-0.053953793 -0.6517778 -0.29748377 -0.30103716 4.6538706 -0.19463806 -1.0317948 -0.0807994 0.0
0.4383225 -0.5043595 0.25300875 -0.18946174 -0.5806748 -0.21921688 -0.5567713 -0.24764471 2.4625375
-0.1480851 0.1659078 -0.2881085 -1.0243816 -0.39142016 0.15849996 0.35723415 -0.24572848 2.7273757
-0.29745486 -0.16954575 -0.1939696 -0.42904335 -0.22773665 -0.7383819 -0.14562485 -0.1140945 3.8157601
-0.36776242 -1.1959584 -0.25049552 -0.8054368 -0.332479 -0.25009897 5.27395 -0.41605675 0.0
0.08718237 -0.06355595 -0.1316163 -0.2896781 -0.620612 -0.29764467 -0.0622307 -0.56749225 2.8596115
0.1074898 -0.27231076 -0.19503182 0.09563731 -0.30556935 -0.3170087 -0.63998556 -0.70175415 3.025517
0.2585702 -0.49605718 -0.1518842 -0.40688926 0.61708033 -0.2869652 -0.5967872 -0.9994291 3.2075992
-0.9752751 -0.17927852 -0.66154015 -0.4031238 -0.8267004 4.209488 -0.34263134 -0.29983115 0.0
0.31854537 -0.61744744 -0.72191393 -0.08326437 -0.06793562 0.042843547 -0.57069707 -0.035730798 2.9410434
-0.7737692 -0.037219428 0.17716189 -0.60081285 0.022233188 -0.27210692 -0.351492 -0.25610515 3.4097848
-0.021463698 -0.070884705 -0.082713164 0.04145428 -0.041269757 -0.27078232 -0.16892879 -0.45762432 2.6385045
2.399729 -1.084017 -0.49401155 0.2447925 0.8883861 0.65455794 -0.002258501 -0.73271567 0.0
-0.3416094 -0.26019147 -0.36993724 0.12807672 -0.09185306 -0.0641883 -0.05208377 -0.03276627 2.7697449
-0.44606623 -0.34529534 0.29957744 -0.039808284 -0.28238827 0.062141933 -0.03759852 -0.6185243 2.5672288
0.12765938 -0.16993715 -0.011959122 -0.06981382 -0.04063662 0.0034262098 -0.4761987 -0.285845 2.5743258
-0.02192092 -0.5102793 -0.50055426 0.14739719 3.1292462 0.24169296 -0.015266438 -0.51949763 0.0
