5.1710625 -0.17631605 -0.5569761 -0.7883538 -0.6750949 -0.34752154 -0.907826 -0.8391814 0.0
-0.9304022 -0.7687322 5.139793 -0.4114308 -0.64106286 -1.1341637 -0.004322857 -0.7921748 0.0
-0.32089737 -0.62357545 0.33023715 -0.2896661 0.39366516 -0.4930931 -0.647048 -0.07984455 2.6193871
0.30602416 -0.46196136 -0.02216118 -1.1639246 -0.2969837 -0.22629488 -0.69618064 -0.21461831 3.303259
-0.7540463 -0.4570028 -0.26887867 -0.17158738 -0.3005636 0.24035028 -0.60192937 -0.506342 3.2146552
-0.6815633 -1.303809 -1.067455 -0.7681815 5.251868 -0.37210307 -0.64452845 -0.74985355 0.0
0.97624576 -0.1823017 -0.38293818 -0.10599221 -0.7516373 -0.52837914 -0.434242 -0.6595108 2.6878374
0.03856956 -0.14672743 -0.78594023 -0.93809336 -0.64429384 -0.7186861 0.1201507 0.20093109 2.7905164
-0.57928765 -0.30524385 -0.5670667 -0.04461814 -0.18284921 -0.5715861 -0.29573414 0.036670815 3.0591598
-0.49944156 -0.6681642 -0.4670158 -0.7467465 -0.7455753 -1.0363517 4.4495826 -0.10709122 0.0
0.13968758 -0.1557633 -0.34427476 -0.31224108 -0.11465551 -0.21967389 -0.17130077 -0.4019894 2.6529849
-0.32583162 -0.41186246 -0.5011985 0.13747218 -0.05189874 -0.6104563 -0.61893153 -0.49683002 3.1596813
-0.45560083 -0.6430933 -0.50781286 -0.3807986 -0.38185388 -0.42508602 -0.29561466 -0.18201196 3.3869102
-1.09396 -0.08502998 -0.30262962 -0.5324168 -1.4136544 4.0904593 -0.40848467 -0.5782787 0.0
-0.56592625 -0.80907905 -0.20567766 -0.48857084 -0.29249004 0.014762777 -0.54740524 -0.28419533 3.3992813
-0.6042304 -0.11112958 -0.34513605 -0.9074266 0.15724608 -0.36992484 -0.0830193 0.050710972 2.7596405
-0.117189124 -0.40768793 -0.57519937 0.019796016 -0.81751513 -0.36012483 -0.6996927 -0.3376859 3.4198554
1.3128837 -1.2008125 -0.03143055 0.58458436 1.0618142 0.65029925 0.24302758 -0.44253895 0.0
-0.25533023 -0.78080183 -0.49226797 -0.18061624 -0.22814289 -0.43958166 -0.22175752 -0.574309 3.407178
-0.6475671 -0.42920893 -0.18729083 -0.4811519 0.0092299115 -0.42854092 0.012591128 -0.41222495 2.9649692
-0.3041291 -0.18497367 -0.3716491 -0.75684553 -0.9550804 -0.032003935 -0.2934945 -0.56825334 3.3690784
0.3504234 -0.61850995 -0.5190229 -0.2697471 2.9242504 0.5040961 -0.09613165 -0.6066477 0.0
