3.9967937 0.83402383 0.009677772 -0.58988106 0.2504845 0.79743207 -0.9168139 -0.84062415 0.0
-0.7705483 -0.46817952 3.858926 0.18059523 -0.07156087 -0.4932233 0.76444685 -0.47621882 0.0
-0.26064837 -0.23872748 0.46535963 -0.4760921 -0.102296315 -0.20939039 -0.29917717 -0.31385592 2.832767
-0.31485933 -0.34975138 -0.15249458 -0.54281944 0.10607765 -0.4785185 -0.3856217 -0.28848913 3.3558218
0.014010154 -0.12773341 -0.19468263 -0.4502418 -0.21036398 -0.28010085 -0.34188375 -0.45085987 3.5215085
0.65306723 -0.65192443 -0.12787715 -0.58785725 4.164446 -0.5616615 0.28970632 -0.5566725 0.0
-0.38048494 -0.2487639 -0.45887506 -0.3826564 0.08877714 -0.12267519 -0.019005464 -0.15927084 2.9955266
-0.4531848 0.0031505476 -0.17907418 -0.42622772 -0.18609482 -0.38435242 0.104962155 -0.14101925 2.5402856
-0.19480681 -0.29062033 -0.33647317 -0.29661748 -0.47777694 -0.2623204 -0.32472527 -0.35991573 3.20067
-0.32624015 -0.9207596 -0.35033482 -0.22822626 -0.15533966 -0.70722103 3.9876428 -0.07194249 0.0
-0.33866987 -0.52566004 -0.2986417 -0.2017274 0.14427842 -0.23272341 -0.07770287 -0.43004587 3.054266
-0.08337376 -0.53625464 -0.49062932 -0.37574488 -0.26907057 -0.3659854 -0.43825394 -0.087936334 3.2863314
-0.1019331 -0.42462564 -0.40843043 -0.31746915 -0.2792214 -0.29566792 -0.3660612 -0.34909984 3.3357768
-0.4980559 -0.31565824 0.14439796 -0.1426029 -0.14456911 1.994578 1.3194542 -0.17404719 0.0
-0.030659031 -0.34244397 -0.40797886 -0.6671774 0.076691225 -0.28584126 -0.6196946 -0.32118827 3.320864
-0.6314331 -0.3866995 -0.45008814 -0.37748668 -0.038393043 -0.1511737 -0.37789476 -0.288246 3.379899
-0.4337223 -0.35932034 -0.596064 -0.46070367 -0.15259217 -0.322574 -0.37050018 -0.37929747 3.5117052
0.38960007 -0.57000434 -0.04449476 0.3531644 2.0221505 1.0273365 -0.119354844 -0.4773305 0.0
-0.21152417 -0.5283103 -0.49413335 -0.61002606 -0.25997752 -0.30628622 -0.4243236 -0.5488696 3.3217988
-0.10278768 -0.109439105 -0.40786093 -0.5363658 -0.35053933 -0.16148534 -0.3248899 -0.49558002 3.0859914
-0.12765905 -0.30497885 -0.37448114 -0.4791376 -0.17941064 -0.09146234 -0.22305834 -0.4822412 3.278697
1.6798762 1.2303104 0.18752754 -0.4456385 1.0849515 0.91452307 0.8185447 -0.65214646 0.0
