4.521444 -0.51199657 -0.31221044 -0.02891615 -0.22764723 -0.099393465 -0.6837333 -0.3159944 0.0
-1.1199576 -0.41936627 5.138984 -0.047345757 -0.5579095 -0.47771263 -0.26822364 -0.5269114 0.0
-0.4741472 -0.16023707 -0.09183628 -0.0038106625 0.5094218 -0.36715958 -0.28195447 -1.0248193 3.264105
-0.2448994 0.07836031 -0.5894311 -0.476629 -0.019333834 -0.7349083 -0.09683667 -0.20633565 3.6511576
-0.20788628 -0.024396608 -0.21169302 -0.24410819 -0.17248844 0.07301461 0.40360448 -0.1541558 2.685578
-0.054279365 -0.75059724 -0.2990566 -0.38219923 4.680911 -0.2370974 -1.0371008 -0.12091698 0.0
0.48006672 -0.5256871 0.2705156 -0.22705033 -0.644519 -0.23477261 -0.60724264 -0.3060789 2.5431325
-0.1905102 0.18918344 -0.35081503 -1.0346473 -0.44516122 0.16166177 0.38984776 -0.26339066 2.7580726
-0.37683085 -0.2368948 -0.22102667 -0.43428084 -0.22844918 -0.7976785 -0.14959401 -0.12412227 3.827253
-0.4162526 -1.2019598 -0.28035098 -0.82350284 -0.40065247 -0.33384663 5.293135 -0.4183284 0.0
0.09132069 -0.06657087 -0.19414122 -0.36208603 -0.6758193 -0.34304795 -0.076419026 -0.62792337 3.0134573
0.110291846 -0.2837002 -0.20792143 0.09678424 -0.33333313 -0.36762634 -0.68322736 -0.7426202 3.0562727
0.26005694 -0.54169416 -0.15335503 -0.46692297 0.63549227 -0.31321263 -0.61248475 -1.0090816 3.2257257
-1.0046084 -0.1971885 -0.70213693 -0.45963413 -0.86751556 4.286105 -0.35345626 -0.35890412 0.0
0.3504926 -0.6449209 -0.77689403 -0.10614086 -0.085434645 0.046932332 -0.62628025 -0.06796399 3.0408776
-0.7899857 -0.054900218 0.19747446 -0.7137989 0.025081618 -0.34755695 -0.38719818 -0.30527347 3.4764097
-0.034676034 -0.08762318 -0.13213384 0.048351176 -0.07043491 -0.34429988 -0.2517908 -0.51724815 2.855385
2.405134 -1.104045 -0.5075979 0.24485883 0.89022446 0.65473604 -0.0023548193 -0.7440102 0.0
-0.3868302 -0.32513013 -0.3927827 0.14390963 -0.12107029 -0.09901652 -0.08075754 -0.061847225 2.905558
-0.49907854 -0.38430813 0.31195623 -0.044720378 -0.34096462 0.06525039 -0.04467253 -0.6762279 2.644243
0.14624666 -0.18547615 -0.013016675 -0.11932987 -0.078470334 0.0040427265 -0.5548264 -0.3570395 2.72775
-0.023462605 -0.58036715 -0.51958126 0.15012597 3.1389477 0.24238329 -0.01553026 -0.56369567 0.0
