2.9140584 2.7007444 0.9673895 -0.62343514 2.0444868 1.9846007 -0.7419674 -0.69295114 0.0
0.7607944 0.828135 1.6653972 0.31145912 1.4599103 0.58865666 1.1177154 -0.3536086 0.0
0.8553457 0.6314555 1.4986867 -0.7331201 0.4740842 -0.25122228 -0.37671724 -0.8640954 2.8796349
0.10337755 0.80669045 0.4771556 -0.4489326 1.3118942 0.055963997 -0.17056471 -0.51026475 3.4149318
0.42947766 0.8725777 0.60626495 -0.587337 0.9405533 -0.18151763 -0.15594554 -0.7709299 3.8124988
1.9265288 0.6968675 0.783174 -0.39113012 2.30819 0.44604453 1.0098296 -0.37965858 0.0
0.14322919 -0.5434581 -0.37592223 -0.52220905 1.3979149 -0.532126 0.12676172 -0.65418303 3.2870085
0.21284452 0.024989227 0.4788209 -0.1623254 -0.01439391 -0.4500905 0.1761483 -0.3474524 2.5744472
-0.04097099 -0.6161606 -0.29233804 -0.58068156 -0.6069434 -0.32493854 0.20213407 -0.72321963 3.8426254
0.84746426 -0.0332592 0.4218738 0.2588402 1.0118905 0.3619078 2.0391867 0.32867044 0.0
-0.8746431 -0.4408343 -0.7678082 -0.6534609 -0.51187027 0.2380929 -0.6411274 -0.95151454 3.689111
-0.59063506 -0.5120081 -0.4084828 -0.8970482 -0.7788674 -0.579277 -0.90914875 -0.8566983 3.83965
0.5961693 -0.39157352 -0.37091333 -0.5085629 -0.17438631 -0.8290496 -0.7063129 -0.82155365 3.7406847
0.9341636 1.2232186 0.70442206 0.43618864 0.52702004 1.6826541 0.44678232 0.026069233 0.0
0.08285492 -0.5757546 -0.39748996 -0.8519502 1.2344577 -0.75827277 -0.7466724 -0.85303587 3.638461
-0.88847095 -0.6834311 -1.0156896 -0.6942699 0.7001516 -0.86679906 -0.8405703 -1.0004207 3.7937274
-0.34329945 -0.8818828 -1.0138916 -0.9787282 -0.78955775 -0.9738897 -0.9025443 -1.0690607 3.8006995
1.2372142 0.5623436 0.9668478 0.14331971 1.378335 1.5736374 0.3077455 -0.30737248 0.0
1.0786312 -0.082376175 -0.26544434 -0.7478866 0.57387507 0.24579483 -0.8015114 -0.9318611 3.0552614
0.71120816 0.93636537 -0.8538288 -0.7763755 0.6819376 0.43808168 -0.53493446 -0.83262265 3.0798569
0.57651675 0.93970394 -0.67258304 -0.8014793 1.03204 0.6058941 -0.6984166 -0.8206908 3.3222265
1.6248102 1.648676 0.7289637 -0.31320924 1.8434584 1.46775 1.0156175 -0.4839786 0.0
