3.8168437 0.47252864 0.021533797 -0.8302522 0.16039844 0.65556604 -0.81888866 -0.74007267 0.0
-1.0566616 -0.8522401 4.657673 -0.25987995 -0.506792 -0.61191326 0.3528534 -0.59144264 0.0
-0.5106275 -0.28865725 0.4012347 -0.6785833 0.0047974098 -0.37055144 -0.25193265 -0.06321906 2.7537358
-0.22423306 -0.36437097 -0.032793853 -0.403921 -0.38443726 -0.7237987 -0.36442643 -0.2358297 3.303356
0.061494842 -0.09181851 -0.023265483 -0.2634592 -0.2576886 -0.35525808 -0.37630433 -0.23313853 2.9769816
0.22757536 -0.78059226 -0.4968781 -0.5140037 4.14434 -0.627121 0.34324947 -0.35132623 0.0
0.011206333 -0.026208814 -0.57183135 -0.4134741 -0.09078589 -0.26798055 0.0043663466 -0.4324902 2.807052
-0.18722558 -0.17518227 -0.01072618 -0.10766219 -0.34220788 -0.62053823 0.2979604 -0.507569 2.3293653
-0.11681752 -0.13235165 -0.5804037 0.026379503 -0.24765964 -0.18321231 -0.20100403 -0.44905344 2.8019605
-0.38015515 -1.0265174 -0.07008085 -0.092376776 -0.56793153 -0.57054156 3.909789 -0.29668164 0.0
-0.32201323 -0.33945793 -0.34573716 -0.2075148 -0.12981528 -0.31970662 -0.30389646 -0.20457515 2.9583702
-0.3803007 -0.38226822 -0.5614233 -0.61345065 -0.46408072 -0.12505782 -0.4067282 -0.20039755 3.3467803
-0.22643958 -0.39928585 -0.26885706 -0.21329299 -0.37616274 -0.23218195 -0.33628106 -0.18779096 3.1067488
-0.7602949 -0.40345913 0.12978624 -0.07658652 -0.3202588 2.5729945 0.48237267 -0.10085711 0.0
-0.28763384 -0.46716884 -0.4870278 -0.4723476 0.040959988 -0.09448592 -0.47524083 -0.1841384 3.1504781
-0.35800484 -0.47622746 -0.3268491 -0.5542396 -0.32714084 -0.28457665 -0.15971369 -0.22035372 3.320717
-0.48297533 -0.50801486 -0.73965496 -0.20604336 -0.404052 -0.27369308 -0.058705468 -0.39817858 3.4419365
0.8967706 -0.8504183 0.46290338 0.6617147 1.1612802 1.0434017 -0.33551854 -0.5333621 0.0
-0.28719494 -0.3809952 -0.5453336 -0.6128623 -0.19193904 -0.27227598 0.06123411 -0.4981683 3.2003183
-0.2709299 -0.0789094 -0.16897692 -0.61028814 -0.41398096 -0.4318424 -0.23465571 -0.56281835 3.1291366
-0.21192485 -0.20276637 -0.35903004 -0.37655327 -0.36400524 0.23094667 -0.22004986 -0.24620962 2.923572
1.1369021 0.4537912 0.41061175 -0.40510628 1.6596234 0.60245186 0.675939 -0.40871453 0.0
