4.509878 -0.50964326 -0.3087717 -0.028636431 -0.22366029 -0.098455764 -0.6788062 -0.3146106 0.0
-1.118305 -0.41364673 5.136 -0.04721352 -0.55446213 -0.4710005 -0.26725897 -0.52656126 0.0
-0.471826 -0.15566441 -0.09161303 -0.0037985905 0.5045229 -0.3628193 -0.28029755 -1.0244856 3.2630568
-0.24420226 0.07783501 -0.58907914 -0.46882492 -0.018951528 -0.7323382 -0.095111854 -0.20440397 3.6490657
-0.20577674 -0.0241319 -0.20900014 -0.24212515 -0.16947617 0.07280344 0.40334535 -0.15261687 2.6839097
-0.05425823 -0.7437709 -0.2989545 -0.37634143 4.679156 -0.23408927 -1.0367565 -0.11780511 0.0
0.47724852 -0.52427965 0.26934662 -0.2244068 -0.64018226 -0.23373318 -0.6038418 -0.3019119 2.5378368
-0.18743032 0.1875829 -0.3463732 -1.0339798 -0.44150686 0.1614705 0.3876496 -0.26221 2.7560751
-0.37110755 -0.23182407 -0.21916671 -0.43393987 -0.22840297 -0.79370034 -0.14933383 -0.12344738 3.8265083
-0.41292945 -1.2015704 -0.2783154 -0.8223211 -0.39584583 -0.32766634 5.2918916 -0.41818097 0.0
0.09104698 -0.066371456 -0.18932132 -0.35689637 -0.6721019 -0.3399106 -0.0754102 -0.62382436 3.0032513
0.11010827 -0.28294876 -0.20706196 0.09670958 -0.3314622 -0.36411884 -0.6803459 -0.7399045 3.054273
0.25996047 -0.53861725 -0.1532594 -0.46278283 0.634284 -0.31144345 -0.6114563 -1.008454 3.2245493
-1.0026833 -0.19597702 -0.6994354 -0.45574826 -0.8648137 4.281103 -0.35274532 -0.3547518 0.0
0.34833124 -0.6431061 -0.77321196 -0.1044869 -0.0841771 0.04665627 -0.6225243 -0.06519735 3.0343134
-0.78892577 -0.053537305 0.19609207 -0.7058829 0.024886705 -0.3420968 -0.3847812 -0.30182388 3.4720573
-0.033616982 -0.08642951 -0.12819135 0.047872033 -0.068042204 -0.33899036 -0.24537408 -0.51316446 2.8408172
2.4047835 -1.1027374 -0.50670725 0.24485454 0.8901053 0.65472424 -0.0023484624 -0.7432738 0.0
-0.38373044 -0.3204765 -0.39126217 0.14282817 -0.11892631 -0.09626671 -0.07849916 -0.059359092 2.896567
-0.4954645 -0.3816549 0.3111397 -0.0443849 -0.33683103 0.06504456 -0.04417696 -0.6723354 2.639188
0.14496583 -0.1834965 -0.012945482 -0.1152649 -0.07520276 0.0039465195 -0.54936624 -0.3519385 2.7172518
-0.02335962 -0.5755531 -0.518328 0.1499478 3.1383214 0.24233386 -0.015484135 -0.56072444 0.0
