3.8768015 -0.38810018 -0.16029365 -0.016108612 -0.078508034 -0.05618166 -0.44253507 -0.2426898 0.0
-1.0248302 -0.18344331 4.9626684 -0.04001738 -0.38427874 -0.20377462 -0.21597548 -0.50627375 0.0
-0.3529654 -0.027915986 -0.07933462 -0.0031487856 0.28479952 -0.17945682 -0.19568974 -1.0049607 3.2015424
-0.20632239 0.052282564 -0.5686435 -0.1763457 -0.0058006323 -0.5953174 -0.03278703 -0.11714857 3.527525
-0.11251604 -0.012650798 -0.09793305 -0.14942731 -0.059666783 0.061344553 0.38832152 -0.08427553 2.5871112
-0.053023543 -0.43320858 -0.29298335 -0.15076712 4.5765805 -0.10991154 -1.0166085 -0.025080236 0.0
0.33689722 -0.44744682 0.20849225 -0.09357823 -0.42940366 -0.17978509 -0.43203518 -0.13407804 2.2399426
-0.071367055 0.11346069 -0.16289182 -0.9952732 -0.27060714 0.15024982 0.27745175 -0.20102927 2.640544
-0.14991605 -0.0642747 -0.13292302 -0.4142541 -0.22568934 -0.5905392 -0.13473098 -0.08941803 3.7827318
-0.25698492 -1.1787776 -0.18083914 -0.755401 -0.19374166 -0.10828489 5.2188816 -0.40955874 0.0
0.07624002 -0.055583626 -0.042611446 -0.15179543 -0.4850204 -0.19735055 -0.034328718 -0.42346603 2.4578102
0.09978207 -0.24188313 -0.16207413 0.092397444 -0.2375991 -0.2064666 -0.52970624 -0.59578973 2.9383326
0.25431967 -0.38455498 -0.14771104 -0.27320984 0.5667911 -0.22277443 -0.5536264 -0.9720401 3.1557693
-0.89519083 -0.1361076 -0.556864 -0.27577558 -0.71915925 3.9956396 -0.31316003 -0.17813261 0.0
0.24159199 -0.5444108 -0.58383083 -0.041210342 -0.034973264 0.03291195 -0.43615294 -0.005503981 2.6705253
-0.7287326 -0.012049239 0.12940861 -0.36486816 0.015685186 -0.13391219 -0.2656734 -0.15402414 3.2242827
-0.0053291665 -0.038359974 -0.021223204 0.026550848 -0.008729703 -0.13502647 -0.05305889 -0.32106492 2.1003103
2.3841727 -1.0281327 -0.45673943 0.24460073 0.8830937 0.6540448 -0.0020015675 -0.7010174 0.0
-0.2383883 -0.13646196 -0.31107032 0.09140783 -0.04125311 -0.018129688 -0.014578845 -0.005162388 2.4118862
-0.32231852 -0.25332367 0.26647612 -0.028427545 -0.1636075 0.053960774 -0.022823893 -0.47785965 2.356977
0.08613656 -0.10685245 -0.009359108 -0.014703562 -0.005989121 0.0022303013 -0.30597976 -0.15009715 2.167329
-0.018008541 -0.35160863 -0.449366 0.13978364 3.1014812 0.23950209 -0.0133668175 -0.4102088 0.0
