4.4327965 -0.4940807 -0.28658566 -0.026822396 -0.19857337 -0.09236893 -0.64654887 -0.3054515 0.0
-1.1072447 -0.3771172 5.115958 -0.046332948 -0.531803 -0.4281998 -0.26085493 -0.52421045 0.0
-0.4564935 -0.12808779 -0.0901243 -0.0037183175 0.4727464 -0.334904 -0.2693939 -1.022243 3.2560077
-0.23956066 0.07438913 -0.5867154 -0.4195055 -0.01656675 -0.71526974 -0.08427105 -0.19186185 3.6350155
-0.19212098 -0.022422962 -0.1917397 -0.2291879 -0.15051831 0.07139771 0.40160558 -0.14264855 2.6727052
-0.054116175 -0.6994037 -0.2982684 -0.33917156 4.6673594 -0.21480611 -1.0344418 -0.0988344 0.0
0.45870227 -0.51490325 0.2616081 -0.20739244 -0.6117376 -0.2268548 -0.581438 -0.27529523 2.5024729
-0.1679498 0.1771547 -0.31789672 -1.0294969 -0.41767386 0.16018893 0.37317106 -0.25439864 2.7426667
-0.33477145 -0.2003922 -0.20704594 -0.43165174 -0.2280923 -0.76743186 -0.14759426 -0.11899856 3.821497
-0.39123747 -1.1989524 -0.264991 -0.8144113 -0.36495218 -0.2889284 5.283525 -0.41719 0.0
0.0892257 -0.0650446 -0.15983543 -0.3238395 -0.6476039 -0.3195231 -0.068956 -0.5969181 2.9354496
0.10888053 -0.277942 -0.2013679 0.09620853 -0.31913772 -0.3413609 -0.6612365 -0.72187984 3.0408418
0.25931183 -0.51835424 -0.15261716 -0.4358498 0.6262103 -0.2997907 -0.60457784 -1.0042391 3.216641
-0.9898197 -0.1880129 -0.6815184 -0.43042973 -0.8468438 4.247587 -0.34799674 -0.32801864 0.0
0.33412394 -0.6310223 -0.74887544 -0.094001874 -0.07617851 0.044839643 -0.59781957 -0.04927672 2.9904962
-0.78182787 -0.045199398 0.1870343 -0.6548283 0.02361335 -0.30750135 -0.36889842 -0.2795923 3.4429042
-0.027279152 -0.078805044 -0.10453373 0.044767488 -0.05391104 -0.30531147 -0.20621954 -0.48649934 2.7446861
2.4024272 -1.0939759 -0.5007524 0.24482562 0.8893039 0.6546475 -0.0023061142 -0.7383361 0.0
-0.3634991 -0.2908316 -0.3811788 0.13575612 -0.10544573 -0.07963413 -0.064849176 -0.045014627 2.836769
-0.4718066 -0.36426374 0.30569857 -0.04219093 -0.3102758 0.0636758 -0.040980566 -0.6467081 2.6054149
0.13663004 -0.17070735 -0.012476251 -0.09126665 -0.056467034 0.0036897236 -0.51398003 -0.3194402 2.647489
-0.022677997 -0.54416716 -0.5099704 0.14875406 3.134037 0.24207363 -0.015177177 -0.5411266 0.0
