3.8148046 -0.37697458 -0.14944759 -0.01514818 -0.07018929 -0.052912958 -0.4227722 -0.23605743 0.0
-1.0153292 -0.16817077 4.9445252 -0.03931728 -0.36952534 -0.18631561 -0.21111913 -0.5041559 0.0
-0.3421958 -0.023219418 -0.078125514 -0.0030863567 0.26792157 -0.16645004 -0.18853885 -1.0028996 3.195063
-0.20264372 0.050107185 -0.5665055 -0.15883648 -0.0051102587 -0.58229905 -0.029255893 -0.110384375 3.5147996
-0.105486915 -0.011807103 -0.09030997 -0.14191854 -0.05336144 0.060233437 0.3867519 -0.079094045 2.5769923
-0.052893482 -0.40890664 -0.2923534 -0.13671722 4.56577 -0.10137813 -1.0144821 -0.021249615 0.0
0.32459936 -0.43994182 0.20286925 -0.08690857 -0.41147664 -0.17481826 -0.41698083 -0.122933045 2.210693
-0.06436418 0.10752756 -0.1502713 -0.9912299 -0.2568706 0.14913215 0.26771826 -0.19540712 2.628507
-0.136067 -0.056027055 -0.12600864 -0.41220716 -0.22540173 -0.57219034 -0.13325956 -0.08639135 3.7780907
-0.24429111 -1.1763713 -0.17270043 -0.7485898 -0.17949732 -0.09618717 5.2111526 -0.40864944 0.0
0.0748093 -0.054541185 -0.036320113 -0.13853534 -0.4684184 -0.18621385 -0.031558607 -0.40630582 2.405838
0.098739 -0.23786859 -0.15789066 0.09194885 -0.22930104 -0.19432338 -0.51574147 -0.58217114 2.9262254
0.2537251 -0.37096682 -0.14713106 -0.2582534 0.56002676 -0.21494517 -0.5477877 -0.96823347 3.148519
-0.88442343 -0.13091081 -0.54347783 -0.26136726 -0.70514154 3.9663343 -0.3092071 -0.16548873 0.0
0.23233417 -0.53481585 -0.56658095 -0.037307028 -0.0318378 0.03170807 -0.41989452 -0.0042202636 2.6343906
-0.7225872 -0.010270104 0.12379003 -0.34002888 0.01493053 -0.121131636 -0.25536996 -0.14333896 3.1989164
-0.0043740375 -0.03516887 -0.017501213 0.024930058 -0.0070034335 -0.12236783 -0.045030784 -0.3053796 2.03378
2.381984 -1.0204763 -0.4517071 0.24457368 0.8823489 0.65397185 -0.0019677128 -0.69665295 0.0
-0.22656971 -0.124556415 -0.30354667 0.08715251 -0.03683489 -0.0151558565 -0.012171838 -0.0039711054 2.3652391
-0.30785275 -0.24247472 0.2621053 -0.027106378 -0.15145482 0.05289544 -0.021268515 -0.46075264 2.3287098
0.08147699 -0.09984813 -0.009040474 -0.011788706 -0.0045633647 0.0020989638 -0.28743437 -0.13702556 2.115206
-0.017515244 -0.3335794 -0.44257098 0.1387406 3.0975807 0.23919433 -0.013118235 -0.39674544 0.0
