3.862211 0.9379258 -0.04139668 -0.6536672 0.4672222 0.8850847 -0.80952775 -0.7967697 0.0
-0.657555 -0.40812594 3.738842 0.24871422 0.09304441 -0.4755007 0.7502856 -0.5251208 0.0
-0.20831038 -0.25013006 0.46454147 -0.53996813 -0.08938541 -0.3523797 -0.2953223 -0.3360334 2.9425867
-0.24726808 -0.23813361 -0.07455961 -0.37851533 0.060344916 -0.46954867 -0.39090028 -0.36445755 3.297142
0.036846325 0.0048133247 -0.20158601 -0.4529036 -0.1768049 -0.20928803 -0.34111935 -0.5498824 3.5525792
0.78352016 -0.6125575 -0.15550505 -0.52241004 4.0769014 -0.4706582 0.36935925 -0.61400074 0.0
-0.3139788 -0.40229464 -0.46631458 -0.3403342 0.15022063 -0.16203195 -0.016086755 -0.3644438 3.1170223
-0.4543233 -0.16180731 -0.16333109 -0.45672902 -0.19865932 -0.44772688 0.069087565 -0.20939544 2.7154007
-0.22220525 -0.3144937 -0.32069004 -0.34762555 -0.28371197 -0.21929853 -0.2910398 -0.31764913 3.186232
-0.2658507 -0.7237504 -0.3226325 -0.25173625 -0.015474721 -0.63411367 3.846689 -0.1536607 0.0
-0.4301513 -0.44450957 -0.37096646 -0.35475045 0.1375394 -0.18761532 -0.09455208 -0.39038646 3.1528473
-0.08734477 -0.33446386 -0.35077807 -0.3759158 -0.3610952 -0.48042548 -0.40855506 -0.20528172 3.306299
-0.039539438 -0.49430433 -0.44733626 -0.19165328 -0.27281195 -0.16861027 -0.4377453 -0.3392476 3.3377397
-0.42075983 -0.097850166 0.24501269 -0.14046457 -0.032673616 1.7586706 1.3466297 -0.16632152 0.0
-0.09080896 -0.40702832 -0.3214681 -0.6429343 0.16744204 -0.47385332 -0.51712203 -0.28431624 3.3340518
-0.49696288 -0.39565942 -0.35029224 -0.35714358 -0.052882448 -0.17552735 -0.44851047 -0.40207136 3.4067042
-0.3955983 -0.35100403 -0.6914676 -0.5375264 -0.13577333 -0.34212142 -0.36415407 -0.44838604 3.5726335
0.49698544 -0.57938254 0.04617446 0.16495906 2.0935326 1.0070059 -0.06811944 -0.4584736 0.0
-0.093887605 -0.5405953 -0.3890595 -0.5592784 -0.2979196 -0.31528035 -0.33424932 -0.57982934 3.2490816
-0.08501027 -0.16325295 -0.4864433 -0.504749 -0.35916442 -0.13017859 -0.37789842 -0.53280956 3.130306
-0.09617004 -0.26786467 -0.48508254 -0.49051544 -0.1901203 -0.10539636 -0.16718718 -0.45895952 3.314432
1.9012663 1.246649 0.14002378 -0.5513104 1.0732602 0.9828175 0.8004988 -0.6589815 0.0
