4.5556774 -0.5189895 -0.32255986 -0.02975576 -0.23980352 -0.10220683 -0.69845045 -0.32010472 0.0
-1.1248381 -0.4366707 5.147782 -0.047737308 -0.56818587 -0.4980371 -0.27108458 -0.52794385 0.0
-0.48104897 -0.17449382 -0.09249685 -0.0038464337 0.5241251 -0.3802433 -0.28689066 -1.0258025 3.2671947
-0.24696395 0.0799278 -0.5904688 -0.50037014 -0.020504799 -0.74252903 -0.10209882 -0.21213017 3.6573253
-0.21422426 -0.025193026 -0.21982537 -0.2500422 -0.18167202 0.073640026 0.40436852 -0.15877791 2.6904976
-0.05434165 -0.7710642 -0.29935735 -0.39998186 4.686084 -0.246181 -1.0381155 -0.130564 0.0
0.4884626 -0.5298536 0.27398726 -0.23501644 -0.65746045 -0.2378603 -0.6173685 -0.3186854 2.5587928
-0.19987549 0.19397607 -0.36422756 -1.0366158 -0.4560984 0.16222627 0.39639324 -0.26689833 2.7639632
-0.3942004 -0.25247738 -0.22659561 -0.4352865 -0.22858524 -0.8095092 -0.15036279 -0.12613109 3.829448
-0.42619413 -1.2031072 -0.2864319 -0.82699233 -0.4151472 -0.35272852 5.296801 -0.41876286 0.0
0.09213147 -0.06716155 -0.20905586 -0.37780902 -0.68688565 -0.35245526 -0.07946845 -0.64015055 3.0437148
0.1108342 -0.2859246 -0.2104731 0.09700443 -0.33890396 -0.37815174 -0.69037217 -0.7506754 3.0619533
0.26034135 -0.55085695 -0.15363702 -0.47933042 0.6390636 -0.31848088 -0.61552346 -1.0109322 3.2291927
-1.0102991 -0.20079951 -0.7101529 -0.47126976 -0.8755209 4.3008685 -0.3555582 -0.37141538 0.0
0.35693523 -0.65029466 -0.7878388 -0.111164294 -0.089247525 0.04775476 -0.6374724 -0.07680811 3.0602913
-0.7931152 -0.059117552 0.20160194 -0.73762757 0.025664471 -0.36414507 -0.39440382 -0.31566155 3.4892573
-0.037991434 -0.09123441 -0.14445849 0.049790073 -0.07797827 -0.36042115 -0.27167332 -0.5294628 2.898723
2.4061656 -1.1079048 -0.5102298 0.2448717 0.8905753 0.6547702 -0.002373639 -0.74618286 0.0
-0.39610395 -0.3392285 -0.39729452 0.14714187 -0.12760988 -0.10757649 -0.08779051 -0.06979328 2.9321973
-0.5098743 -0.39222854 0.31437314 -0.04572305 -0.3534329 0.0658603 -0.046164252 -0.6878216 2.6591845
0.15008424 -0.19143012 -0.013228594 -0.13214774 -0.0889361 0.0116396565 -0.5712214 -0.37249273 2.7559788
-0.023768516 -0.594778 -0.52328914 0.15065183 3.140793 0.2425289 -0.015666889 -0.57253665 0.0
