4.408412 -0.48920122 -0.27982685 -0.026266403 -0.19115286 -0.090501346 -0.63655245 -0.30257702 0.0
-1.1037285 -0.36612025 5.109561 -0.046054628 -0.5247484 -0.41533914 -0.25883803 -0.5234605 0.0
-0.45169288 -0.120335065 -0.08965301 -0.0036929885 0.46300492 -0.32643077 -0.26599464 -1.0215263 3.2537553
-0.23809396 0.07331883 -0.5859609 -0.40484196 -0.015868602 -0.70989186 -0.08106877 -0.18801242 3.6305308
-0.1879445 -0.021901954 -0.18652181 -0.22519505 -0.14490947 0.07095359 0.40105036 -0.13959761 2.66913
-0.0540708 -0.6857708 -0.29804915 -0.32806718 4.663591 -0.20897584 -1.0337023 -0.09343115 0.0
0.45292032 -0.5119381 0.2591788 -0.2022238 -0.60290384 -0.22469643 -0.574445 -0.26728147 2.4912603
-0.16215208 0.17394105 -0.309286 -1.0280664 -0.41032112 0.15978096 0.36865252 -0.25194824 2.73839
-0.3239093 -0.1912593 -0.20331001 -0.43092203 -0.22799295 -0.7592101 -0.14704187 -0.11760889 3.819895
-0.38453844 -1.198116 -0.2608627 -0.81189644 -0.3555824 -0.27752247 5.28085 -0.41687334 0.0
0.08865058 -0.06462558 -0.15140195 -0.3139191 -0.6399538 -0.31325972 -0.067009054 -0.58855444 2.914079
0.10849052 -0.27635854 -0.19957888 0.096048735 -0.315291 -0.3343817 -0.65523475 -0.71620476 3.0365562
0.25910458 -0.5120318 -0.15241219 -0.42756522 0.6236483 -0.2961542 -0.602393 -1.002894 3.2141144
-0.9857381 -0.185533 -0.675882 -0.4226273 -0.8411722 4.2369175 -0.34649068 -0.31989503 0.0
0.32970056 -0.6272033 -0.74125 -0.09087306 -0.0737823 0.044273317 -0.590122 -0.045050185 2.9766088
-0.77957 -0.042814568 0.18422468 -0.6392812 0.02321973 -0.29718402 -0.36395502 -0.27282843 3.4336271
-0.02551393 -0.07650952 -0.09792296 0.043816984 -0.050038017 -0.29525432 -0.19505493 -0.4782613 2.7146208
2.401674 -1.0911869 -0.49886155 0.2448165 0.8890477 0.6546223 -0.0022927239 -0.7367629 0.0
-0.35725194 -0.28193435 -0.37800702 0.13356751 -0.10146179 -0.07498165 -0.06100141 -0.04119786 2.8178976
-0.46447614 -0.3588668 0.30397752 -0.04151191 -0.3022264 0.06324388 -0.040007144 -0.6387145 2.594699
0.13406464 -0.16680518 -0.0123297 -0.08469224 -0.051515236 0.0036142 -0.50314295 -0.3096855 2.6255453
-0.022464084 -0.5344881 -0.5073244 0.14837405 3.1326897 0.24196729 -0.015080233 -0.53500044 0.0
