5.4247546 -0.64354646 -0.5848993 -0.6240115 -0.6298249 -0.35543284 -0.81601167 -0.6874334 0.0
-1.2170336 -0.71280235 5.488082 -0.34490377 -0.41061628 -1.0745305 -0.3186568 -0.70847714 0.0
-0.33867127 -0.7469768 0.29914847 -0.3310435 0.49359384 -0.3200197 -0.56416404 -0.23752232 2.6542656
0.34803057 -0.29713094 -0.25337073 -1.1381694 -0.41056874 -0.5978152 -0.50789356 -0.19429037 3.5041518
-0.6436507 -0.43655115 -0.49457383 -0.036296926 -0.41503087 0.39307243 -0.5148332 -0.24407998 3.08251
-0.3609656 -1.2391338 -0.9692563 -0.7015599 4.9074397 -0.4113276 -0.6369431 -0.5342002 0.0
0.71572995 -0.09543721 0.27386376 -0.44763348 -0.4939568 -0.5691328 -0.5918272 -0.7172068 2.5277882
-0.22291224 0.15036656 -0.79215544 -0.9010031 -0.65373117 -0.7302109 0.06338622 -0.033711705 2.9316225
-0.7117794 -0.7258623 -0.21864487 -0.053439952 0.1521258 -0.5940779 -0.33818865 0.038544532 2.8588855
-0.48309526 -0.82820064 -0.42893317 -0.6869715 -0.80109257 -0.97563684 4.5638037 -0.017571554 0.0
0.37092918 -0.16200076 -0.37793627 -0.68378264 -0.31504956 0.1076317 -0.1250964 -0.5453716 2.7145455
0.050933488 -0.28886864 -0.02147438 0.26890716 -0.10658219 -0.93576056 -0.3966531 -0.7163796 2.8253524
-0.051127933 -0.4510354 -0.73723245 -0.3718157 -0.20096684 -0.41748035 -0.30288804 -0.23209304 3.1086078
-0.84264195 -0.23097154 -0.5860905 -0.7490849 -1.5097308 4.452804 -0.37336004 -0.7608871 0.0
-0.33760044 -0.9558689 -0.5463594 -0.28592405 -0.039490033 0.22251347 -0.4055392 -0.37065774 3.2650502
-0.28024206 -0.13813645 -0.555892 -1.0781314 0.26615292 -0.7554513 -0.25681394 -0.44418585 3.2159865
0.009507643 -0.60034275 -0.7377708 0.2931597 -0.6446909 -0.56312513 -0.8330908 -0.3647755 3.3855522
1.4062026 -1.0494044 -0.098515816 0.73302937 1.1119156 0.5570749 -0.062990084 -0.5108815 0.0
-0.49667847 -0.6007085 -0.1973833 0.27685872 -0.4345614 -0.18601437 -0.4747907 -0.5614959 3.072282
-0.771521 -0.5153797 0.051961064 -0.6394901 -0.20822889 -0.39432588 -0.29101175 -0.26225576 3.2082717
-0.14130254 -0.30589423 -0.17464128 -0.8462378 -0.91703033 -0.09178585 -0.38410434 -0.71799976 3.4377751
0.006330749 -0.8789191 -0.50657237 -0.26620126 3.0713983 0.36087897 0.09766199 -0.43809155 0.0
