4.3961005 -0.4867458 -0.27646104 -0.025988925 -0.18749692 -0.08956893 -0.6315434 -0.30113006 0.0
-1.10195 -0.36066756 5.106321 -0.045914162 -0.5212076 -0.40896678 -0.25782144 -0.5230807 0.0
-0.4492781 -0.11658482 -0.08941501 -0.0036802124 0.45814282 -0.32221693 -0.26428768 -1.021163 3.252614
-0.23735379 0.07278207 -0.5855788 -0.39760402 -0.0155259175 -0.7071808 -0.07949184 -0.1860903 3.6282597
-0.18586177 -0.021642433 -0.18393067 -0.22319727 -0.14214586 0.070729494 0.40076914 -0.13807574 2.6673195
-0.05404781 -0.6789607 -0.29793805 -0.3225765 4.661681 -0.20608045 -1.0333276 -0.09080517 0.0
0.4500168 -0.5104414 0.25795576 -0.19965258 -0.59847397 -0.22361 -0.5709318 -0.26330778 2.4855955
-0.15928927 0.1723339 -0.30500957 -1.027342 -0.4066428 0.15957455 0.36638254 -0.25071493 2.7362242
-0.3185372 -0.18678857 -0.20144159 -0.43055254 -0.22794263 -0.7550754 -0.1467626 -0.11691053 3.8190827
-0.38118592 -1.1976922 -0.25879428 -0.8106241 -0.350924 -0.27191228 5.279495 -0.4167129 0.0
0.08836041 -0.06441418 -0.14729707 -0.30900586 -0.6361098 -0.31013113 -0.066043 -0.584359 2.9033043
0.10829333 -0.2755592 -0.19867796 0.09596783 -0.31335846 -0.33089784 -0.65221274 -0.71334463 3.0343857
0.25899962 -0.5088555 -0.15230839 -0.4234252 0.6223533 -0.2943274 -0.6012883 -1.0022129 3.2128344
-0.98367524 -0.18428822 -0.6730421 -0.41872576 -0.8383113 4.2315183 -0.34572962 -0.31585336 0.0
0.3274803 -0.62527597 -0.7374136 -0.08932661 -0.07259627 0.043988924 -0.5862572 -0.043047242 2.9695926
-0.7784277 -0.041653767 0.18281633 -0.6315402 0.023022672 -0.29208574 -0.36147404 -0.2694617 3.4289331
-0.024662899 -0.07537128 -0.094732076 0.043342795 -0.048181534 -0.29028222 -0.18962666 -0.474138 2.699505
2.401292 -1.0897756 -0.49790567 0.24481182 0.88891774 0.65460944 -0.0022859646 -0.7359666 0.0
-0.35412574 -0.27752763 -0.37640905 0.13247137 -0.099499606 -0.07279951 -0.059138335 -0.039387655 2.808381
-0.46080312 -0.3561612 0.30310863 -0.041171826 -0.29822525 0.06302602 -0.03952246 -0.6346996 2.589283
0.13278241 -0.16486098 -0.012256057 -0.0815414 -0.049172327 0.0035765013 -0.49773604 -0.3048539 2.61449
-0.022356402 -0.52964664 -0.5059881 0.14818177 3.132007 0.24191341 -0.015031325 -0.531921 0.0
