4.6542544 -0.5393542 -0.35382345 -0.032272566 -0.27792948 -0.11062847 -0.74195135 -0.33205992 0.0
-1.1388022 -0.48974106 5.172829 -0.048865966 -0.5983828 -0.56051916 -0.27936888 -0.53088427 0.0
-0.5011821 -0.22219545 -0.09439709 -0.0039497656 0.5681871 -0.41995075 -0.30137035 -1.0152406 3.2627988
-0.2529169 0.08454758 -0.59342337 -0.57283545 -0.024225803 -0.76458424 -0.118630685 -0.22946893 3.6748323
-0.23327492 -0.027596517 -0.24463345 -0.26767325 -0.21046565 0.07544385 0.40654948 -0.17265788 2.704497
-0.05451878 -0.8322184 -0.30021247 -0.45505306 4.700792 -0.27388576 -1.0409995 -0.16231103 0.0
0.51309 -0.5418558 0.28408152 -0.2591671 -0.6956085 -0.24684352 -0.64702636 -0.35734117 2.6037567
-0.22901908 0.20824337 -0.40512997 -1.0422218 -0.4886114 0.16383882 0.41556782 -0.27710664 2.7807467
-0.4479494 -0.30247155 -0.24316965 -0.43815273 -0.044575743 -0.8440395 -0.15256569 -0.1320091 3.6581635
-0.45570907 -1.2063692 -0.30441052 -0.8369742 -0.45918128 -0.4122955 5.3072143 -0.41999814 0.0
0.094471365 -0.06886621 -0.25787717 -0.42622232 -0.71927875 -0.3805701 -0.088796586 -0.67615175 3.1312428
0.11238762 -0.29233116 -0.21788411 0.09763192 -0.35522097 -0.4096793 -0.43412834 -0.77400887 3.033129
0.26115 -0.57770544 -0.15443997 -0.51635283 0.6493067 -0.33391488 -0.624228 -1.0162016 3.2390509
-1.0266224 -0.21140812 -0.7333979 -0.5059075 -0.89863914 4.3430367 -0.3615903 -0.40933034 0.0
0.37586507 -0.6657866 -0.819738 -0.12674358 -0.10101355 0.050167322 -0.67032653 -0.108638294 3.1160543
-0.8020627 -0.07292172 0.2137871 -0.809647 0.027392752 -0.4156308 -0.41558486 -0.3470931 3.5259717
-0.049216677 -0.102308035 -0.18601452 0.05410915 -0.104047015 -0.41037428 -0.33701172 -0.56570816 3.0253377
2.4090958 -1.1189301 -0.5177721 0.24494325 0.8912983 0.65486676 -0.0024278602 -0.7523823 0.0
-0.42364123 -0.38263416 -0.41037974 0.15671206 -0.14814286 -0.13608675 -0.11124157 -0.09830864 3.0091283
-0.5417901 -0.41559872 0.32133308 -0.048691604 -0.39133778 0.067621954 -0.050672397 -0.72180825 2.7020419
0.16152778 -0.20938055 -0.0138487825 -0.1764707 -0.12681688 0.012611482 -0.6204163 -0.4200626 2.8464367
-0.02465833 -0.63763845 -0.53395474 0.15215401 3.146035 0.2429425 -0.016061127 -0.5983821 0.0
