3.8294182 0.5546934 0.12980884 -0.7845478 0.07963342 0.56348985 -0.7688001 -0.7227378 0.0
-0.96085435 -0.79195607 4.394696 -0.09203391 -0.41681844 -0.6746184 0.52025896 -0.49885848 0.0
-0.5183294 -0.34138525 0.26100782 -0.59239024 0.080298066 -0.34299418 -0.25354156 -0.11132649 2.8328621
-0.1976936 -0.34337506 -0.020146389 -0.33999994 -0.31372127 -0.76720643 -0.5405203 -0.24111718 3.3353446
0.08895273 -0.039529998 -0.105071165 -0.3871153 -0.25597554 -0.3324678 -0.34938183 -0.2007439 3.0393069
0.49493277 -0.94059795 -0.43128076 -0.68068826 4.1146054 -0.54413444 0.31848118 -0.35122788 0.0
-0.10077667 -0.105998755 -0.5148407 -0.43959853 -0.06212154 -0.37294835 0.1455287 -0.45904195 2.8773336
-0.2536295 -0.24293299 -0.044309884 -0.26299813 -0.37401712 -0.6757722 0.1766937 -0.4164953 2.5388987
-0.1118479 -0.23151399 -0.48659718 -0.03946058 -0.34739938 -0.30302063 -0.23048891 -0.42981276 2.9331906
-0.37481284 -0.90829194 -0.09157159 -0.084987216 -0.4254076 -0.5901342 3.8368354 -0.30675676 0.0
-0.33315575 -0.57798624 -0.45533827 -0.1691069 -0.074581884 -0.35988736 -0.32921514 -0.15523781 3.088359
-0.34701577 -0.42405063 -0.60424113 -0.6954189 -0.43627718 -0.21307622 -0.28631046 -0.28962374 3.4105911
-0.2851528 -0.52731603 -0.32907814 -0.3508867 -0.40888593 -0.32716545 -0.47695276 -0.32961226 3.380666
-0.67564565 -0.38251096 0.087675676 -0.18713178 -0.26666757 2.5945187 0.5609204 -0.22586091 0.0
-0.37645662 -0.3343111 -0.57120323 -0.65513295 -0.079814985 -0.16275612 -0.5229237 -0.20886977 3.366579
-0.45702952 -0.5042545 -0.4195609 -0.608851 -0.38745284 -0.3364785 -0.27744934 -0.23131256 3.4853148
-0.5124391 -0.45997718 -0.78795725 -0.25590277 -0.4646612 -0.3644026 -0.20433229 -0.48324975 3.575149
1.008045 -0.7738353 0.4020289 0.6946289 1.2209572 0.95084316 -0.3332933 -0.6494781 0.0
-0.23700847 -0.51687944 -0.55760664 -0.6804424 -0.20970878 -0.23167625 -0.18823259 -0.553548 3.312432
-0.3112129 -0.22785848 -0.12907892 -0.66238916 -0.42942494 -0.40768567 -0.30762842 -0.65040964 3.2428384
-0.29009125 -0.30256733 -0.3808557 -0.35713986 -0.4286256 -0.027065556 -0.29679364 -0.35045087 3.1744533
1.3067446 0.55633056 0.547578 -0.5226232 1.6469392 0.46324888 0.6647193 -0.51650757 0.0
