4.174635 -0.44349262 -0.22100912 -0.021353267 -0.13115525 -0.07395277 -0.5456887 -0.2755824 0.0
-1.0695761 -0.27323532 5.046779 -0.04339243 -0.4598615 -0.30722064 -0.23972483 -0.5161065 0.0
-0.40687445 -0.06486573 -0.08512602 -0.0034517578 0.37687045 -0.25336894 -0.23212337 -1.0144722 3.2314415
-0.22407341 0.06353327 -0.57855815 -0.28475952 -0.01036483 -0.6588702 -0.05526325 -0.15387462 3.5865119
-0.15123765 -0.017359354 -0.14198625 -0.18927994 -0.09953361 0.0667105 0.39560547 -0.11273237 2.6340559
-0.053624447 -0.5645139 -0.29589152 -0.23604827 4.626512 -0.15919477 -1.0264225 -0.053563613 0.0
0.3995487 -0.48353854 0.23634969 -0.15756473 -0.52216536 -0.20443892 -0.5096946 -0.19957331 2.383135
-0.11455938 0.14514542 -0.23574385 -1.0140381 -0.3436292 0.15548642 0.3268309 -0.22896355 2.6964858
-0.2337571 -0.120561324 -0.1698174 -0.42377758 -0.22701378 -0.68254215 -0.141693 -0.104716904 3.8040996
-0.32418615 -1.1898816 -0.22335994 -0.7874554 -0.2749521 -0.1863313 5.254496 -0.41375738 0.0
0.08316237 -0.060627144 -0.08854937 -0.2307826 -0.5690376 -0.25757757 -0.050481975 -0.51193666 2.7111344
0.104710884 -0.26118684 -0.18273035 0.094483964 -0.27967677 -0.27261615 -0.59877133 -0.6624632 2.994532
0.2570657 -0.45354167 -0.15040179 -0.353681 0.5988884 -0.26250044 -0.5812228 -0.9897 3.1892557
-0.94629794 -0.1627135 -0.62262386 -0.35271302 -0.7871259 4.132922 -0.33195338 -0.24964675 0.0
0.28900805 -0.59068394 -0.6699386 -0.06501905 -0.05378775 0.039046288 -0.51917255 -0.018532038 2.8428097
-0.7576062 -0.025040334 0.15862435 -0.5041149 0.019664785 -0.21205527 -0.31851816 -0.21415722 3.3432868
-0.013157518 -0.057116114 -0.05129167 0.0354402 -0.023917872 -0.21200152 -0.11245015 -0.40396923 2.4347932
2.3942409 -1.0640054 -0.4805563 0.24472508 0.8865192 0.6543772 -0.0021645022 -0.7213964 0.0
-0.30098948 -0.20735452 -0.348045 0.11374308 -0.0693201 -0.041166663 -0.033298172 -0.01712901 2.6380553
-0.39787054 -0.3096386 0.2874813 -0.035360392 -0.23305656 0.059129722 -0.031543557 -0.5648324 2.4911509
0.11115644 -0.14580585 -0.010970628 -0.04039887 -0.020753225 0.0029458888 -0.40756834 -0.22789459 2.4235332
-0.020455437 -0.4476018 -0.48190275 0.14467081 3.119443 0.2409194 -0.014568971 -0.47805932 0.0
