4.4040675 0.15564582 -0.23967203 -1.1213746 -0.29032773 0.17915203 -0.95129526 -0.5454868 0.0
-0.98020643 -0.7600545 5.2471657 -0.44427583 -0.44089663 -0.9988402 -0.121177696 -1.0289985 0.0
-0.48019153 -0.3640613 0.49949 -0.490038 0.4460341 -0.35948098 -0.13827418 -0.2927904 2.342055
-0.11281219 -0.70513976 0.051496353 -0.3559993 -0.3464297 -0.29894808 -0.3095618 -0.1657649 3.0254369
-0.12536488 -0.17208704 -0.3753619 -0.019519744 -0.48941618 -0.53035206 -0.3111514 -0.021719845 2.9718516
-0.14415622 -0.9879179 -0.8775827 -0.5733336 4.514259 -0.22199976 -0.22083613 -0.5976419 0.0
0.03965782 0.20992717 -0.42974326 -0.5603386 0.13093084 -0.27111766 -0.033849634 -0.39247024 2.42467
0.22294994 -0.39971375 -0.3906476 -0.16629036 -0.34746632 -0.6446508 -0.12549135 -0.50595045 2.5609198
-0.0947532 -0.3119649 -0.6547842 -0.10382925 -0.38751182 -0.40115017 -0.39352092 -0.6088842 3.203161
-0.7926955 -0.930235 -0.5405363 -0.5425544 -0.7843719 -0.67204875 4.591955 -0.35729355 0.0
-0.24550426 -0.24548501 -0.34684652 -0.27031845 -0.06270828 -0.5579487 -0.4939568 -0.44747296 3.0473394
-0.32883102 -0.4517749 -0.6774767 -0.25556627 -0.47613758 -0.3512043 -0.19703645 -0.3587766 3.3701246
-0.433024 -0.44689113 -0.35626397 -0.08735167 -0.36611173 -0.09160021 -0.38983572 -0.14690265 3.014841
-0.951914 -0.4301592 -0.1913237 -0.06292174 -0.33338997 2.970159 0.17723477 -0.3019044 0.0
-0.43869656 -0.3703382 -0.41359377 -0.44678146 -0.23952596 0.03908807 0.11909432 -0.45354602 2.9690719
-0.35515016 -0.67843497 -0.23578812 -0.6056395 -0.055005703 -0.38037434 -0.3588799 0.21783124 3.1490254
-0.6241553 -0.45220923 -0.5313466 -0.37075368 -0.34912854 -0.28524873 -0.014713053 -0.4309716 3.3687172
0.77669173 -0.89968365 0.5205452 0.46250412 1.1460509 1.0409813 -0.16544008 -0.6251124 0.0
-0.37740225 -0.3249972 -0.46301436 -0.369294 -0.33877888 -0.33394274 -0.21438587 -0.048804056 3.0215611
-0.35211426 -0.26778513 -0.36951143 -0.43879884 -0.28745326 -0.069368765 -0.03278033 -0.63816744 2.989133
-0.26862112 -0.10974435 -0.22523367 -0.46318597 -0.5101056 -0.14449647 -0.3430973 -0.2533214 2.9507794
0.7532194 -0.3394987 0.030696167 -0.5442497 2.5706735 0.42682645 0.10403953 -0.68884164 0.0
