-0.45151287 5.8602214 -0.59950465 -1.2740765 -1.0000534 -0.86355263 -0.316744 -0.8669954 0.0
-1.0868448 -1.2013133 -1.036983 -0.26071838 -1.1021513 -0.6739901 6.6178 -0.54259187 0.0
0.13205974 -0.19246115 0.08293007 -1.1689246 -0.49467295 -0.37044314 -1.1946322 -0.5920979 4.4239664
-0.32736766 -0.21634725 -0.67954755 -0.6748459 -0.21518192 -0.98817974 -0.89979345 -0.82480025 5.4051766
-0.41531864 -0.5071111 -0.5155275 -0.6693478 -0.2731327 -0.40006766 -0.44656324 -0.9144153 5.165931
-1.1969035 -1.2455565 6.304884 -0.9106318 -1.1181804 -1.2015481 0.35509875 -0.808455 0.0
-0.20471801 -0.4520962 -0.86860955 -0.42186135 -0.8258133 -0.13330926 -0.7970306 -0.33743146 4.496286
-0.9632002 -0.5429086 -0.3193397 -0.67567384 -0.58477324 -0.21850131 -0.26063147 -0.24084525 4.194167
-0.7596096 -0.65112436 -0.5528317 -0.11259768 -0.89704335 -0.46323735 -0.19183512 -0.7256836 4.3867874
5.8431687 -1.1385181 0.6005221 -0.8725261 -0.8240122 -1.2381124 -1.2231953 -0.97270954 0.0
-0.61668086 -1.2178593 -0.55934495 -0.69991744 -0.5681958 -0.5506683 -0.16997892 -0.15850744 4.680027
-0.87338257 -0.2755591 -0.40891314 -0.28473738 -0.69771314 -0.728038 -0.14850697 -0.57014537 4.232106
-0.64599943 -0.7839128 -0.55659556 -0.81203187 0.26699707 -0.59916174 -0.2231412 -0.1956511 4.415735
-0.9538155 -0.91404474 -1.120828 6.142949 -1.0999303 -0.4790724 -0.730268 -0.607335 0.0
0.046696033 -0.36849856 -1.0701213 -0.14408708 -0.73754495 -0.85282826 -0.6795138 -0.3984999 4.092915
-0.09078078 -0.6491387 -0.09289816 -0.24303383 -0.504869 -0.015957033 -0.49589327 -0.47999844 3.75758
-0.47900093 -0.7883761 -0.22809868 -0.8433084 -0.4745125 0.023699004 -0.8942535 -0.24434493 4.267643
6.2657156 -0.9781251 -0.870525 -0.6755329 -0.85109735 -0.7761609 -0.75298756 -0.81201845 0.0
-0.62199277 -0.30086276 -0.80714315 -0.35340324 -0.4213001 0.19930862 -0.317337 -0.4873987 3.9455862
-0.2522799 -0.76598287 -0.26090282 -0.30266815 -0.7712157 -0.45746496 0.15906647 -0.59350914 3.659837
-0.87013793 -0.705622 -0.70018905 0.5390438 -0.56794953 -0.84981024 -0.3108956 -0.620354 3.84848
-0.36688012 5.675688 -0.8436151 -0.6377735 -0.55970675 -1.4067752 -0.55416954 -1.175958 0.0
