-0.60761136 5.3752146 -0.59132856 -1.0160108 -1.0855527 -0.34038866 -1.0180751 -0.6623249 0.0
-1.1137952 -1.1508262 -0.99505854 -0.6371246 -1.0411216 -1.1508029 6.5430455 -0.95556825 0.0
-0.21249536 -0.7209785 -0.0817389 -0.91200405 -0.36434692 -0.70457435 -0.6601968 -0.6223462 4.5540113
-0.7170443 -0.37049374 -0.9193637 -0.69361794 -0.68650395 -0.87714875 -0.7597055 -0.6654355 5.2217836
-0.7177125 -0.4388916 -0.64490074 -0.3391322 -0.5908658 -0.2265791 -0.80339706 -0.58668405 4.647393
-0.66384566 -1.5194712 5.404476 -1.0969279 -1.2237561 -1.02464 1.1452746 -0.73952055 0.0
-0.7324633 -0.76782954 -0.68011135 -0.31678665 -0.5627656 -0.39040974 -0.5272189 -0.32812014 4.42838
-0.93570024 -0.1635395 -0.6541446 -0.55571485 -0.3720367 -0.19117707 -0.17082676 -0.75648314 4.1754093
-1.0545969 -0.36230916 -0.6660859 -0.60777515 -0.9060196 -0.20603737 -0.105259284 -0.5775274 4.3744736
5.795552 -1.1859117 -0.10288169 -0.97393817 -1.1340401 -0.65216786 -1.1231431 -0.840692 0.0
-0.6616732 -0.7931758 -0.52285814 -0.7424669 -0.23610084 -0.22751974 -0.578763 0.30803925 4.005361
-0.5848065 -0.28962392 -0.51330364 -0.82312995 -0.5170179 -0.22997357 -0.72970575 -0.5696688 4.3513336
-0.75692075 -0.7164706 -0.76947445 -0.6223748 -0.7621794 -0.2970657 -0.58506596 -0.53102666 4.812073
-1.1572983 -0.97763455 -0.79039025 5.8991814 -0.945839 -0.8921414 -0.8381275 -1.0605806 0.0
-0.64211684 -0.36435425 -0.5227785 -0.7808493 -0.8354371 -0.36148015 -0.47725603 -0.21751319 4.190076
-0.45447347 -0.48401037 -0.31163868 -0.35370994 -0.7198806 -0.21303748 -0.72958505 -0.75441384 3.9968848
-0.36947396 -0.31320488 -0.6594915 0.2737945 -0.63568896 -0.13845102 -0.7841319 -0.6763476 3.8636699
5.9671907 -1.3207113 -0.87314546 -1.0853773 -0.77422106 -0.853403 -0.99450326 -0.61341596 0.0
-0.9106495 -0.61158264 -0.25407368 -0.5481503 -0.5068771 -0.44057637 -0.51302004 -0.5836314 4.172136
-0.42137474 -0.4472447 -0.45250347 -0.09146334 -0.77731335 -0.6225704 -0.14886424 -0.2735077 3.7306578
-0.7898733 -0.47024843 -0.50187117 -0.40045455 -0.5321577 -0.8612006 -0.58155245 -0.36267453 4.19901
-0.6601837 5.4394827 -1.0720048 -0.7639187 -0.6516097 -0.7358742 -1.2986001 -0.99290305 0.0
