-0.6823947 5.7207904 -0.73903686 -1.0570275 -1.1884193 -0.57183087 -0.30775598 -0.9878404 0.0
-1.2125083 -1.0594308 -0.9786401 -0.58168393 -1.2725197 -0.9223299 6.8016148 -0.8024837 0.0
0.10328751 -0.06545814 -0.46125653 -1.2133685 -0.33941728 -0.55247307 -0.3447516 -0.53326535 4.265817
-0.6263277 -0.43205246 -0.6135409 -0.7684651 -0.31853405 -0.6923076 -1.0008485 -0.5857957 5.3630896
-0.50410414 -0.5223498 -0.70652133 -0.38456222 -0.6101307 -0.16115525 -0.9111563 -0.56060064 4.746207
-0.97468513 -1.4976062 5.894003 -0.8346673 -0.9527762 -1.008441 0.6038769 -0.8595738 0.0
-0.33485055 -0.43408832 -1.0263989 -0.06439743 -0.89614344 -0.20653166 -0.6201699 -0.59788483 4.418152
-1.0336615 -0.45072648 -0.4509815 -0.88234997 -0.3530521 -0.015587342 0.07187823 -0.050810292 3.9468064
-0.65409607 -0.64286935 -0.6860691 -0.37840396 -0.8935022 -0.04615933 -0.40465784 -0.8161378 4.5578527
6.1739087 -0.87987286 -0.07474936 -1.2686739 -0.82244706 -1.1767279 -1.1703614 -0.8381368 0.0
-0.42291164 -1.1255358 -0.84940875 -0.88103265 -0.5365652 -0.6044532 -0.6420818 0.34974048 4.500464
-0.55388427 -0.5150181 -0.52496934 -0.5747131 -0.68103486 -0.95476097 -0.52041006 -0.38406888 4.556714
-0.8126736 -0.92573786 -0.81977403 -0.60096955 -0.164871 -0.48495564 -0.34552488 -0.23040803 4.6063967
-0.90711147 -1.0434991 -0.8360259 6.069158 -0.97525793 -0.70812744 -0.7689564 -0.8915038 0.0
-0.4453364 -0.66199875 -0.47004703 -0.18208016 -0.7654693 -0.54559976 -0.41897702 -0.18113726 4.025644
-0.61590904 -0.64101285 0.27668366 0.16844049 -0.7582672 -0.42233965 -0.76573545 -0.3612357 3.78033
-0.64069355 -0.76464134 -0.23574366 -0.23855197 -0.3679815 -0.2873503 -0.8160995 -0.62312627 4.1371126
6.3222165 -0.49889517 -1.107918 -0.9592269 -0.84207183 -1.0004395 -1.085246 -0.8557854 0.0
-0.74511415 -0.585761 -0.8690291 -0.68173224 -0.4145819 0.08429348 -0.4661892 -0.39354578 4.3014245
-0.03931411 -0.64013165 -0.66123104 -0.05877301 -0.81694746 -0.39312512 0.18006858 -0.6238187 3.5552218
-0.89530003 -0.72852 -0.2955306 -0.21899925 -0.5941095 -0.7422905 -0.35839987 -0.56776124 4.179465
-0.28163174 5.1877637 -0.6584125 -0.41185507 -0.5439886 -1.2403011 -0.63595927 -1.0060943 0.0
