-0.18926919 5.769189 -0.51238686 -1.3100153 -0.8882057 -0.7843183 -0.33847314 -0.76813126 0.0
-1.1112957 -1.1113328 -0.96324265 -0.22253677 -0.9948654 -0.53293645 6.411468 -0.40882677 0.0
-0.0063993814 0.18380944 0.1751818 -1.2164737 -0.4450877 -0.49299848 -1.2979796 -0.57467836 4.451006
-0.20464332 -0.3999713 -0.5490248 -0.72059375 -0.17659464 -0.967184 -0.6710992 -0.7350077 5.417889
-0.35508654 -0.2615574 -0.17584424 -0.6493531 -0.5439332 -0.5984933 -0.38694844 -0.90254104 5.182394
-1.2124498 -1.0765826 6.1539574 -0.8275159 -0.9896008 -1.0786188 0.3032507 -0.6941873 0.0
-0.058012966 -0.27210566 -0.74940497 -0.26345322 -0.6645827 0.19778302 -0.82498133 -0.5150186 4.1214547
-0.9139772 -0.563527 -0.556994 -0.49920171 -0.3406258 -0.28971785 -0.29555675 -0.22782375 4.238576
-0.7435145 -0.48390734 -0.4937237 0.14825928 -0.8354919 -0.76405877 -0.37793127 -0.7802478 4.390113
6.1046867 -0.99703413 0.36833447 -1.1061007 -0.6575501 -1.2127795 -1.1069193 -0.93419796 0.0
-0.35687965 -1.0766016 -0.43061984 -0.48303136 -0.3936952 -0.6726703 -0.7571784 -0.24309124 4.7297993
-0.8828217 -0.21022859 -0.38381463 -0.33286673 -0.52648443 -0.3348425 -0.09990225 -0.45974675 3.8808079
-0.34611037 -0.62450343 -0.77337193 -0.7865169 0.17344835 -0.2308834 0.018535698 -0.23594685 4.0428166
-0.8749546 -0.8501096 -1.0567603 5.9925447 -1.0164346 -0.36745563 -0.7007856 -0.5677199 0.0
0.028448043 -0.39259806 -1.2491784 0.28501892 -0.6085296 -0.7733801 -0.6364917 -0.34942624 3.9484272
-0.021466361 -0.6582635 -0.14973134 -0.005984105 -0.29273495 -0.15607478 -0.87741095 -0.51563334 3.7746234
-0.8114583 -0.6925516 -0.1558714 -0.729816 -0.33400017 0.036795646 -0.7809654 -0.23292515 4.1991744
6.55429 -0.8999135 -1.1213033 -0.5111577 -0.7743541 -1.0205338 -0.5696726 -0.65539736 0.0
-0.112229116 -0.45331106 -0.988755 -0.46193117 -0.36027625 0.19964486 -0.23546042 -0.25835705 3.9088926
-0.042090543 -0.6440964 -0.35686633 -0.3653412 -0.6761118 -0.4743647 0.15139887 -0.68125516 3.7018538
-0.8363741 -0.19804324 -0.52989024 0.36060184 -0.45151758 -0.6081127 -0.20384836 -0.5770028 3.6617725
-0.68376637 5.766983 -0.8247534 -0.51402354 -0.5119974 -1.3077698 -0.59472954 -1.0638494 0.0
