1.1758661 3.0476475 -0.33956352 -1.462857 0.2928792 1.9978732 -1.3069646 -0.95998466 0.0
-0.5924264 -1.1354172 -0.45723447 -0.5541312 -0.035913076 -1.141344 5.085045 -0.9635086 0.0
-0.5111951 -0.5553641 -0.5373802 -0.8391149 -0.6621333 -0.30354765 -0.5808175 -0.67220134 4.5466146
-0.59464705 -0.7672841 -0.72947204 -0.62928057 -0.27804136 -0.6135211 -0.6066461 -0.76315445 4.704152
-0.62363166 -0.40314698 -0.67049444 -0.5359209 -0.6225628 -0.5250204 -0.6212778 -0.5819882 4.420997
-1.0800182 -1.0424823 2.980475 0.40110072 -1.1084859 -1.4964092 2.8919568 -1.0987996 0.0
-0.7399807 -0.70415425 -0.7122596 -0.48871252 -0.2802284 -0.73007536 -0.6160151 -0.5869569 4.4760675
-0.79990435 -0.57493097 -0.47817487 -0.44963452 -0.6860133 -0.44092244 -0.3811302 -0.70532596 4.36903
-1.1112332 -0.6655285 -0.75353914 -0.35869202 -0.43011233 -0.41324168 -0.6071621 -0.34808394 4.3391232
3.296126 -1.7338111 2.2196903 -0.20366561 -1.6319714 -1.7019457 -0.8704433 -0.56515163 0.0
-0.68599135 -0.738725 -0.983773 -0.37131017 -0.45273498 -0.58539784 -0.5161217 -0.53851664 4.3799143
-0.37494293 -0.5081071 -0.82504565 -0.8262219 -0.5519022 -0.50129426 -0.5599975 -0.57941616 4.2604628
-0.7181546 -0.46779463 -0.64294595 -0.66845256 -0.5907192 -0.3647848 -0.44036293 -0.42008373 4.1526914
-0.8120832 1.2694169 0.43699646 2.6014676 -1.3755583 -1.1090144 0.0682295 -1.3482192 0.0
-0.5488514 -0.6581516 -0.6427959 -0.5511604 -0.42399916 -0.6197155 -0.4426519 -0.5066845 4.1573935
-0.5865901 -0.6610014 -0.7114763 -0.600259 -0.63288796 -0.39127603 -0.66649985 -0.2467677 4.247947
-0.7073653 -0.7795102 -0.62207764 -0.638155 -0.59443414 -0.45671526 -0.624746 -0.3667051 4.298514
4.309954 -1.0378587 -0.4474444 -0.77876544 -0.41097292 -0.9187338 -0.95441836 -0.8548986 0.0
-0.5640786 -0.760649 -0.63487387 -0.51647645 -0.27025536 -0.4303542 -0.4477839 -0.5258311 4.0036016
-0.72558945 -0.63334924 -0.5931859 -0.5687852 -0.53696907 -0.47782993 -0.4543697 -0.5562294 4.2606707
-0.51420873 -0.7471412 -0.5026735 -0.56373745 -0.48040012 -0.52897996 -0.44322103 -0.6205068 4.0984926
0.22200473 2.9003942 -0.85829794 -0.9505674 0.263347 0.49666637 -0.92060727 -0.5614564 0.0
