-0.16443466 5.7151814 -0.4626792 -1.2847456 -0.8184172 -0.7312894 -0.4994256 -0.7108297 0.0
-1.050471 -1.0561515 -0.92090935 -0.19297764 -0.9428225 -0.4619066 6.2543087 -0.33784616 0.0
0.020010263 0.09319005 -0.105813876 -1.3368427 -0.3855835 -0.4814262 -1.2337787 -0.5308939 4.617255
-0.1624202 -0.39103824 -0.47917956 -0.6764263 -0.15584897 -0.9304669 -0.6278782 -0.6796122 5.3241334
-0.30736917 -0.30558142 -0.16769107 -0.6102377 -0.5165795 -0.57815886 -0.30297673 -0.88430184 5.1119523
-1.1799649 -0.97989255 6.0611067 -0.7777734 -0.90341955 -1.0540609 0.29006895 -0.6290712 0.0
-0.055904508 -0.40533507 -0.6822465 -0.25071108 -0.57115716 0.19102904 -0.7707247 -0.51891416 4.0720277
-0.86010414 -0.5470308 -0.50949526 -0.4183809 -0.45063642 -0.09078993 -0.28071424 -0.2765486 4.13088
-0.47427037 -0.43391573 -0.57528317 0.14669088 -0.74067783 -0.7174224 -0.35529274 -1.06001 4.5858674
6.057329 -0.86730385 0.3625049 -1.0933878 -0.61503917 -1.1853375 -1.0491194 -0.91029805 0.0
-0.46912622 -0.7633574 -0.35725877 -0.16412248 -0.65677726 -0.6739674 -0.75902444 -0.09725116 4.5792003
-0.8715792 -0.5260447 -0.49666342 -0.30892253 -0.50217736 -0.67382437 0.034096204 -0.51015896 4.237759
-0.20713444 -0.6322277 -0.574249 -0.70344365 0.14215352 -0.21280593 0.027659131 -0.28950113 3.8971267
-0.8275418 -0.8112321 -1.0157927 5.8956127 -0.96616256 -0.29786533 -0.68238753 -0.5435264 0.0
0.019922296 -0.45211995 -1.2248671 -0.11141831 -0.54150355 -0.8045919 -0.57676846 -0.30321047 4.2700353
-0.03402625 -0.60557437 0.06972064 -0.01459363 -0.109099075 -0.17910458 -1.0904484 -0.5012261 3.7368653
-0.54857004 -0.80982375 -0.16115457 -0.7324316 -0.26272693 -0.2668673 -0.76510715 -0.39767534 4.2770386
6.4826436 -0.8527746 -1.1024386 -0.42691597 -0.72452295 -0.9974777 -0.61546946 -0.57070565 0.0
-0.28233248 -0.40431085 -1.258482 -0.39678937 -0.13884827 0.21059409 -0.26189077 -0.23285569 4.112295
0.07169309 -0.9164329 -0.4801778 -0.5725575 -0.6127029 -0.43954816 0.122992285 -0.60102206 4.024566
-0.8987575 -0.14481053 -0.56193 0.5745132 -0.6427646 -0.7609426 -0.013419203 -0.51676744 3.6148162
-0.6721394 5.8183208 -0.7920333 -0.44476044 -0.7505715 -1.244768 -0.5662118 -1.0024832 0.0
