-0.5549565 5.2126904 -0.82378376 -1.1240107 -0.7088629 -0.03456236 -0.9885811 -0.7735884 0.0
-1.142821 -1.2650645 -0.9204397 -0.55354977 -0.83018607 -1.2611583 6.3130445 -1.007684 0.0
-0.48282108 -0.97592235 -0.46739206 -0.72133327 -0.42693043 -0.9287949 -0.5701144 -0.63342303 4.7323813
-0.61444837 -0.11870441 -0.5984497 -0.859718 -0.4718513 -0.8868939 -0.64588326 -0.91280466 4.8735104
-0.72846615 -0.7303683 -0.5920675 -0.53175265 -0.65001345 -0.651044 -0.6731365 -0.7596468 4.7586517
-1.4471335 -1.5990213 5.4568176 -0.9086646 -1.4589057 -1.3611562 1.6251516 -1.3993087 0.0
-0.87943435 -0.57342076 -0.50364757 -0.4375163 -0.42460606 -0.48322296 -0.74888587 -0.06276168 4.141328
-0.69693667 -0.45413914 -0.5186846 -0.22799376 -0.6594797 -0.17995818 -0.50940084 -0.7531531 4.088017
-0.68823576 -0.40604827 -0.39714265 -0.639484 -0.737876 -0.123410895 -0.7084367 -0.58407044 4.2622643
5.7749777 -1.3180616 -0.06707817 -0.9675272 -1.2538595 -1.0997547 -1.1865127 -0.7737431 0.0
-0.80890566 -0.98510027 -0.8341059 -0.55715644 -0.18336901 -0.59986335 -0.7560138 -0.13157533 4.5395885
-0.4861806 -0.4631186 -0.6167077 -0.6411366 -0.39101216 -0.5306867 -0.62854165 -0.38766566 4.206255
-0.60985404 -0.7279512 -0.54228675 -0.17652848 -0.57459426 -0.72656226 -0.5373041 -0.61117834 4.359277
-1.1164573 -0.5135525 -0.44317883 5.4922495 -1.1474061 -1.2897211 -0.90160006 -1.1939601 0.0
-0.58449113 -0.54899496 -0.559582 -0.76589715 -0.71001124 -0.39051569 -0.5543436 -0.15546504 4.1956844
-0.4045126 -0.62595487 -0.546722 -0.50880754 -0.52242786 -0.24518964 0.025992295 -0.74289024 3.919137
-0.50408024 -0.78538245 -0.6787068 -0.63962036 -0.7560904 -0.32948595 -0.17577423 -0.56651294 4.301052
5.8354836 -1.1021233 -0.6280507 -1.0323362 -1.1436641 -0.8770361 -0.9675883 -1.0580889 0.0
-0.66604626 -0.5058587 -0.1632534 -0.31810424 -0.4550698 -0.53491133 -0.5878738 -0.6331842 3.9476516
-0.41452438 -0.49098828 -0.53108877 -0.56137604 -0.675299 -0.3679735 -0.5212789 -0.6059464 4.1580997
-0.8225374 -0.41334528 -0.30516544 -0.54526293 -0.15137981 -0.60310715 -0.2516228 -0.1982866 3.7685077
-0.7869677 4.916097 -0.8526266 -1.0297282 -0.86768466 -0.6673474 -0.8717521 -0.5521305 0.0
