2.7083716 2.6511188 0.6787628 -1.0853889 1.5904374 2.2373195 -1.0947603 -1.0100801 0.0
1.1403879 -0.5449804 0.51939625 -0.017916689 1.4887038 -0.4093412 2.9683297 -0.9974943 0.0
-0.22772147 0.39797285 -0.32241958 -0.97786635 -0.16992351 -0.7390006 -0.6508218 -1.1187298 4.2955565
-0.8376537 -0.5302547 -0.074957214 -0.9319917 0.8306964 -0.11512553 -0.64028 -1.0471327 4.1819434
-0.57112074 -0.06600603 0.029989576 -1.0210133 -0.32806718 -0.85299134 -1.0020643 -1.0853308 4.3738265
0.25399086 0.4297323 2.2675142 0.3860133 -0.1597732 -0.7538891 1.6841718 -0.68861324 0.0
-0.6760725 -0.9556645 -0.6150255 -0.68312913 -0.27438733 -0.60110563 -0.59634596 -0.8514123 4.345736
-0.41938007 -0.75559163 -0.4611622 -0.50867903 -0.50627816 -0.72072405 -0.41424358 -0.66429025 4.153486
-0.79315484 -0.6625108 -0.5074528 -0.51737756 -0.5944569 -0.838233 -0.7080667 -0.8071994 4.2667456
2.2071488 -1.014241 1.3284488 0.40926686 -0.61897725 -1.1674591 0.26297393 -0.14357947 0.0
-0.81773627 -0.8003178 -0.8983225 -0.7368366 -0.2539975 -0.632997 -0.8235007 -0.950032 4.27992
-0.6655927 -0.7347033 -0.87799585 -0.97380334 -0.83378756 -1.002209 -0.80845076 -0.75983 4.289138
-0.6830906 -0.69531643 -0.8494955 -0.92283255 -0.84671247 -0.40913358 -0.95998454 -1.0053859 4.301309
0.13628714 1.1452907 0.50558734 0.79170614 -0.16161905 -0.0007838035 0.31189063 -0.90017503 0.0
-0.7929004 -0.726473 -0.8603149 -1.0134984 -0.13185544 -0.78861684 -0.79468817 -1.0603799 4.314966
-1.0090029 -0.8768148 -1.039514 -1.1771365 -0.58704525 -0.9111824 -0.89739203 -1.075587 4.36813
-0.8401046 -1.0514655 -0.97497255 -1.0595102 -0.88152367 -0.97432935 -1.0785758 -1.1556417 4.338059
2.644037 -0.26109383 0.3738169 -0.2830812 0.4068447 -0.13142711 -0.3785003 -0.87006754 0.0
-0.12449627 -0.77390903 -0.91365516 -1.1503792 -0.64059585 -0.6233726 -0.8283 -1.15764 4.3356905
-0.6001879 0.085944906 -0.945482 -1.1347129 -0.41149962 -0.608945 -0.8280364 -1.1590465 4.357423
-0.49740896 -0.3043614 -0.9157586 -1.0878309 0.0068964027 -0.63868594 -0.9545775 -1.1174443 4.2818365
1.1624184 2.6961074 -0.081283085 -0.91323006 1.1712452 1.5308995 -0.6090151 -1.0009767 0.0
