0.26419598 4.277999 -0.576999 -1.2293968 -0.316528 0.9037024 -1.0730855 -0.94063574 0.0
-0.79407436 -1.0701634 -0.7440464 -0.79442215 -0.46168405 -1.104101 5.6711607 -1.1635213 0.0
-0.12764953 -0.5929662 -0.36084682 -0.6475218 -0.5029041 -0.56524456 -0.48354492 -0.71282494 4.295575
-0.67279875 -0.30578735 -0.72028595 -0.52580076 -0.49252102 -0.5426193 -0.49325073 -0.57062423 4.534756
-0.364835 -0.2918739 -0.38675293 -0.46825013 -0.6056867 -0.46173498 -0.34037232 -0.7691167 4.151408
-1.3470085 -1.201192 3.3831122 -0.2879103 -1.2793204 -1.6960928 3.1950774 -1.3619989 0.0
-0.41793162 -0.55967015 -0.33603564 -0.53227675 -0.37593305 -0.1583759 -0.72558093 -0.5634987 3.9831502
-0.5555301 -0.6833105 -0.42340252 -0.5228258 -0.40500268 -0.5219976 -0.32537845 -0.38819334 4.1207447
-1.0669152 -0.47513366 -0.4402284 -0.48241547 -0.3886418 -0.008610714 -0.7083797 -0.6216456 4.259015
4.5037246 -1.643957 1.2216016 -0.5862995 -1.3509691 -1.363104 -1.0711205 -0.78945017 0.0
-0.762077 -0.47028154 -0.6223134 -0.36424306 -0.6166483 -0.48861316 -0.6058825 -0.26958108 4.1715484
-0.23168966 -0.6216683 -0.69795257 -0.5598127 -0.694073 -0.4894187 -0.27462557 -0.6776645 4.226984
-0.84591603 -0.68811166 -0.4276488 -0.55391884 -0.6370472 -0.068452634 -0.043625392 -0.61291444 4.096701
-1.0369205 0.5530819 0.00031827515 3.9526994 -1.3256564 -1.3296183 -0.32316098 -1.3437585 0.0
-0.57489866 -0.5864176 -0.69457287 -0.53793716 -0.66047436 -0.69941264 -0.43754554 -0.22186124 4.2501297
-0.55675656 -0.5036455 -0.4399497 -0.7291295 -0.6150821 -0.24070702 -0.52693594 -0.27735478 4.0686502
-0.48927847 -0.75386 -0.51149035 -0.78462774 -0.477624 -0.29152292 -0.34077597 -0.561037 4.2068152
4.955223 -1.073022 -0.69654775 -0.87691873 -0.632127 -1.117272 -0.909438 -0.8376669 0.0
-0.6102402 -0.644652 -0.7515085 -0.81037617 -0.47077885 -0.47217518 -0.5388862 -0.3578275 4.2525225
-0.5407364 -0.6996973 -0.45209756 -0.54318935 -0.5841553 -0.37008905 -0.5280232 -0.49598315 4.164397
-0.67367893 -0.6314437 -0.5764138 -0.53016186 -0.5405626 -0.62038064 -0.46990892 -0.6059027 4.2820954
-0.19722958 3.8109326 -0.8172159 -0.8707279 -0.07147348 -0.2839661 -1.1009752 -0.7407351 0.0
