-0.31491774 5.117139 -0.9362355 -1.1592952 -0.6246145 0.01929988 -1.0258905 -0.77934384 0.0
-1.0198289 -1.1568758 -0.897423 -0.7822902 -0.85632694 -1.3259073 6.290412 -1.0764995 0.0
-0.4030081 -1.0884254 -0.6575095 -0.4450501 -0.19011085 -0.7561653 -0.6592035 -0.5584251 4.570693
-0.6175843 -0.19565183 -0.80207354 -0.95954806 -0.5497175 -0.70793676 -0.45050064 -0.84797966 4.8400645
-0.5396163 -0.6107345 -0.5506805 -0.5607696 -0.5932594 -0.66552466 -0.62170154 -0.64423233 4.536946
-1.4931747 -1.5151052 5.1575665 -0.82729995 -1.4481144 -1.4183424 1.923425 -1.5282725 0.0
-0.67646515 -0.5572008 -0.56173766 -0.49976203 -0.6190278 -0.5236326 -0.75603503 -0.31313664 4.2528734
-0.7508847 -0.4088275 -0.60803497 -0.40524817 -0.72162986 -0.24491917 -0.5657629 -0.6002212 4.205204
-0.8532425 -0.20764293 -0.41230172 -0.7519429 -0.72691965 -0.22809866 -0.7809589 -0.45802557 4.302381
5.528093 -1.4706291 0.11717944 -1.0462208 -1.1708193 -0.8799625 -1.0213503 -0.75649273 0.0
-0.4652645 -0.7677219 -0.7475208 -0.3613341 -0.3220296 -0.5209643 -0.7627774 -0.23537359 4.2182994
-0.64919484 -0.39714363 -0.7473988 -0.65574735 -0.37009975 -0.77175707 -0.5262216 -0.33987087 4.290062
-0.75150996 -0.74950814 -0.6998065 -0.17301053 -0.53778774 -0.5793202 -0.5136366 -0.34050035 4.3025026
-1.1546748 -0.51662666 -0.4105656 5.3968396 -1.2404381 -1.2646986 -0.84990525 -1.0895835 0.0
-0.6686554 -0.31273445 -0.44667584 -0.65700835 -0.5262582 -0.50384045 -0.4261742 -0.14887697 3.9777515
-0.46158412 -0.608469 -0.59340996 -0.41999358 -0.36846322 -0.35147303 -0.06335504 -0.62148577 3.9094615
-0.55523324 -0.85133106 -0.7086033 -0.6174751 -0.8524902 -0.35381383 -0.33736408 -0.57838076 4.4203763
5.7576013 -1.0157367 -0.7899285 -1.0241982 -1.0235366 -1.0169594 -0.9643141 -1.0109831 0.0
-0.59082687 -0.43460244 -0.41310227 -0.44453648 -0.13429248 -0.42128226 -0.5651849 -0.54984576 3.8919191
-0.5989429 -0.59739596 -0.47040135 -0.39896324 -0.6406371 -0.27380222 -0.42199108 -0.6129779 4.108084
-0.8925842 -0.5590862 -0.46247026 -0.52387506 -0.25342584 -0.6714637 -0.28991455 -0.10432646 3.9792638
-0.7360306 4.868994 -0.8471239 -1.0692211 -0.84604686 -0.6375257 -0.82895046 -0.72051543 0.0
