-0.47169426 5.8491035 -0.6148667 -1.2804077 -1.0211291 -0.7298869 -0.32374915 -0.8844339 0.0
-1.1053628 -1.1448126 -1.0504874 -0.27036226 -1.1208751 -0.7005252 6.625187 -0.5630306 0.0
0.13549504 -0.19691662 0.081705764 -1.0383493 -0.5115747 -0.387682 -1.1863751 -0.6025047 4.3900394
-0.35321638 -0.23357737 -0.69523025 -0.68757874 -0.22652136 -0.7934437 -0.9171816 -0.8411922 5.3300686
-0.43106654 -0.53445715 -0.5345969 -0.67999905 -0.28540465 -0.41642657 -0.55217856 -0.91919047 5.1989675
-1.2046452 -1.2757912 6.24411 -0.90788555 -1.1444991 -1.0867306 0.3591577 -0.824581 0.0
-0.20222439 -0.47479096 -0.9171544 -0.4294676 -0.93970823 -0.1299865 -0.8115716 -0.32385728 4.5388722
-0.9789944 -0.5668631 -0.34627926 -0.69015235 -0.6041772 -0.25205243 -0.25773543 -0.24608763 4.238673
-0.7801519 -0.67156726 -0.58142436 -0.0807464 -0.8950926 -0.372029 -0.3509287 -0.7252919 4.408477
5.783065 -1.1612266 0.48865053 -0.8863716 -0.60479057 -0.99736476 -1.240062 -0.98541725 0.0
-0.5301016 -1.2428095 -0.5789983 -0.7786185 -0.56785524 -0.52811563 -0.16171563 -0.15020217 4.678771
-0.8946813 -0.2830715 -0.4875144 -0.28532892 -0.6475672 -0.7670129 -0.25109679 -0.57030296 4.3061614
-0.7050614 -0.7390396 -0.66265476 -0.822196 0.15781842 -0.5490105 -0.21912545 -0.19937064 4.4917045
-0.96745104 -0.92498785 -1.0479757 6.137989 -1.1266121 -0.50578976 -0.7352359 -0.6138983 0.0
0.072618395 -0.3415841 -1.027712 -0.14343804 -0.6446046 -0.8669279 -0.672798 -0.4692699 4.0516644
-0.23613633 -0.6912179 -0.11911958 -0.2172226 -0.5807517 0.091207474 -0.5062705 -0.4816395 3.8298457
-0.5049512 -0.7175416 -0.23167266 -0.5962349 -0.49312294 -0.20270996 -0.9347178 -0.2691031 4.2042637
6.28254 -0.9916265 -0.8882929 -0.7072281 -0.79226583 -0.8003421 -0.7883369 -0.84114677 0.0
-0.47449782 -0.44915563 -0.8356061 -0.37167376 -0.41976917 0.15799664 -0.2799997 -0.50758076 3.969935
-0.21564287 -0.63030213 -0.21467826 -0.10715311 -0.77944326 -0.4404 0.16955401 -0.6152572 3.4921427
-0.7223725 -0.66177416 -0.58569837 0.50859445 -0.5928635 -0.6742847 -0.3217404 -0.64376783 3.7132196
-0.37220934 5.6084476 -0.60886014 -0.62247914 -0.6751411 -1.4245903 -0.5762287 -1.19386 0.0
