0.24573857 4.2586637 -0.57678837 -1.1981859 -0.29850474 0.8819686 -1.0695267 -0.903587 0.0
-0.7732742 -1.0563513 -0.7296459 -0.75894725 -0.47940943 -1.0766996 5.6405373 -1.1501921 0.0
-0.12696142 -0.6022473 -0.27819613 -0.56972575 -0.50248754 -0.54103583 -0.4928394 -0.67184216 4.2088947
-0.6324326 -0.302096 -0.69567895 -0.56587416 -0.5022019 -0.56277704 -0.5426617 -0.52153605 4.530649
-0.38025406 -0.36759114 -0.39013484 -0.44641653 -0.5403395 -0.39423454 -0.33288127 -0.74002475 4.113102
-1.323147 -1.2110852 3.4513485 -0.36197835 -1.2844416 -1.6876615 3.1548407 -1.348419 0.0
-0.36659366 -0.519775 -0.31861982 -0.61942965 -0.41704708 -0.22186144 -0.66061133 -0.53921866 3.9760463
-0.6087147 -0.6885357 -0.42152914 -0.58194166 -0.3877631 -0.5216561 -0.22594215 -0.3856347 4.1205173
-1.0615528 -0.5022812 -0.41690224 -0.49897447 -0.3979049 0.013927542 -0.5897818 -0.63564014 4.2188654
4.5668526 -1.6543982 1.163454 -0.61591166 -1.285121 -1.3328663 -1.0954596 -0.8131797 0.0
-0.7238806 -0.46021834 -0.60958505 -0.3413263 -0.61572677 -0.54947394 -0.5747565 -0.30412984 4.1639905
-0.22393592 -0.58899033 -0.72982275 -0.50800985 -0.651427 -0.51818985 -0.3357323 -0.6721547 4.215847
-0.87009263 -0.692012 -0.3847889 -0.5966073 -0.61764216 -0.12370702 -0.07380294 -0.5846366 4.1160817
-1.0146948 0.48035762 -0.044593737 4.038133 -1.3261455 -1.306547 -0.35732687 -1.3350902 0.0
-0.56193995 -0.56241035 -0.68858427 -0.5653293 -0.666753 -0.7259595 -0.42075074 -0.2543285 4.264121
-0.5865138 -0.54438394 -0.41606128 -0.7416133 -0.58828497 -0.27127394 -0.53499264 -0.30049065 4.096397
-0.5697878 -0.78535473 -0.49393904 -0.73532397 -0.42356038 -0.30581746 -0.32215193 -0.5012356 4.1854796
5.0283904 -1.0563799 -0.7092479 -0.8942015 -0.6523818 -1.1147949 -0.8768874 -0.9772854 0.0
-0.61823565 -0.6762314 -0.8148876 -0.7590982 -0.43037248 -0.54541737 -0.5532218 -0.34904453 4.2780256
-0.5566326 -0.66672367 -0.5000696 -0.56747013 -0.55279994 -0.41606146 -0.5355625 -0.52023065 4.196524
-0.70051444 -0.59512395 -0.5378101 -0.54676235 -0.55882543 -0.61643404 -0.427764 -0.5747524 4.2601027
-0.2654548 3.8764307 -0.8157715 -0.87264514 -0.09362619 -0.30265024 -1.1411178 -0.7227447 0.0
