-0.065357424 6.0517044 -0.6570581 -1.1589257 -0.5240197 -0.49938807 -0.32926098 -1.174733 0.0
-0.7585866 -0.80031824 -0.72113717 -0.42961913 -0.65787923 -0.21191768 5.9253044 -0.119039156 0.0
0.07579238 -0.040441535 0.06257567 -1.4574678 -0.18335025 -0.17344774 -1.3690975 -0.41958633 4.5885053
-0.15486822 -0.34598425 -0.8457291 -0.4795372 -0.0783695 -0.53712696 -0.43735513 -0.44472036 5.2086325
-0.060341682 -0.1391182 -0.042367764 -0.614426 -0.37375993 -0.22352275 -0.04379593 -0.7930962 4.5643077
-1.0236757 -0.587693 6.138873 -0.6042995 -0.5499523 -0.9298196 -0.029392622 -0.3621179 0.0
-0.13129035 -0.26659715 -0.24556988 0.2414665 -0.27563265 0.61245525 -0.52094 -0.36211887 3.2095864
-0.5369812 -0.68416137 -0.08323054 -0.23341526 -0.284126 -0.046779446 -0.34117255 -0.18464567 3.7910287
-0.117328405 -0.6548583 -0.53149396 0.13470015 -0.6347137 -0.5080692 -0.3643611 -1.1021436 4.609039
6.095978 -1.0544945 0.3411124 -1.0145032 -0.42731676 -1.0464437 -0.7834012 -1.0855777 0.0
-0.36970183 -0.6256221 0.065529466 -0.18897043 -0.54596597 -0.4738925 -0.6296997 -0.54856294 4.4047313
-0.58771086 -0.6747424 -0.67121184 0.09815872 -0.41130355 -0.91717833 -0.23320943 -0.2706033 4.585625
0.112330064 -0.65774864 -0.66651875 -0.9467852 0.3556927 -0.27110723 -0.09613027 -0.27647102 4.1084714
-0.9797756 -0.6286368 -0.8177786 5.8691278 -0.7329337 0.12676279 -0.5903424 -0.73146963 0.0
-0.1312101 -0.37155202 -1.0619125 -0.1946629 -0.16139708 -0.57230127 -0.24176538 -0.3821821 4.1854973
0.44946006 -0.22161914 0.081351675 -0.44731015 -0.32410428 -0.25597754 -1.2591943 -0.22830437 3.42469
-0.428691 -0.5952903 0.056312237 -0.5770733 -0.37060803 -0.5212499 -1.0227249 -0.4812667 4.465714
6.046145 -0.6361376 -1.0051484 -0.15974534 -0.50427437 -0.88077706 -0.26482287 -0.26837322 0.0
-0.30252376 -0.34043276 -1.187288 -0.3573441 0.2204526 0.12781064 -0.24893427 -0.0565006 3.8515527
-0.12667519 -0.81794965 -0.28111285 -0.49384436 -0.43334925 -0.069333024 0.5740301 -0.5111543 3.4060724
-0.80678076 0.18555544 -0.9963627 0.5189471 -0.23384267 -0.5720268 0.22594154 -0.3549458 3.302229
-0.79531896 5.608492 -0.6363595 -0.5250907 -0.64095795 -0.95129734 -0.29718304 -0.7252324 0.0
