-0.045823637 5.9919887 -0.6475854 -1.1048335 -0.42606068 -0.41836306 -0.27133936 -1.158094 0.0
-0.652246 -0.98841435 -0.64379656 -0.41939035 -0.5566992 0.13917279 5.554628 -0.07333256 0.0
0.06745645 -0.027473614 0.05990055 -1.3842995 -0.13282862 -0.052825294 -1.3552848 -0.37729672 4.467657
-0.09248977 -0.32617113 -0.8351755 -0.40865967 -0.3632996 -0.48629522 -0.3695629 -0.36524957 5.2042084
-0.044942003 -0.09087969 -0.037666146 -0.5409862 -0.32814324 -0.2194164 -0.026292935 -0.75323945 4.449323
-0.95582527 -0.46326226 6.0625515 -0.5178297 -0.43677872 -0.87727875 -0.029009024 -0.28223455 0.0
-0.12035231 -0.22026248 -0.23193197 0.2187512 -0.1922368 0.6372488 -0.37157723 -0.3042567 3.0924146
-0.46457803 -0.6091673 0.14993075 -0.18389702 -0.23032752 -0.060824316 -0.30287263 0.07951984 3.3994164
-0.09383015 -0.6307712 -0.4993563 0.12946247 -0.57778865 -0.4333452 -0.3464287 -1.0736374 4.5311313
6.004416 -1.0064021 0.3318496 -0.97987866 -0.36086303 -0.9876724 -0.68411964 -1.0542008 0.0
-0.33098954 -0.56688607 0.06409171 -0.14310715 -0.50048673 -0.39462715 -0.57764393 -0.5183916 4.326314
-0.48897353 -0.6706178 -0.63183534 0.095983475 -0.36530155 -1.1624457 -0.21857893 -0.20100151 4.669933
0.10582351 -0.6514746 -0.6397077 -0.9243077 0.60405535 -0.565905 -0.092447415 -0.23738296 4.046065
-0.9503397 -0.55849236 -0.7395213 5.742015 -0.64475745 0.11557367 -0.5519695 -0.6974457 0.0
-0.13744508 -0.34305736 -0.9938787 -0.18984035 -0.13806611 -0.48861903 -0.5312957 -0.33158222 4.42443
0.447748 -0.24972129 0.07568459 -0.43261117 -0.30488268 -0.2510004 -1.2195046 -0.50657886 3.4758668
-0.3899861 -0.5146023 0.2720903 -0.5166388 -0.32219237 -0.53516006 -0.9955788 -0.42785528 4.2490563
5.85369 -0.55525446 -0.9629908 -0.10112934 -0.4262083 -0.8313828 -0.17736295 -0.18899877 0.0
-0.2788494 -0.2778073 -1.1558021 -0.31609598 0.20537852 0.113564685 0.03752135 -0.11753757 3.5935407
-0.07776931 -0.77019244 -0.0018872104 -0.47099817 -0.47717905 -0.058989227 0.33325234 -0.4541354 3.4085348
-0.7360083 0.47479233 -0.9888905 0.4919991 -0.21177377 -0.5340031 0.21799928 -0.28491315 3.1147585
-0.7686063 5.458144 -0.6235389 -0.46251822 -0.5956515 -0.8548379 -0.22027512 -0.6240838 0.0
