-0.061122406 -0.3975816 -0.10307621 -0.2839581 3.9685037 -1.0873553 -0.01815006 -0.24803634 0.0
0.2827294 -0.41157347 4.034991 -0.781786 -0.079477794 -0.3180411 -0.23868443 -0.12722947 0.0
0.3095915 -0.44601294 0.05842953 -0.40931177 -0.2271863 -0.096935295 -0.8170472 -0.33421272 3.5582647
-0.119931035 -0.17964926 -0.5765853 -0.66722506 0.2778071 -0.035706766 -0.21026073 -0.80105084 3.2307477
-0.35537887 -0.8655834 -0.080138244 -0.47823638 -0.36748192 -0.16377369 -0.26153362 -0.096165344 3.9276865
0.03269037 -0.5009908 -0.5736023 0.85171545 0.008382432 -0.2117252 3.7547393 -1.0633383 0.0
-0.08893957 -0.6347734 -0.40584812 -0.53194493 -0.26728705 -0.6431111 0.20457125 -0.05632673 3.5704014
-0.085671686 0.8082964 0.544642 -0.933583 -0.62085766 -1.1317875 -0.36735085 -0.52484816 3.2396884
-0.25013363 -0.16238636 -0.056935586 -0.7519973 0.30816233 0.21303807 -0.21919551 -0.6707434 3.2620945
-1.4139533 -1.316855 0.0022071037 2.0227292 -1.3562768 -0.26677206 -0.9242475 4.6684823 0.0
-0.48471588 -0.41385615 0.28227395 -0.36801544 -0.21326977 0.26694426 0.2501681 -0.22787528 2.6890588
0.53237736 -0.059081137 -0.18053018 -0.44671306 -0.44278133 -0.2501443 0.0074162907 0.69476616 2.3067467
-0.14668082 -0.08177124 -0.32100564 -0.6000205 -0.12960856 -0.0979252 -0.4578634 0.4579281 2.9238713
-0.7167646 -0.22707655 -0.66170603 5.359163 -0.24220407 -0.14539103 -0.6720929 -0.3399411 0.0
-0.17103136 -0.15966065 -0.16944416 -0.46442166 0.14263976 -0.051628597 0.1178909 -0.28308207 2.5175796
-0.17560281 -0.16825996 -0.1931789 -0.11509089 -0.5247206 -0.12644047 -0.11437111 -0.5763963 3.122459
-0.36112013 -0.049742904 -0.58433914 -0.123395264 -0.16500524 -0.18789707 -0.08750284 -0.08146423 3.2721636
2.0301423 -1.3810793 -0.46193564 2.1002975 -0.19215181 -1.071282 -0.42512548 -0.31720027 0.0
-0.0046316218 -0.059074722 -0.13694552 -0.1421014 -0.058949254 -0.2652797 0.01316679 -0.08516685 2.4586678
-0.17448777 -0.35980308 0.007933864 -0.047541786 -0.009710112 -0.03894051 -0.02830669 -0.05963939 1.887056
-0.018464977 -0.059700347 -0.18937443 0.033510398 -0.14649338 -0.09906949 -0.5842805 -0.56283766 2.6970394
-0.4527199 0.0016950654 0.25024542 -0.4839674 2.5369043 -0.062227737 0.574884 -0.46917298 0.0
