0.62863094 1.2264727 0.5926765 -0.39682972 2.1771026 1.2691841 0.9432428 -0.3487281 0.0
1.0440068 1.1064637 1.3460923 0.4816479 1.2355793 1.0303298 -0.14456429 0.031256523 0.0
1.335442 0.97873396 1.0047026 -0.0684077 0.5165068 0.25481844 -0.3453533 -0.18709363 1.3166864
0.39669293 1.1055524 0.59984046 0.5287063 0.5472299 1.1261834 1.2206386 0.0098614525 1.0160854
0.4888036 0.39611492 0.75193 0.18566589 1.3061895 -0.22468233 0.67698187 -0.3234853 1.567813
0.2516459 0.57391816 0.845234 1.0084003 1.3517095 0.6316142 0.615053 0.28665897 0.0
0.3534037 0.12980738 0.41965243 0.21192794 0.84014523 0.96696556 0.2009621 -0.29671118 1.8716912
0.45895407 0.6244728 0.24109869 0.37934133 0.8971669 -0.18462577 1.2149762 -0.09132623 0.81001437
0.46299106 0.2429968 0.28452417 0.14848176 0.4824592 0.8571435 1.1096699 0.1860933 1.4689751
0.15386139 1.3378917 1.0330946 1.1546788 0.50124645 0.11990416 0.20177937 0.8868731 0.0
-0.2605968 0.996984 -0.4073186 -0.043453075 0.26411727 0.2409334 0.586872 0.47056353 1.911431
0.07175238 0.11710729 0.21812305 0.043260474 0.43970698 0.53253037 0.40932226 0.022288341 1.7441874
0.7634204 0.6336227 0.76638764 -0.3901669 -0.086287655 0.61995775 -0.17224649 -0.22316016 2.0084147
0.9098494 0.29556882 0.5706445 0.9022406 0.4228535 0.62663114 0.20866485 0.9017363 0.0
0.0034680883 0.15075067 -0.07770944 -0.14728828 -0.21007958 0.9004569 0.22573993 -0.28112605 1.9895705
0.24732909 0.45320833 0.21577679 -0.22418334 0.93061453 0.7400673 0.0019866202 -0.22668362 2.3324132
1.0310993 -0.01788904 -0.008845787 -0.17778143 0.5064328 0.86279935 -0.004257281 0.05411859 1.9309628
0.8434847 0.33012322 0.70108545 0.5637619 0.7150227 0.75048375 0.24061838 0.85580796 0.0
1.1071434 -0.18227966 -0.3191812 -0.3751628 0.09186127 0.09022122 -0.2532993 -0.5087637 2.50446
0.12784222 1.4833193 -0.38373902 -0.36128914 0.374755 0.51577526 -0.19046286 -0.3280006 2.5168097
0.44805354 0.23475869 0.10074281 -0.4062421 0.46494383 0.79945135 0.050602227 -0.5320324 2.6161833
0.7752362 1.0529196 0.8889782 -0.07500223 1.2883787 1.1478845 1.0111003 0.007547197 0.0
