0.19895855 0.28112474 -0.35020113 -0.8198807 4.0455885 -0.31630194 -0.22729343 -1.0620759 0.0
0.25708148 -0.2308945 2.2934377 0.29349202 1.0643923 0.9148079 -0.5743939 -0.11078771 0.0
0.20863885 0.07875626 -0.14995049 -0.49784926 0.08277923 -0.5389772 -0.42382878 -0.36992028 3.1298532
0.023258315 0.009918168 0.14427131 -0.14450781 0.027284585 -0.45900655 0.31812117 -0.45513183 2.7178204
-0.12488843 -0.42654225 -0.05983142 -0.39585686 0.5379784 -0.27470732 -0.14758402 -0.5942338 3.6779692
0.49717972 -0.8889802 0.31062922 1.3633113 1.3198031 -1.1246116 1.237614 -0.21257499 0.0
-0.09584393 -0.5300264 -0.25022653 -0.3260144 -0.1564875 -0.04153695 -0.26056388 -0.44221514 3.3997703
-0.70317817 0.3785389 -0.19227538 -0.25344288 -0.059125975 -0.60607165 0.2597722 0.060913365 2.0722215
-0.42352673 -0.29944503 -0.45021328 -0.16339642 -0.38033798 -0.2958435 -0.0175833 -0.20258807 3.5047717
-0.76200616 -0.17079361 1.3519822 2.3342462 -0.8174827 -0.9295755 -0.6501328 1.7128186 0.0
-0.41447055 -0.2955692 -0.37680924 -0.36590222 -0.3967519 -0.35409498 -0.18457161 -0.27722773 3.4779382
-0.4377393 -0.38703206 -0.47423542 -0.53347695 -0.29803136 -0.19258955 -0.4027375 -0.38297364 3.4490395
-0.2058263 -0.38720444 -0.30711544 -0.44435716 -0.35102227 -0.24611247 -0.3379906 -0.37927607 3.4991267
0.059504997 -0.90693927 -0.19264607 2.5764542 -0.09736398 -0.5731344 -0.2546527 1.0947057 0.0
-0.2405913 -0.41040835 -0.46417198 -0.38271663 -0.3086181 -0.4137163 -0.31236807 -0.35918468 3.3112085
-0.35404062 -0.26638547 -0.48036602 -0.5513039 -0.2690376 -0.37315074 -0.3475033 -0.36339688 3.6182673
-0.089076616 -0.4627414 -0.3753811 -0.5056495 -0.26116067 -0.23408654 -0.38140884 -0.3680858 3.5323274
0.7214983 -0.66465276 0.66354674 0.64451146 0.07924177 0.17065375 -0.009813722 0.6354565 0.0
-0.12378536 -0.53622293 -0.47147593 -0.6217278 -0.46081063 -0.3494769 -0.36662045 -0.50072134 3.4277914
-0.23327196 -0.025064759 -0.46954152 -0.53635186 -0.2432033 -0.3054966 -0.42357948 -0.50177026 3.499488
-0.23389451 -0.38367334 -0.35257772 -0.57824856 -0.32160243 -0.2737489 -0.386963 -0.5560667 3.550782
0.5452318 1.5741354 0.3560353 -0.083130956 0.98075604 1.1052488 0.36583316 -0.36483833 0.0
