-0.042542193 -0.34264654 -0.09047921 -0.24409966 3.8060663 -1.0327076 -0.014295647 -0.19627759 0.0
0.2783993 -0.34218365 3.9759998 -0.7282952 -0.05969172 -0.26138097 -0.1827031 -0.10823217 0.0
0.30763227 -0.39940712 0.04819978 -0.40858287 -0.17402828 -0.07964272 -0.7923953 -0.30159447 3.552179
-0.09188402 -0.1620886 -0.53393763 -0.6315097 0.23427539 -0.029318009 -0.19892699 -0.7586334 3.1410482
-0.33760756 -0.83689016 -0.058353588 -0.4469937 -0.34964302 -0.14741358 -0.21825224 -0.07593675 3.8414834
0.03194603 -0.40730742 -0.5419514 0.85115385 0.008086158 -0.15064348 3.7523358 -1.0604594 0.0
-0.07252699 -0.61586237 -0.38040218 -0.5290217 -0.2197177 -0.5882394 0.19961032 -0.040696282 3.5516608
-0.05605671 0.76865244 0.53079486 -0.8862953 -0.60600585 -1.1231325 -0.34288788 -0.47400403 3.2169607
-0.19751462 -0.14905882 -0.043801393 -0.7183237 0.29611158 0.20778747 -0.20590325 -0.59681004 3.2047043
-1.3991547 -1.2616756 0.0020738104 2.0126572 -1.2724456 -0.20970708 -0.87126696 4.6472797 0.0
-0.43800098 -0.36547622 0.26752114 -0.32963946 -0.1776513 0.2590318 0.24482994 -0.19188729 2.6460497
0.49434587 -0.050552376 -0.1556958 -0.42666554 -0.3912981 -0.22188765 0.0067769224 0.6751058 2.2557108
-0.11063668 -0.077045314 -0.3207523 -0.5372576 -0.12327534 -0.08527492 -0.43426073 0.4562326 2.92161
-0.6862565 -0.200106 -0.6614695 5.3572483 -0.19311313 -0.10191085 -0.6587899 -0.3225448 0.0
-0.13497631 -0.13810532 -0.13778384 -0.41702312 0.12226975 -0.031184345 0.10799842 -0.24707687 2.393936
-0.14710017 -0.1521737 -0.16499224 -0.110968195 -0.4789086 -0.093599536 -0.09883787 -0.53969395 3.0370185
-0.34311703 -0.03192542 -0.5541617 -0.106874615 -0.13659263 -0.16396934 -0.06508238 -0.05869412 3.164933
2.025589 -1.3257792 -0.43912137 2.0956607 -0.18728243 -1.0413139 -0.4170604 -0.3083727 0.0
-0.004051407 -0.03807453 -0.12571418 -0.101144485 -0.03281362 -0.22191572 0.009459894 -0.059978478 2.3058002
-0.12755445 -0.30472502 0.0055348105 -0.03063091 -0.006064395 -0.027371943 0.2919067 -0.04769177 1.4838909
-0.010383243 -0.044094976 -0.15578412 0.031333465 -0.11220848 -0.07174181 -0.5447846 -0.50847304 2.5049522
-0.43176916 0.0016781631 0.24591716 -0.46765098 2.5165741 -0.06023775 0.56286156 -0.43488282 0.0
