0.35258663 0.45546687 -0.19260949 -0.90038586 3.74366 -0.04250157 -0.05231013 -1.0709546 0.0
0.5208574 -0.099002756 1.9246389 0.38279903 1.0611447 1.1585615 -0.57113653 -0.10555122 0.0
0.31328043 0.1501058 -0.15530409 -0.61045843 0.14860588 -0.6008096 -0.4778448 -0.6583775 3.318184
0.009883632 0.12510692 0.25118104 -0.08952395 0.14158331 -0.42227226 0.3329683 -0.66591406 2.7063584
-0.052470494 -0.48739675 0.020689396 -0.4805917 0.6066696 -0.47069407 -0.21791999 -0.72918165 3.9595485
0.49635157 -0.68989325 0.5240837 1.3078103 1.3105334 -0.88900054 1.0240635 -0.16806918 0.0
-0.12200903 -0.6356011 -0.23464005 -0.47316062 -0.13642812 -0.07013549 -0.45755863 -0.51017594 3.8133657
-0.8104441 0.2392116 -0.19553235 -0.26491004 -0.041492134 -0.6540475 0.5290187 -0.11196733 2.2514384
-0.40209037 -0.32560652 -0.46014962 -0.1484195 -0.4409707 -0.28604335 -0.039248917 -0.3211372 3.7339737
-0.6628923 0.083219305 1.5553299 2.0175557 -0.73998094 -0.86046505 -0.51632285 1.5899286 0.0
-0.41947857 -0.3831543 -0.58449095 -0.45369387 -0.45987168 -0.40775213 -0.26038727 -0.38567686 3.8657103
-0.61661226 -0.5029969 -0.50621635 -0.5961568 -0.4026416 -0.4263393 -0.5151907 -0.5077412 3.8172398
-0.28020436 -0.5235356 -0.3232201 -0.5028822 -0.3568296 -0.45789334 -0.46849158 -0.41804814 3.8873048
0.36381903 -0.73226434 -0.24133871 1.9957741 -0.070349745 -0.4292535 -0.16579276 1.3913236 0.0
-0.4330692 -0.5187736 -0.6258793 -0.54344213 -0.38145497 -0.3939033 -0.4902978 -0.5520893 3.6583474
-0.46359822 -0.42432797 -0.5192733 -0.5911762 -0.26657355 -0.35780522 -0.40209123 -0.55870813 3.867955
-0.16834627 -0.614905 -0.51122355 -0.5729271 -0.34279552 -0.35044867 -0.39710912 -0.48232302 3.8732953
0.58444315 -0.53800386 0.51212776 0.5732217 0.17622977 0.26368544 0.2692001 0.70275205 0.0
-0.09155416 -0.59673464 -0.5880961 -0.6383258 -0.48205093 -0.58899415 -0.42715338 -0.69995373 3.5652993
-0.3617544 0.11268213 -0.64807993 -0.61825013 -0.25611013 -0.40443566 -0.45840022 -0.7071696 3.7052612
-0.34975192 -0.44352302 -0.5274149 -0.66596526 -0.24879068 -0.31853744 -0.46443963 -0.67395526 3.7557123
0.40950757 1.0793737 0.23370361 -0.47093216 1.838816 0.8169253 0.3082561 -0.74459976 0.0
