-0.24538153 -0.70441115 -0.17017442 -0.50801075 4.6626124 -1.3261791 -0.045405373 -0.60966814 0.0
-0.18461846 -0.83716655 5.1307864 -1.0270321 -0.23854555 -0.6761815 -0.66639036 -0.23692928 0.0
0.010289715 -0.6819914 0.12243032 -0.108687095 -0.63249564 -0.20627666 -0.9193583 -0.26939723 3.5842135
-0.3335938 -0.2668753 -0.77503777 -0.8246282 0.5348578 -0.0758679 -0.2602547 -0.9874869 3.6007903
-0.43297833 -0.9855691 -0.2707532 -0.62027484 -0.45511627 -0.24552703 -0.48208743 -0.23824555 4.2782874
0.03572262 -1.1108 -0.71369416 0.85393775 0.009628743 -0.7820665 3.7639573 -1.074502 0.0
-0.19478604 -0.536692 -0.52072966 -0.8884984 -0.54425263 -0.9064918 0.22485481 -0.1960549 3.9314036
-0.43285942 0.98081374 0.6014273 -1.1404501 -0.68144685 -1.1657541 -0.4789423 -0.7768297 3.32871
-0.619885 -0.22576447 -0.1558743 -0.89706665 0.35932213 0.23452815 -0.27887732 -1.0513663 3.492937
-1.4724336 -1.5528473 0.0028052595 2.0626554 -1.7340417 -0.6726565 -1.1601028 4.7502775 0.0
-0.7159042 -0.6683436 0.34707204 -0.56218976 -0.41992196 0.29973832 0.27183712 -0.4412781 2.860469
0.7081415 -0.107593566 -0.31894618 -0.5330979 -0.71239537 -0.4834451 0.01049193 0.79506046 2.5148547
-0.43316987 -0.10333344 -0.008389157 -1.0321921 -0.15718023 -0.16669855 -0.561341 0.16064699 2.9780295
-0.8474448 -0.36931616 -0.37474543 5.0693274 -0.57835656 -0.5683964 -0.72588587 -0.4161342 0.0
-0.42470568 -0.2788879 -0.3751823 -0.70276874 0.2581931 -0.355816 0.16522959 -0.47770223 3.0567026
-0.34691426 -0.24768373 -0.3542777 -0.11438166 -0.7459817 -0.4011333 -0.07722742 -0.742535 3.439474
-0.43970034 -0.27208215 -0.71668047 -0.21466595 -0.3411613 -0.31728306 -0.27137613 -0.2867842 3.7202122
2.0452952 -1.6164637 -0.5613962 2.129456 -0.21211626 -1.3730528 -0.419563 -0.3536197 0.0
-0.0077498257 -0.3180024 -0.19035472 -0.5238751 -0.20956643 -0.25771117 0.04681551 -0.26014173 3.03072
-0.580942 -0.6816368 0.03156991 -0.17936149 -0.05598291 -0.14694688 -0.21420234 -0.14078178 2.8443117
-0.16698253 -0.19100577 -0.40110344 0.044322807 -0.40786067 -0.34186515 -0.7649472 -0.8320629 3.5857933
-0.5433239 0.0017617719 0.28370777 -0.5522932 2.609887 -0.07026181 0.62390137 -0.62834954 0.0
