-0.044901446 -0.3503162 -0.09225207 -0.24965835 3.829807 -1.0406638 -0.014812935 -0.20323813 0.0
0.27903953 -0.35172033 3.984724 -0.73601884 -0.06229155 -0.2691288 -0.19012125 -0.11086954 0.0
0.30792308 -0.40602317 0.049600966 -0.40869126 -0.18107462 -0.082007125 -0.79601663 -0.30624026 3.5530841
-0.09560213 -0.16458961 -0.5400799 -0.63670194 0.24029574 -0.030191295 -0.20057443 -0.76480156 3.154238
-0.34019527 -0.84109974 -0.061176624 -0.4515114 -0.3522423 -0.14974122 -0.22421056 -0.07865462 3.854191
0.03205573 -0.42005625 -0.5465494 0.85123754 0.008129583 -0.1584767 3.7526934 -1.0608873 0.0
-0.07476368 -0.6186409 -0.38408613 -0.52945566 -0.22622317 -0.5961003 0.20034097 -0.04271472 3.5544438
-0.05971283 0.77442753 0.5328333 -0.89317906 -0.60819334 -1.1244164 -0.3464232 -0.4812481 3.220333
-0.20458414 -0.15097108 -0.04554577 -0.72323847 0.2978749 0.20856066 -0.20782945 -0.6072759 3.213181
-1.4013473 -1.2697394 0.0020931286 2.014171 -1.2845863 -0.21735865 -0.8789559 4.650408 0.0
-0.44465837 -0.37230265 0.26966715 -0.3350878 -0.18255089 0.26019433 0.24561718 -0.19686121 2.652407
0.49982974 -0.051739406 -0.15916418 -0.42959145 -0.39856467 -0.22588246 0.006868483 0.67799634 2.2632344
-0.11538177 -0.07773105 -0.3207901 -0.54616666 -0.12419801 -0.08704913 -0.43769515 0.45648453 2.921946
-0.69071376 -0.20390815 -0.6615049 5.3575315 -0.19973698 -0.10744937 -0.6607529 -0.32507658 0.0
-0.13981928 -0.14111964 -0.14209305 -0.42375964 0.12510708 -0.033616953 0.10941792 -0.25213167 2.4119442
-0.15103059 -0.15446708 -0.16891216 -0.11157233 -0.4854655 -0.09788689 -0.101009175 -0.54500514 3.0495844
-0.3457387 -0.03410571 -0.5585526 -0.10918618 -0.1404903 -0.16732833 -0.06801557 -0.061630838 3.1806655
2.0262663 -1.3338672 -0.4424443 2.0963504 -0.18799926 -1.0457206 -0.41825098 -0.30967087 0.0
-0.004132941 -0.040649246 -0.12732574 -0.10639786 -0.035806965 -0.2278918 0.009937381 -0.06319386 2.3279314
-0.13364707 -0.31235638 0.0058397534 -0.032703932 -0.0065049524 -0.028847456 0.29186654 -0.049305998 1.4843103
-0.011313289 -0.04613021 -0.16037935 0.031648308 -0.116753034 -0.07527437 -0.55048984 -0.51621985 2.5326416
-0.43482494 0.001680668 0.24655324 -0.4700442 2.5195909 -0.060529854 0.56463486 -0.43982348 0.0
