-0.069830865 0.012709281 -0.515669 -0.86513156 4.462404 -0.50019825 -0.46378168 -1.0881128 0.0
-0.19544162 -0.59125835 3.2951734 -0.008655197 0.692974 0.64444554 -0.8973088 -0.14058957 0.0
0.07756998 -0.065456405 -0.3822982 -0.38044074 -0.08795112 -0.4552065 -0.47601157 -0.40921155 3.2225037
0.020265419 -0.11215602 0.015606768 -0.23735686 -0.013461976 -0.42206421 0.21733141 -0.3127733 2.6257174
-0.29898185 -0.43564475 -0.0938979 -0.38825133 0.3225251 -0.17545664 -0.16661486 -0.39828336 3.4769495
0.36991495 -1.1874509 -0.016744994 1.753931 1.3763592 -1.6325647 1.4147551 -0.40645114 0.0
-0.102845766 -0.34031475 -0.3040088 -0.39460403 -0.28047866 -0.13720857 -0.35394698 -0.55976236 3.2953687
-0.72483104 0.2969385 -0.19497834 -0.37385854 -0.16222945 -0.5353269 -0.0093532605 0.30046442 2.1191156
-0.50986147 -0.27371594 -0.3080957 -0.288552 -0.3672634 -0.31579113 0.07724265 -0.33319584 3.257759
-1.1089478 -0.4488775 1.1369207 2.9371002 -1.137754 -1.045093 -0.5773114 1.5992007 0.0
-0.36363304 -0.28409204 -0.3604187 -0.50748634 -0.38495103 -0.48189965 -0.057808347 -0.20132788 3.2467682
-0.3818719 -0.34737745 -0.47483405 -0.63887066 -0.43374515 -0.2566535 -0.5287821 -0.42140448 3.5133817
-0.26233682 -0.5081921 -0.42098904 -0.49402693 -0.41169193 -0.10259788 -0.5009589 -0.25525048 3.4275253
-0.28182465 -1.0993465 -0.42763612 3.3033538 -0.3507163 -0.8220551 -0.38971007 0.92503107 0.0
-0.35088888 -0.44007865 -0.3501983 -0.50757205 -0.2640937 -0.34541592 -0.414775 -0.22947897 3.1997836
-0.3158127 -0.48933917 -0.2724356 -0.5402941 -0.39106303 -0.41323882 -0.30813253 -0.40413687 3.5163803
-0.08261498 -0.35489097 -0.2066729 -0.6576818 -0.23283225 -0.23721021 -0.33546302 -0.43523476 3.3184857
0.6473595 -1.0142939 0.86915624 1.0926536 -0.14271072 -0.25309002 -0.28276032 0.7537479 0.0
-0.3618429 -0.40993077 -0.4542929 -0.6064016 -0.5427626 -0.39735124 -0.48909158 -0.3441613 3.4829383
-0.34654304 -0.23564017 -0.38265342 -0.48441702 -0.2941857 -0.41005936 -0.35547045 -0.3550581 3.4286025
-0.39883885 -0.6564183 -0.37251312 -0.49123296 -0.3090867 -0.3313831 -0.33486173 -0.4284319 3.5088115
0.31163236 2.2567832 0.38106084 -0.058370914 0.31350204 1.2170383 0.4378927 -0.34752852 0.0
