-0.24297188 -0.70155007 -0.16956845 -0.5059127 4.6572576 -1.3243052 -0.04511041 -0.6057816 0.0
-0.18171082 -0.8329478 5.1237774 -1.0250388 -0.23669001 -0.6725632 -0.6615435 -0.23588371 0.0
0.010233445 -0.67993313 0.12178801 -0.10804183 -0.62790805 -0.20517196 -0.91858613 -0.26527622 3.5817776
-0.33117723 -0.2661246 -0.7734074 -0.8233854 0.5323703 -0.07546029 -0.2598597 -0.9860149 3.5980084
-0.43236986 -0.9846583 -0.2684219 -0.61913085 -0.45449555 -0.24482049 -0.4796942 -0.23671408 4.275683
0.035700057 -1.1045221 -0.7125846 0.8539222 0.009618923 -0.7748355 3.7638907 -1.074422 0.0
-0.19370332 -0.5333121 -0.5198064 -0.88702655 -0.5555192 -0.90427923 0.22470345 -0.19432591 3.9306712
-0.42789254 0.97946244 0.6010027 -1.1388258 -0.68099445 -1.1655085 -0.47803867 -0.7746645 3.328067
-0.6158975 -0.22523548 -0.15475981 -0.8959405 0.35892946 0.23436765 -0.2783996 -1.0480077 3.491236
-1.4720085 -1.5510252 0.0028004744 2.062368 -1.7310097 -0.66824704 -1.1582268 4.7496896 0.0
-0.71391964 -0.66607255 0.34656173 -0.5604984 -0.4242397 0.29949108 0.27167633 -0.4392085 2.859766
0.7067046 -0.10713575 -0.3176574 -0.53242725 -0.70998836 -0.48180428 0.010466053 0.7948123 2.5130165
-0.4298493 -0.10285971 -0.008369852 -1.0288664 -0.15696451 -0.16606879 -0.56052715 0.1601393 2.97608
-0.8464347 -0.36804023 -0.3704794 5.066974 -0.5747878 -0.5629176 -0.7254879 -0.4155354 0.0
-0.4219683 -0.27778345 -0.37306765 -0.70069975 0.25710708 -0.350999 0.16483305 -0.47592697 3.0524805
-0.34524277 -0.24700308 -0.35275257 -0.12527533 -0.7441169 -0.3978562 -0.076897815 -0.74119717 3.4452462
-0.43908435 -0.2688217 -0.71563935 -0.21382341 -0.33940348 -0.31610256 -0.2699275 -0.2842333 3.7168918
2.045178 -1.6146529 -0.5606172 2.12932 -0.21196696 -1.3718085 -0.41934097 -0.35334605 0.0
-0.007721509 -0.31422684 -0.18990904 -0.51904166 -0.20606752 -0.25522515 0.046397634 -0.25764593 3.025093
-0.57599735 -0.6785451 0.03126189 -0.17722644 -0.057010632 -0.14554276 -0.21115133 -0.13992481 2.8363326
-0.16439769 -0.18943429 -0.39896834 0.044241298 -0.40490326 -0.33887053 -0.76348126 -0.82975084 3.5785074
-0.5426186 0.0017612875 0.29877126 -0.551774 2.6022983 -0.070199214 0.6235398 -0.62704414 0.0
