-0.21955498 -0.6728375 -0.16346999 -0.48486567 4.6026325 -1.3052186 -0.04219023 -0.56728077 0.0
-0.15437195 -0.7908423 5.0523825 -1.0047957 -0.21845114 -0.63651276 -0.6137689 -0.22541128 0.0
0.31816855 -0.6591561 0.11538456 -0.3477224 -0.5826849 -0.19416529 -0.9106959 -0.22643177 3.5127084
-0.3073533 -0.2585383 -0.75686485 -0.81073385 0.50760734 -0.07142745 -0.255839 -0.97125715 3.5696907
-0.42617178 -0.97535616 -0.2456128 -0.6074741 -0.44817126 -0.23768272 -0.45579723 -0.22154668 4.2490263
0.03546925 -1.0420836 -0.70129156 0.8537637 0.009521762 -0.70434886 3.763213 -1.0736016 0.0
-0.18292789 -0.49981478 -0.5104212 -0.872056 -0.5344843 -0.8818727 0.22315545 -0.17742945 3.908894
-0.3806712 0.9658648 0.59665996 -1.1222823 -0.6764502 -1.1629908 -0.4688588 -0.75277966 3.3214834
-0.5764084 -0.2198753 -0.1437926 -0.8844598 0.35492146 0.2327264 -0.2735418 -1.0141382 3.473821
-1.4676522 -1.5324421 0.0027517565 2.059422 -1.700186 -0.6246101 -1.1391398 4.7436595 0.0
-0.69385916 -0.6431965 0.34136546 -0.54341054 -0.40696982 0.29696444 0.27003112 -0.41851214 2.8471637
0.6921209 -0.10254624 -0.3047221 -0.52558964 -0.68573964 -0.46527588 0.010204035 0.7886407 2.4970226
-0.3971836 -0.10095856 -0.008279789 -0.99533564 -0.15476683 -0.15973893 -0.55224067 0.15511425 2.957289
-0.83613336 -0.3551917 -0.6614702 5.364878 -0.53939426 -0.509624 -0.7214145 -0.40943697 0.0
-0.39486098 -0.26669306 -0.3520317 -0.6798057 0.24621706 -0.30497205 0.16081622 -0.45807663 3.0094495
-0.3284982 -0.240122 -0.33746746 -0.13096242 -0.72508645 -0.36571547 -0.07359378 -0.7276004 3.4236312
-0.43280965 -0.23751639 -0.70503795 -0.20536156 -0.32186973 -0.30423295 -0.24889456 -0.2593154 3.6821966
2.0416021 -1.5961787 -0.55268174 2.130244 -0.21044038 -1.3588583 -0.41706842 -0.350549 0.0
-0.0074365437 -0.27795413 -0.18539305 -0.47191676 -0.17328015 -0.49867037 0.042299066 -0.23336086 3.0659547
-0.5275958 -0.6476016 0.028267492 -0.15671746 -0.051009122 -0.1338221 -0.18222359 -0.13142145 2.7526217
-0.14005727 -0.17402647 -0.3776921 0.043413054 -0.37574813 -0.30959675 -0.7485916 -0.8063795 3.5045636
-0.53542954 0.0017563227 0.3069582 -0.54647166 2.591933 -0.069559745 0.6198395 -0.61379695 0.0
