-0.78236365 -0.6141079 -0.3171844 -0.58440596 4.75066 -0.80515313 -0.35277563 -1.1380405 0.0
-0.95669633 -0.8679047 5.0847206 -0.5727967 -0.4059236 -0.6600631 -1.1397915 -0.3864792 0.0
-0.41344556 -0.35128504 -0.370785 -0.50008005 -0.35899824 -0.033775065 -0.28861287 -0.59219164 3.3559194
-0.21333334 -0.6186123 -0.49478886 -0.86051863 0.008690544 -0.18518709 -0.08655069 -0.341533 3.1606915
-0.45159322 -0.5385024 -0.86983865 -0.37957552 -0.035479996 -0.5879698 -0.40930653 -0.34479952 3.7058134
0.00968419 -1.6331431 -0.70805794 2.7412572 -0.115609646 -1.7698408 2.340571 -0.91030514 0.0
-0.29007903 -0.59133184 -0.69045836 -0.44453508 -0.20523016 -0.56567144 -0.31485575 -0.52015024 3.5366452
-0.97670335 0.05566785 -0.28604037 -0.63377666 -0.36109608 -0.34885183 -0.018276248 -0.61067665 3.1255739
-0.74935144 -0.28339627 -0.78126776 -0.6994806 -0.20674977 -0.1145698 -0.13972592 -0.7348478 3.6142507
-1.0085436 -1.2100742 0.69440943 2.0010843 -1.4939684 -1.6181834 -1.3337822 3.6189294 0.0
-0.29648978 -0.23934709 -0.2857593 -0.2637681 -0.58181584 -0.7498654 -0.42324743 -0.32376048 3.199776
-0.33972332 -0.15504013 -0.7762397 -0.4288683 -0.5790953 -0.048755787 -0.35973477 -0.46778214 3.4646132
-0.40965632 -0.38454533 -0.0068900073 -0.24021725 -0.15000698 -0.5529951 -0.6769659 -0.42066556 3.223073
-0.63810056 -1.0299008 -0.96823305 4.5775385 -0.85116327 -1.1119324 -0.7813969 -0.18579286 0.0
-0.42355448 -0.07651483 -0.060502958 -0.45167217 -0.31412923 -0.30993727 -0.41974512 -0.5167201 3.0910106
-0.2556327 -0.46941885 -0.3504703 -0.20759813 -0.4140137 -0.39683884 -0.6607414 -0.8083075 3.5247204
-0.37849385 -0.22630835 -0.42004615 -0.6015219 -0.11077238 -0.6942532 -0.38512352 -0.36581933 3.3997357
1.20027 -1.3535372 0.067753926 1.6124029 0.007947714 -0.74194413 -0.22735898 0.12909931 0.0
-0.466349 -0.366477 -0.59575146 -0.6697048 -0.49863118 -0.41676882 -0.032029323 -0.3173991 3.543685
-0.40365356 -0.29148728 -0.3927503 -0.27471983 -0.40661266 -0.43813407 -0.356225 -0.23161665 3.1451778
-0.5412262 0.46406332 -0.70817584 -0.50034237 -0.45522222 -0.32228604 -0.115412645 -0.28149667 3.093589
0.09046693 0.6764579 0.6588252 -0.8419277 2.2362864 0.05172225 0.20927307 -0.81100696 0.0
