-0.28043264 -0.89110875 -0.20911303 -0.7825733 5.0008593 -1.4390687 -0.066148885 -0.8818165 0.0
-0.46114856 -1.1208857 5.552899 -1.1491473 -0.3744108 -0.9218431 -1.015878 -0.3058816 0.0
0.028462857 -0.32831636 0.10925328 -0.15101665 -0.6260632 -0.4038984 -0.43576428 -0.65269285 3.1836972
-0.5134577 -0.4284997 -0.59921604 -0.7722527 0.51061165 -0.07793483 -0.5396736 -0.86948866 3.6292837
-0.35555214 -0.7036164 -0.24103355 -0.4712984 -0.23355648 -0.5442699 -0.59437305 -0.4390775 3.9166517
0.13075708 -1.5412749 -0.8318863 1.288977 0.043192465 -1.3593134 3.7814841 -1.415866 0.0
-0.26874882 -0.7243427 -0.48656896 -0.97091293 -0.5603909 -1.043951 -0.009003308 -0.32088876 4.1763244
-0.58944196 0.57336736 0.39771396 -1.0120853 -0.76362073 -0.9531133 -0.2529756 -0.67283404 3.1606631
-0.8998728 -0.42334598 -0.21093877 -0.73324525 -0.05326662 0.15968965 -0.28172362 -0.83680475 3.6605854
-1.497204 -1.66185 0.13503158 2.0072093 -1.9185741 -0.9834811 -1.2738274 4.762192 0.0
-0.689792 -0.5672936 0.08201104 -0.9295898 -0.20681278 -0.29974574 -0.31723326 -0.44030768 3.6422217
0.28524625 -0.039946727 -0.31363338 -0.56431115 -0.55228233 -0.5837715 0.09667644 0.6565146 2.7749772
-0.72108006 -0.36331788 0.4074163 -1.0572438 0.17937244 -0.20457701 -0.9059855 -0.007642331 3.0718176
-0.90790653 -0.44582012 -0.7249917 5.0230484 -0.8268478 -0.99442154 -0.438073 -0.66451746 0.0
-0.6124419 -0.042133972 -0.27093682 -0.6889138 0.31105378 -0.585722 0.14067346 -0.8286774 3.1636004
-0.26439512 -0.62566304 -0.3788994 0.17701848 -0.6706437 -0.50339204 -0.06372717 -0.41144443 3.113137
-0.19315782 -0.54533964 -0.53317773 -0.24394165 -0.20822719 -0.24064001 -0.34922272 -0.4534736 3.4570718
1.1953508 -1.687728 -0.42674026 2.4487324 -0.18666561 -1.0814972 -0.14067791 -0.117836684 0.0
-0.20364645 -0.49830803 -0.22130696 -0.81592005 -0.5567037 -0.49499133 0.017744683 -0.43496186 3.3494406
-0.8559587 -0.70598453 0.22252648 -0.3533278 -0.3464635 -0.079823084 -0.25090477 -0.16144013 3.08931
-0.4107674 -0.30759537 -0.27826235 0.13674587 -0.57145643 -0.5680821 -0.8544281 -0.79687774 3.6812358
-0.5619195 0.16819648 0.4063367 -0.544847 2.3779266 0.17517044 0.45467466 -0.70875955 0.0
