-0.21522667 -0.20445614 -0.6923719 -0.7387142 4.6362066 -0.6281949 -0.54736537 -0.995596 0.0
-0.44992182 -0.6314303 3.9639168 -0.20767204 0.37678793 0.2507358 -1.0382088 -0.31474334 0.0
0.04803646 -0.29801992 -0.27680296 -0.37882707 -0.1562545 -0.34616047 -0.49280506 -0.48496822 3.2255485
-0.06477286 -0.41214004 0.082305595 -0.33099544 -0.0438437 -0.60121197 0.17197584 -0.18252964 2.7173514
-0.21323399 -0.3786225 -0.2830479 -0.3438818 0.2987924 -0.26802248 -0.24920115 -0.5601275 3.3724904
-0.012461885 -1.3259271 -0.18672526 1.9430453 1.3580835 -1.5763907 1.6954024 -0.70783395 0.0
-0.14076725 -0.61395776 -0.33988965 -0.46589395 -0.33513474 -0.14212991 -0.28381085 -0.59888506 3.3703809
-0.87635064 0.2732876 -0.25225693 -0.3145597 -0.21813454 -0.5134057 -0.057142038 -0.18157399 2.437566
-0.50728804 -0.43126345 -0.3775473 -0.6254772 -0.361012 -0.2707648 0.05297034 -0.026006026 3.2255144
-1.2861726 -0.6768597 0.89108026 3.400156 -1.2250197 -1.2933943 -0.5576551 1.5148374 0.0
-0.5572551 -0.31527963 -0.5145049 -0.67631257 -0.2708731 -0.25389484 -0.0113502145 -0.10559006 3.1575196
-0.3190155 -0.48459062 -0.6328833 -0.3943744 -0.45195448 -0.23895013 -0.3414958 -0.67393965 3.532517
-0.5516286 -0.2504674 -0.58176035 -0.5328091 -0.10327579 -0.2865336 -0.6407306 -0.26460204 3.4510407
-0.41645283 -1.2917134 -0.5452647 3.8379686 -0.41190746 -1.0687549 -0.43706027 0.61042434 0.0
-0.22515346 -0.3145202 -0.3727882 -0.6840278 -0.2622078 -0.32061505 -0.47351336 -0.3774192 3.2038045
-0.43314657 -0.31014904 -0.48757747 -0.6210727 -0.4537568 -0.4679103 -0.42636156 -0.42046717 3.6599932
-0.23867963 -0.5764297 -0.13788229 -0.37453413 -0.33140993 -0.36008382 -0.30132353 -0.32966182 3.2117088
0.24571905 -1.3721223 1.205273 1.3588643 -0.32550842 -0.54131836 -0.25041878 0.8677711 0.0
-0.28589034 -0.45761573 -0.42795533 -0.412913 -0.23036288 -0.49733734 -0.37392977 -0.51133585 3.3476288
-0.13382468 -0.33987013 -0.45942572 -0.42745003 -0.38648173 -0.29366943 -0.43907338 -0.42060015 3.356511
-0.4245774 -0.51237684 -0.66898626 -0.5714574 -0.26017904 -0.5320651 -0.37797284 -0.3574984 3.6362236
0.081677265 2.7670515 0.40139267 -0.2278858 0.031418037 0.9488396 0.31357083 -0.46147272 0.0
