-0.2769054 -0.9780545 -0.29006416 -0.85547066 4.888359 -1.2079084 -0.01987088 -1.0239133 0.0
-0.6130503 -1.2393203 5.7055864 -1.1944191 -0.43664256 -1.0255827 -1.174522 -0.33712143 0.0
0.29717922 -0.06321131 -0.12906748 -0.5416515 -0.8032926 -0.27341855 -0.59279627 -0.7992665 3.3517013
-0.31489798 -0.66948444 -0.6749012 -0.2735737 0.19967854 0.23602583 -0.21492276 -0.650039 3.0844126
-0.50865793 -0.80772877 -0.3233701 -0.5764349 -0.34347972 -0.7237157 -0.41599894 -0.5132089 4.1334076
0.20426683 -1.5044054 -0.6925538 1.5429503 0.0074217906 -1.542244 3.5134106 -1.23723 0.0
0.034843393 -0.5404651 -0.5072765 -0.7370479 -0.6330743 -0.8500574 -0.04775227 -0.408143 3.555001
-0.7496652 0.65246123 -0.04736482 -0.8953785 -0.99457926 -0.77789134 -0.023209417 -0.55926174 3.2427425
-0.92849714 -0.36185154 -0.34434462 -0.8579744 -0.069899395 0.38058197 -0.057363898 -0.6798122 3.3582165
-1.214625 -1.7019017 0.14032868 1.8046219 -1.9573298 -1.1208211 -1.066376 4.553647 0.0
-0.9219018 -0.47966278 0.3221304 -0.91768336 -0.24026987 -0.34797624 -0.3595778 -0.41416728 3.4909859
-0.2600791 -0.37919217 -0.5339181 -0.23947176 -0.6409566 -0.5849828 0.23530185 0.0175587 3.122586
-0.62869895 -0.43462136 0.49399632 -0.82498175 0.005829785 -0.42426658 -0.5411663 -0.20731264 2.9394798
-0.6391506 -0.51434654 -0.81290597 4.6531386 -0.9348878 -1.198405 -0.33792508 -0.42312902 0.0
-0.53835356 -0.49555695 -0.48626542 -0.7884544 0.031907596 -0.5199324 0.023010582 -0.92012167 3.5910602
0.1422222 -0.88042957 -0.11515951 0.26536864 -0.7922796 -0.39474583 -0.21213333 -0.4294566 2.8740678
-0.13968952 -0.5999894 -0.38488477 -0.12438582 -0.5220893 -0.5535986 -0.06256008 -0.12970324 3.105978
1.1479498 -1.8049998 -0.46924162 2.3462048 -0.14826371 -1.2401236 0.13910113 -0.00115531 0.0
-0.115277365 -0.666259 -0.5994992 -0.7918922 -0.7265827 -0.27431786 -0.049161848 -0.43329147 3.6904228
-0.73538196 -0.78553766 0.018136224 -0.4058317 -0.26314753 -0.13837059 -0.46809813 -0.14428312 3.2337
-0.5164653 -0.20011118 -0.43278232 -0.12406471 -0.4116957 -0.33324113 -0.6096999 -0.52392226 3.401702
-0.4513836 0.6760074 0.49653134 -0.4121953 1.8964852 0.17108706 0.5351017 -0.89561695 0.0
