-0.031484615 -0.30287418 -0.081204265 -0.215309 3.6764793 -0.9894741 -0.011725748 -0.16162147 0.0
0.27485856 -0.29357314 3.9277391 -0.68671614 -0.04706312 -0.2221048 -0.14634544 -0.09464036 0.0
0.30601692 -0.3644614 0.041083865 -0.40797943 -0.139481 -0.06765818 -0.77251595 -0.27696446 3.5471396
-0.07365296 -0.14883031 -0.5009659 -0.6033419 0.20337847 -0.024892908 -0.18999133 -0.7251616 3.068564
-0.3235439 -0.81381667 -0.04483919 -0.42263347 -0.335506 -0.1350885 -0.18782629 -0.062418018 3.771444
0.031341605 -0.34301457 -0.5170287 0.8506885 0.007848398 -0.11355042 3.750344 -1.0580779 0.0
-0.061230257 -0.6006069 -0.3605106 -0.5266097 -0.18673582 -0.5462935 0.19558762 -0.031068996 3.5361955
-0.03940741 0.7372515 0.5195784 -0.84889704 -0.59395933 -1.1160051 -0.32383716 -0.43558484 3.198234
-0.16235155 -0.13883692 -0.035231378 -0.69154227 0.28647524 0.20353127 -0.19549151 -0.54170215 3.1578805
-1.3870001 -1.2176719 0.0019693773 2.0042062 -1.206867 -0.17173034 -0.82963675 4.6299353 0.0
-0.40268356 -0.32966 0.25587165 -0.30085784 -0.15265374 0.25264814 0.24048941 -0.16637845 2.610907
0.4648695 -0.04441781 -0.13770348 -0.41072252 -0.35315973 -0.20088294 0.006288564 0.65922344 2.2142458
-0.08754106 -0.07333326 -0.3205418 -0.4902042 -0.11825786 -0.07602836 -0.41561016 0.45483133 2.919736
-0.6619413 -0.18017729 -0.6612737 5.3556595 -0.16001509 -0.07586675 -0.6479574 -0.30879334 0.0
-0.11089403 -0.12244617 -0.116049126 -0.38139483 0.1075939 -0.020509126 0.10041836 -0.22070512 2.2960398
-0.12699315 -0.14000227 -0.14475209 -0.10766122 -0.44395632 -0.07291542 -0.08756325 -0.511031 2.9679492
-0.32886782 -0.02208533 -0.5303181 -0.09485876 -0.11676561 -0.14644626 -0.050899763 -0.044705305 3.0786955
2.0218213 -1.2816008 -0.4210564 2.091823 -0.18333773 -1.0170976 -0.41048816 -0.30123836 0.0
-0.003625568 -0.026431633 -0.1170996 -0.07626308 -0.3297034 -0.19136415 0.0071884207 -0.04482525 2.4776978
-0.098334454 -0.2654803 0.0041040387 -0.021258121 -0.0041010133 -0.020424353 0.2915661 -0.03961432 1.4821206
-0.0064335484 -0.034286417 -0.13247843 0.029635439 -0.08992757 -0.054874565 -0.51405764 -0.46738204 2.3561664
-0.4151301 0.0016642747 0.24240284 -0.45453706 2.4998302 -0.058635723 0.5530821 -0.40834916 0.0
