-0.29626983 -0.9581672 -0.3687609 -0.83411354 5.1265473 -1.4655472 -0.072534285 -0.98605245 0.0
-0.57610947 -1.2044713 5.662152 -1.1813855 -0.41835755 -0.9949917 -1.1271033 -0.32574907 0.0
0.12758827 -0.27021182 0.16181308 -0.5074744 -0.76082194 -0.41059056 -0.36543155 -0.7729745 3.2659442
-0.32591003 -0.3101316 -0.65270644 -0.4534922 0.3999565 0.26617196 -0.44717303 -0.66163385 3.0915914
-0.39167082 -0.78039014 -0.29693612 -0.5526887 -0.32655317 -0.43890876 -0.49586943 -0.48223272 3.9319143
-0.05036208 -1.4570143 -0.9531383 1.4356809 0.02547423 -1.459793 3.85168 -1.4584769 0.0
-0.29307756 -0.7840034 -0.6075621 -0.9393502 -0.6183884 -0.8096635 -0.04546896 -0.3814651 4.0663066
-0.6982566 0.61338806 0.025052208 -0.8515284 -0.93892235 -0.7664895 -0.23306559 -0.4984303 3.2656598
-0.98603797 -0.28358856 -0.2824848 -0.81675756 -0.07248011 0.2620171 0.04171776 -0.9161696 3.456607
-1.5022097 -1.6898761 0.13873921 1.8199776 -1.966975 -1.0799757 -1.036949 4.80723 0.0
-0.8651709 -0.46015552 0.31933865 -0.9181162 -0.23930407 -0.29124576 -0.40449366 -0.5969127 3.5724072
0.01161441 -0.037941158 -0.57013494 -0.19265996 -0.6078539 -0.74498785 0.2605816 0.0409834 2.8861938
-0.6794838 -0.61904263 0.646944 -0.78682363 -0.0115976585 -0.39585105 -0.4982311 -0.16122304 2.883969
-0.9233339 -0.50552815 -0.8534598 4.884193 -0.9028044 -1.1415703 -0.21427548 -0.52612835 0.0
-0.49389383 -0.46685562 -0.44336948 -0.7669702 0.080084585 -0.5065983 -0.16252491 -0.8927097 3.6205173
0.052379124 -0.7625032 0.012928973 0.26715177 -0.47521564 -0.63036823 -0.09294193 -0.56351525 2.79191
-0.38542345 -0.57223535 -0.2598975 -0.10619472 -0.46052718 -0.5115097 -0.15890214 -0.5252035 3.3094122
1.2227752 -1.7169886 -0.46065286 2.3791034 -0.15997067 -1.1331335 -0.124398656 0.00018870318 0.0
-0.10136813 -0.69835806 -0.2810345 -0.746968 -0.7259849 -0.24933925 -0.051053204 -0.5405275 3.4249861
-0.6914852 -0.77037776 0.005243928 -0.2654906 -0.23143868 -0.13598561 -0.33474636 -0.2345299 3.1800597
-0.4437261 -0.15638497 -0.3862961 -0.16140038 -0.58478314 -0.37866506 -0.58263916 -0.6873379 3.4958942
-0.59389424 0.4694522 0.44175655 -0.43280846 2.0508502 0.2154235 0.58584535 -0.85761875 0.0
