-0.24115193 -0.08979628 -0.68604696 -0.8467961 4.679578 -0.6320967 -0.58017236 -1.015216 0.0
-0.4286208 -0.6079008 3.7250705 -0.13502519 0.5231676 0.41751546 -0.9358035 -0.30496293 0.0
0.118200146 -0.20517185 -0.41425887 -0.34913602 -0.112074 -0.41902715 -0.55180496 -0.42577168 3.2265627
0.07839033 -0.35364312 0.045512497 -0.34276775 0.0025691127 -0.5587546 0.16527893 -0.01070188 2.5845046
-0.2707092 -0.33805606 -0.22480719 -0.43333608 0.29851478 -0.3526051 -0.19548444 -0.49370134 3.4371817
0.06825463 -1.2409513 -0.067276016 1.760399 1.4056202 -1.6093924 1.6141952 -0.5268892 0.0
-0.14291565 -0.583545 -0.26319727 -0.50770926 -0.28773272 -0.12297372 -0.3967563 -0.5846686 3.3788555
-0.868995 0.20635727 -0.1508875 -0.3620938 -0.23434392 -0.43191892 0.004718426 -0.08136569 2.3405933
-0.5327238 -0.37694925 -0.35971603 -0.41945598 -0.25219616 -0.2570761 0.019008841 0.039308272 3.0931394
-1.2462524 -0.5759983 0.9572502 3.2265615 -1.2021697 -1.164379 -0.5542739 1.541909 0.0
-0.5486229 -0.36282387 -0.40426385 -0.47347525 -0.314857 -0.37391022 0.016725745 -0.11275404 3.1314666
-0.31035376 -0.45913336 -0.5443898 -0.48083702 -0.45748973 -0.17602576 -0.41292158 -0.57740635 3.4899678
-0.4226884 -0.3221713 -0.48257864 -0.5312982 -0.20427467 -0.2144583 -0.6272942 -0.28179705 3.419505
-0.3901245 -1.2678682 -0.41767502 3.7586799 -0.42223206 -0.9795514 -0.46838507 0.60023797 0.0
-0.3093764 -0.3726283 -0.48830718 -0.6159361 -0.17007796 -0.31660938 -0.52006847 -0.28927934 3.2381186
-0.38125876 -0.3194368 -0.4405976 -0.54388607 -0.49703217 -0.39118126 -0.39593714 -0.44511822 3.5722234
-0.1676164 -0.6001242 -0.066587284 -0.44220933 -0.40300432 -0.311019 -0.29497352 -0.3720918 3.2358065
0.4058735 -1.2584955 1.1034949 1.2079365 -0.28660017 -0.4957146 -0.2016767 0.87335616 0.0
-0.34452072 -0.40052715 -0.3208278 -0.499273 -0.3679942 -0.4374163 -0.38694936 -0.3272241 3.3350446
-0.1743976 -0.26530692 -0.45421526 -0.43342125 -0.3086954 -0.4571589 -0.4343073 -0.34284416 3.3589377
-0.312373 -0.5262127 -0.6750818 -0.5204123 -0.22725327 -0.46316698 -0.36903206 -0.3287484 3.534394
0.16406305 2.5960064 0.48603803 -0.20250864 0.07001471 1.0462544 0.4168288 -0.39496723 0.0
