-0.58721817 -0.6176864 -0.4695336 -0.7196461 5.0019536 -0.9654228 -0.5040839 -1.2238181 0.0
-0.83351016 -1.0230324 5.2591405 -0.75963044 -0.41496438 -0.72179824 -1.2307076 -0.42266703 0.0
-0.22752422 -0.5917735 -0.26261494 -0.7526021 -0.33820257 -0.15127054 -0.400467 -0.9989348 3.6307876
-0.52110666 -0.7192312 -0.4749618 -0.9128003 -0.008635409 -0.07089386 -0.10238379 -0.45809776 3.3536255
-0.5237396 -0.5921291 -0.6567089 -0.24305575 -0.117954634 -0.613106 -0.4091824 -0.07154127 3.5552552
0.0010173076 -1.9389517 -0.69773066 2.365699 -0.18749955 -1.7233802 2.954132 -1.0839031 0.0
0.17018887 -0.48274216 -0.7859588 -0.3931914 -0.47994876 -0.5155515 -0.49440426 -0.43215427 3.4270227
-1.2210674 0.22537746 -0.2918386 -0.6362213 -0.50618064 -0.3219137 -0.3259562 -0.5575091 3.3418531
-0.63008165 -0.23000355 -0.4732088 -0.45972443 -0.35831612 -0.086832516 -0.26819685 -0.80792826 3.435142
-1.1131555 -1.0814679 0.4270862 1.857271 -1.4311813 -1.4924445 -1.3571333 3.8796134 0.0
-0.46353465 -0.30271778 -0.13291271 -0.24835154 -0.38111606 -0.7217365 -0.48704332 -0.35568717 3.1923063
-0.33162746 -0.070859775 -0.72819275 -0.55781597 -0.37654546 -0.048787568 -0.38879716 -0.33407217 3.336028
-0.3176604 -0.10478352 0.09114093 -0.4191058 -0.15154271 -0.40326583 -0.84485036 -0.5957107 3.1437032
-0.6647516 -0.9842088 -1.1343576 4.731459 -0.89247847 -1.4199697 -0.52463 -0.18575162 0.0
-0.48123652 -0.12463237 -0.062031504 -0.3779528 -0.29863918 -0.3869697 -0.36141124 -0.5481854 3.0785851
-0.063193046 -0.83507776 -0.08199897 -0.3503797 -0.31521833 -0.4006889 -0.5002883 -0.6000314 3.3666883
-0.57851094 -0.31503242 -0.24990581 -0.22485678 -0.3538982 -0.8606471 -0.4618434 -0.42713633 3.4821193
1.4881228 -1.15399 -0.30431423 1.5932753 0.12221424 -0.9940663 -0.14005645 -0.025511319 0.0
-0.11392232 -0.43389115 -0.6510785 -0.5614728 -0.5954399 -0.44555572 0.1886192 -0.3662872 3.3929136
-0.39830628 -0.35783973 -0.18737306 -0.23777606 -0.712074 -0.3725113 -0.4166382 -0.14883043 3.123563
-0.5336497 0.6713074 -0.49010548 -0.2961435 -0.7318394 -0.25191727 -0.39631724 -0.53502274 3.0215468
-0.034953102 0.7110469 0.7467571 -0.7762899 2.1152213 0.12811871 0.23943837 -0.8857561 0.0
