-0.021361327 -0.25839248 -0.070650145 -0.18318562 3.5163047 -0.9364958 -0.009084302 -0.12584488 0.0
0.27036905 -0.24101186 3.8665116 -0.63668174 -0.034648687 -0.18009411 -0.109963216 -0.079623304 0.0
0.3039511 -0.3239433 0.033445526 -0.40720445 -0.10488671 -0.054842386 -0.74766874 -0.24819934 3.5406678
-0.055394035 -0.13334848 -0.4615112 -0.5689351 0.16952068 -0.020163702 -0.1790802 -0.6842534 2.9777713
-0.3063049 -0.78506064 -0.031933248 -0.39322698 -0.31815162 -0.12072857 -0.15481102 -0.0484897 3.6832192
0.030580677 -0.27494344 -0.48663568 0.8500903 0.007552712 -0.078886054 3.7477837 -1.0550218 0.0
-0.049234748 -0.581532 -0.3364348 -0.5235225 -0.15144983 -0.4966801 0.19053063 -0.021941954 3.516397
-0.025019106 0.69872487 0.50549424 -0.80308586 -0.57881093 -1.106901 -0.30086932 -0.7109978 3.2494545
-0.12612425 -0.12670566 -0.026614903 -0.658544 0.27453527 0.19818287 -0.18286343 -0.47819474 3.098645
-1.3715174 -1.163302 0.0018426819 1.9933852 -1.1274332 -0.13276914 -0.77897966 4.6077166 0.0
-0.36138523 -0.28867364 0.24162355 -0.26747885 -0.1255751 0.24466495 0.23501751 -0.13846314 2.5663784
0.42945835 -0.037602812 -0.11756662 -0.39108032 -0.30948725 -0.17674477 0.0057114353 0.63933593 2.1619716
-0.06474607 -0.06881815 -0.3202713 -0.43565527 -0.112100445 -0.06558516 -0.39278343 0.45303482 2.9173265
-0.6319162 -0.15741692 -0.6610214 5.353618 -0.12560444 -0.05186561 -0.63428134 -0.29195634 0.0
-0.08609569 -0.104871765 -0.09303142 -0.33997974 0.09126264 -0.10740078 0.09143993 -0.19085672 2.1873794
-0.105096765 -0.12575772 -0.12230557 -0.10355047 -0.40269944 -0.052855544 -0.07492065 -0.47637302 2.8813982
-0.3113986 -0.013733256 -0.5011386 -0.08135678 -0.09541323 -0.12661618 -0.037084118 -0.03147798 2.9712093
2.0169842 -1.2269154 -0.3988989 2.086896 -0.17838417 -0.9867652 -0.40218404 -0.29230067 0.0
-0.0031425871 0.08967664 -0.10687516 -0.05300233 -0.3248144 -0.15813708 -0.08322673 -0.030799106 2.4078307
-0.07032756 -0.22230223 0.0027913372 -0.013273963 -0.0024763546 -0.014004872 0.2911203 -0.0311931 1.4798545
-0.009392704 -0.024793778 -0.10506215 0.027584858 -0.06761751 -0.03884959 -0.47705087 -0.41934395 2.1777587
-0.3946586 0.0016465741 0.2379549 -0.43820223 2.4784517 -0.056636825 0.54074866 -0.37656936 0.0
