-0.45437968 -0.49251202 -0.31610328 -0.49692613 4.5367875 -0.6942773 -0.4629689 -1.0872341 0.0
-0.8503591 -0.82344943 4.7582684 -0.5444486 -0.19728176 -0.34675995 -1.1670426 -0.3200354 0.0
-0.37476227 -0.35103992 -0.49891162 -0.6921663 -0.31995893 0.09648292 -0.44465587 -0.5685214 3.4999828
-0.14873855 -0.55809593 -0.40541852 -0.89822674 0.15737246 -0.14244583 -0.17027467 -0.39603648 3.104557
-0.13384822 -0.53382653 -0.806492 -0.40654448 -0.11928846 -0.30887586 -0.27155986 -0.40777427 3.4656026
0.077286296 -1.285881 -0.44427827 2.7166612 -0.026842961 -1.8000419 2.0691526 -0.88487434 0.0
-0.17856704 -0.6184875 -0.6764765 -0.4457898 -0.21676372 -0.4201397 -0.31108266 -0.5517347 3.4701948
-0.9820783 -0.018676708 -0.3634645 -0.52092904 -0.40109897 -0.41291773 0.11866224 -0.6253325 3.1123633
-0.6016705 -0.24198475 -0.64542174 -0.4506732 -0.15899166 -0.19064854 -0.11300618 -0.37433258 3.2274342
-0.9252083 -0.96015877 0.93052745 2.1588073 -1.5388561 -1.5704051 -1.1563575 3.1388972 0.0
-0.27582353 -0.34948167 -0.24508046 -0.3390858 -0.3420295 -0.6783812 -0.20231223 -0.4951459 3.1231549
-0.41986293 -0.26325163 -0.5926476 -0.6464006 -0.5820406 -0.07878307 -0.33253247 -0.45294482 3.5556953
-0.3886827 -0.35825652 -0.42332694 -0.3772827 -0.20633413 -0.6478716 -0.5952741 -0.33902645 3.4433658
-0.5190363 -0.9248178 -0.88758266 4.078323 -0.5297695 -1.0543939 -0.5026952 0.027467702 0.0
-0.49009472 -0.30671772 -0.31619927 -0.6103112 -0.24374722 -0.2665684 -0.3386873 -0.5104904 3.3044062
-0.061368346 -0.37602416 -0.4984762 -0.33959785 -0.097965114 -0.5597643 -0.5710525 -0.4887644 3.3091347
-0.42127916 -0.4730156 -0.46586758 -0.657798 -0.20852587 -0.50199157 -0.09996949 -0.32937467 3.407994
0.75499856 -1.3572856 0.35545236 1.5331254 0.09486352 -0.58232486 -0.10460815 0.24149182 0.0
-0.31877598 -0.43304408 -0.7235217 -0.63517416 -0.59860325 -0.4292172 -0.23010117 -0.45944333 3.701542
-0.45787075 -0.48794332 -0.4088811 -0.15346599 -0.23285782 -0.30456632 -0.36248776 -0.39857656 3.197812
-0.41626787 0.26386476 -0.5182459 -0.42605522 -0.43491426 -0.45358053 -0.525264 -0.42513672 3.3159459
0.36301553 0.89979464 0.6289186 -0.95378625 2.0657337 0.30643904 -0.15750524 -0.72665983 0.0
