-0.07800196 -0.71683055 -0.35856423 -1.1578741 4.8969536 -0.90726 -0.27911812 -1.0322552 0.0
-0.73488957 -1.0024415 5.4437 -0.90942764 -0.46082124 -0.93775594 -1.2082355 -0.45669207 0.0
-0.14038408 -0.5980698 -0.16295302 -0.6388988 -0.37149483 -0.1754176 -0.7400845 -0.8004847 3.6652033
-0.512538 -0.89114386 -0.25330704 -0.79984283 -0.0071763406 -0.088638656 0.10083326 -0.35407457 3.152966
-0.4571245 -0.5772902 -0.31843805 -0.392694 -0.4411838 -0.6758743 -0.55318314 -0.057323433 3.7048035
-0.121286094 -1.8695346 -0.97196776 1.6057833 -0.2594187 -1.7877868 3.9204593 -1.4213632 0.0
-0.21627042 -0.6892022 -0.55573064 -0.4227968 -0.23704244 -0.5962251 -0.537358 -0.41469038 3.4704235
-1.205149 0.31835642 0.12357854 -0.9153657 -0.6703559 -0.5436996 -0.034349486 -0.33673105 3.146089
-0.450541 -0.47419134 -0.4237058 -0.601239 0.042885087 0.241079 0.053883433 -0.55806625 3.0082319
-1.0339333 -1.4149929 0.2440115 1.8609387 -1.656592 -1.2366117 -1.0044087 4.0423045 0.0
-0.90706986 -0.36685362 -0.1470671 -0.40883482 -0.45702764 -0.31020513 -0.21876411 -0.37012434 3.297572
-0.5712505 -0.5115051 -0.34954777 -0.14574195 -0.6268446 -0.22907741 -0.2408803 -0.38655993 3.4183497
-0.43817714 -0.32742372 0.1907509 -0.5832566 -0.3029486 -0.031215847 -0.6155598 -0.53273386 3.0585191
-0.92263377 -0.78766775 -1.1875238 4.7599974 -0.99219453 -1.2210577 -0.43913138 -0.19451405 0.0
-0.26842543 -0.07525687 -0.3883518 -0.49213937 -0.47025096 -0.5662278 -0.4878757 -0.6602064 3.4052565
-0.07530289 -0.7118682 -0.29784498 -0.011540053 -0.8588137 -0.4663464 -0.69356817 -0.48037943 3.498703
-0.38977244 -0.6144301 -0.52307636 -0.30718824 -0.4858973 -0.5340438 -0.2710174 -0.043340057 3.5017335
1.3227196 -1.3541725 -0.076467715 1.6686196 -0.25623024 -1.2611762 0.36038786 0.17759173 0.0
-0.06704754 -0.64308906 -0.845188 -0.5741033 -0.51252466 -0.5088038 0.0049789893 -0.26498997 3.5813782
-0.57357365 -0.50358075 -0.15492532 -0.17748138 -0.60015976 -0.20464328 -0.32895362 -0.46403384 3.1671715
-0.49484324 0.10273466 -0.61541224 -0.07872159 -0.39244854 -0.39402753 -0.35829508 -0.6539899 3.1503205
-0.38636276 0.5796961 0.81949466 -0.835623 1.9757558 0.49558508 0.40881652 -1.0017473 0.0
