0.6747907 1.0388442 0.13561134 -0.7782252 3.0666664 0.5275936 0.29165104 -1.0237985 0.0
0.7984338 0.673608 1.545728 0.27682725 1.0990947 1.2322302 -0.34065858 -0.17112114 0.0
0.95001346 0.4486786 0.22719501 -0.40047437 0.47774038 -0.19667041 -0.35589826 -0.7746086 2.4146788
0.30421793 0.6700337 0.5364221 0.12044455 0.44051123 0.03655428 0.5413814 -0.7206717 1.8619504
0.34338537 -0.21660325 0.39310917 -0.449494 0.8995823 -0.43863678 0.08174607 -0.7401811 3.3576217
0.6241122 -0.0046364567 0.64154524 0.8494546 1.3963196 -0.35455164 0.9575946 -0.0011038394 0.0
0.09399596 -0.62753886 -0.08090563 -0.23583262 0.22584982 0.22015034 -0.17079154 -0.49488264 3.390367
-0.21922976 0.44749415 0.12212508 -0.09403689 0.30068707 -0.34855205 0.69419146 -0.028760558 1.3801181
0.0073588756 -0.10073729 -0.06955795 0.035869867 -0.13176575 0.042620387 0.40381956 -0.31790945 2.8903573
-0.09892355 0.7504315 1.1395358 1.457717 0.018979564 -0.38364884 -0.014948033 1.0327938 0.0
-0.36053187 0.025169617 -0.5371809 -0.39844853 -0.20816167 -0.42175457 -0.15869062 -0.34076285 3.5696235
-0.40106392 -0.2670368 -0.3169797 -0.59336305 -0.243023 -0.35353392 -0.39515993 -0.5423759 3.342514
-0.03649477 -0.2561548 -0.020637715 -0.45155194 -0.5544529 -0.3065946 -0.6330185 -0.49488547 3.719991
0.7788841 -0.24681795 0.09316019 1.2557479 0.23759094 0.17944732 0.11130332 0.96947336 0.0
-0.4671461 -0.4085661 -0.62720126 -0.62229675 -0.164227 -0.097767696 -0.42722696 -0.792914 3.3244867
-0.5844248 -0.5550779 -0.576098 -0.5712122 -0.080400124 -0.30277172 -0.24968664 -0.7209568 3.845051
0.21999641 -0.58794314 -0.49745172 -0.47377 -0.2469375 -0.040031314 -0.3467271 -0.705506 3.5550504
0.82679695 -0.1118839 0.6188981 0.71386147 0.51274395 0.44097224 0.028411483 0.4952923 0.0
0.26148313 -0.40239245 -0.56311464 -0.805672 -0.50035304 -0.4861227 -0.43687072 -0.9601142 3.3407197
-0.18445331 0.61650676 -0.5712316 -0.711878 -0.28386354 -0.37854055 -0.43314174 -0.8519117 3.4890075
-0.44611552 -0.37837848 -0.7051241 -0.7175417 0.05960079 -0.08896414 -0.4179988 -0.89294964 3.6396923
0.73283815 1.1566519 0.54290795 -0.3883071 1.6141653 1.0189643 0.48815513 -0.63965577 0.0
