-0.09404634 -0.47458744 -0.12038126 -0.33998296 4.171231 -1.1562396 -0.0241124 -0.3277011 0.0
-0.039378922 -0.5127526 4.494579 -0.8506489 -0.11172538 -0.401707 -0.32805073 -0.15423834 0.0
0.31194204 -0.5086579 0.07347151 -0.41018185 -0.31197652 -0.12247528 -0.847417 -0.37768862 3.565529
-0.16465579 -0.20305903 -0.63184685 -0.7124125 0.34029445 -0.04514904 -0.22460599 -0.85468316 3.3409781
-0.37777162 -0.90105116 -0.11687108 -0.51830983 -0.38992202 -0.18563986 -0.3243791 -0.12736994 4.032931
0.033599798 -0.64100784 -0.61372364 0.8523846 0.008749559 -0.31739092 3.757605 -1.0667788 0.0
-0.11338001 -0.65806085 -0.43838617 -0.5354488 -0.3375099 -0.71517986 0.21064213 -0.08290916 3.5928576
-0.14184345 0.8581968 0.56161034 -0.9932174 -0.6390255 -1.1421865 -0.3987744 -0.59256023 3.266977
-0.3313126 -0.1798215 -0.07778434 -0.79417574 0.3231588 0.21946669 -0.23615119 -0.7708319 3.3318143
-1.4317888 -1.3857474 0.0023770877 2.0349946 -1.463383 -0.35524756 -0.9915763 4.69363 0.0
-0.5468909 -0.48036954 0.3009115 -0.41958353 -0.26509076 0.27668628 0.25667968 -0.27961582 2.7412484
0.5815103 -0.07112974 -0.21531196 -0.4718267 -0.5129925 -0.28851992 0.008256854 0.7189358 2.3690608
-0.20515329 -0.08777992 -0.0076188617 -0.68439865 -0.13757822 -0.11545586 -0.48765716 0.4599565 2.624138
-0.7548808 -0.26396975 -0.6619885 5.3614445 -0.31713948 -0.22184794 -0.6882923 -0.36189082 0.0
-0.22668739 -0.18975237 -0.21673855 -0.5279432 0.17135967 -0.09398064 0.13087313 -0.33285493 2.6732879
-0.21681556 -0.1896484 -0.23307864 -0.12020228 -0.58503187 -0.18082401 -0.13607772 -0.62338257 3.2274055
-0.38380095 -0.08426348 -0.6224372 -0.14642555 -0.20662524 -0.22097974 -0.12443691 -0.1203083 3.404698
2.03558 -1.4499772 -0.49066237 2.1058357 -0.1981182 -1.1081107 -0.43493745 -0.32804665 0.0
-0.0054317364 -0.09957371 -0.15163727 -0.21291585 -0.11820361 -0.3280779 0.019509885 -0.12922744 2.6541612
-0.2532924 -0.43849805 0.012174154 -0.055981144 -0.016988907 -0.05921838 -0.053050697 -0.077816434 2.138972
-0.03658247 -0.08560512 -0.23891957 0.036301382 -0.20118006 -0.1454297 -0.63507605 -0.6352145 2.945411
-0.47900707 0.0017154235 0.2945941 -0.50414866 2.5434072 -0.064684264 0.5895423 -0.51355827 0.0
