-0.26722977 -0.8754588 -0.20589106 -0.7674547 4.9756966 -1.4302484 -0.06430082 -0.8576143 0.0
-0.43045586 -1.0964993 5.5198855 -1.1394647 -0.3619114 -0.90056324 -0.9841069 -0.30005047 0.0
0.013775844 -0.54058814 0.09445928 -0.14924094 -0.5945584 -0.15895447 -0.6854248 -0.6125353 3.3966722
-0.5016283 -0.41982833 -0.66044074 -0.8926755 0.50114 -0.080606386 -0.5413488 -1.0686284 3.8676417
-0.17922552 -0.6816428 -0.22542684 -0.45112354 -0.22448611 -0.53379786 -0.5897424 -0.33809915 3.7819018
0.13282855 -1.50368 -0.7757349 1.2864707 0.03546432 -1.3052726 3.7621758 -1.4027753 0.0
-0.26230553 -0.7044854 -0.29284123 -0.9700969 -0.544196 -1.0329062 -0.008527329 -0.30817372 4.1337547
-0.647654 0.5622804 0.4350589 -1.0005145 -0.73382974 -0.93272316 -0.24730031 -0.65811825 3.1210935
-0.8749508 -0.40595058 -0.20743953 -0.70966053 -0.041088752 -0.024489766 -0.30546352 -0.9429531 3.7585084
-1.495322 -1.6533724 0.13385966 2.151301 -1.9040031 -0.95572716 -1.2648807 4.6881337 0.0
-0.6548336 -0.80712056 0.08078392 -0.9048286 -0.19696553 -0.2877058 -0.28446275 -0.43054637 3.757858
0.4312531 -0.039110977 -0.30091065 -0.65932256 -0.6286472 -0.57511544 0.09547476 0.6534597 2.7937748
-0.6962214 -0.3550289 0.3227878 -1.0367572 0.17490868 -0.15026852 -0.8905973 -0.0074325483 3.0699348
-0.903202 -0.43915308 -0.68979114 5.056737 -0.8049023 -0.9533782 -0.49039954 -0.69668263 0.0
-0.5994818 -0.039620344 -0.30154306 -0.69416916 0.31134224 -0.67242587 0.13731997 -0.586793 3.0659363
-0.2570069 -0.61168253 -0.372579 0.17036545 -0.6776167 -0.48232806 -0.039172255 -0.40079072 3.0886762
-0.18100524 -0.51751256 -0.5352266 -0.21764775 -0.15147361 -0.23624156 -0.33675444 -0.45724654 3.4254577
1.2022556 -1.6802676 -0.42322943 2.4474149 -0.18619202 -1.0671684 -0.16332944 -0.117006674 0.0
-0.18848719 -0.4710691 -0.21576238 -0.7659165 -0.4870416 -0.4751111 0.05990729 -0.43487516 3.3072975
-0.821666 -0.6662641 0.20686989 -0.33948737 -0.3241955 -0.07589482 -0.333701 -0.15800633 3.0585742
-0.38368657 -0.29670972 -0.26036385 0.07109412 -0.7624997 -0.5467829 -0.8474836 -0.7854164 3.7969162
-0.58077633 0.16209218 0.5917125 -0.6406676 2.3780565 0.14119038 0.44527963 -0.7020457 0.0
