-0.20098606 -0.6750265 -0.045898084 -0.8334058 4.36378 -0.41823584 -0.48192716 -1.0173081 0.0
-0.56497663 -0.49072692 4.2360477 -0.71240485 0.13881943 -0.040406987 -0.8100275 -0.5298658 0.0
-0.22187576 -0.46328717 -0.2854354 -0.60965896 -0.37524435 -0.09117976 -0.47260827 -0.7333043 3.5752578
-0.25287977 -0.5132131 -0.32394215 -0.68863004 -0.006531088 -0.14806525 -0.17853405 -0.3463278 3.1028764
-0.23088263 -0.5731374 -0.4357987 -0.22533049 -0.25578 -0.069054626 -0.16446917 -0.49196273 3.2753336
-0.10262381 -1.3490443 -0.1494483 2.2872927 0.45055807 -1.673641 2.1870291 -0.78736967 0.0
-0.22114523 -0.5316282 -0.61033267 -0.5129429 -0.05737006 -0.21740006 -0.34662998 -0.47129515 3.3250918
-0.8442253 -0.11431638 -0.30984992 -0.50940704 -0.3954393 -0.5056079 -0.11029755 -0.39595258 3.0804265
-0.5268654 -0.25576246 -0.6452802 -0.55098003 -0.0041049686 -0.18717319 -0.27604023 -0.5636305 3.3786225
-1.0503614 -0.7652437 1.0260124 2.3732955 -1.4178061 -1.4287974 -0.76026994 2.610963 0.0
-0.43019328 -0.41957694 -0.52006716 -0.18668577 -0.14627036 -0.5832727 0.013115128 -0.20403185 2.9783998
-0.54261357 -0.4536978 -0.65481955 -0.77369475 -0.3708141 -0.27918252 -0.115290165 -0.5069762 3.732613
-0.43623728 -0.48183554 -0.36037293 -0.33216876 -0.18323676 -0.43875706 -0.43586192 -0.43816772 3.4028714
-0.4680179 -0.79275274 -0.67040676 3.7267323 -0.531724 -1.0678707 -0.46866167 0.37350348 0.0
-0.54447883 -0.50939274 -0.47790748 -0.529736 -0.32111126 -0.2672892 -0.3606236 -0.43557397 3.4824111
-0.1805816 -0.36292547 -0.09280057 -0.2717738 -0.08367143 -0.4765235 -0.5451855 -0.41673994 3.1190724
-0.25829405 -0.5171436 -0.58924025 -0.5844295 -0.27203336 -0.34948277 -0.5001933 -0.10283318 3.467586
0.58595514 -1.0724167 0.43536088 1.4588549 -0.2546735 -0.4684303 -0.09781548 0.49806163 0.0
-0.47782674 -0.4771762 -0.41135624 -0.5012126 -0.4380942 -0.493812 -0.38934964 -0.32867885 3.5708225
-0.16098881 -0.20613119 -0.3734978 -0.3784342 -0.38193738 -0.33700636 -0.4163872 -0.44094053 3.182758
-0.38083562 -0.22749862 -0.32525682 -0.4674517 -0.28042987 -0.5896528 -0.35234457 -0.25328445 3.3222067
0.5325654 1.1617342 0.6540121 -0.4733354 1.3355732 0.87873244 0.25245246 -0.45111376 0.0
