-0.052558195 -0.37369317 -0.097626686 -0.26661354 3.8999653 -1.064237 -0.016431706 -0.2249906 0.0
0.2809168 -0.3810952 4.010298 -0.7590318 -0.0705419 -0.29307455 -0.21353127 -0.11893858 0.0
0.30877343 -0.4259641 0.053926706 -0.40900785 -0.2033065 -0.08931511 -0.80668104 -0.32021147 3.555727
-0.10733241 -0.17211112 -0.55841285 -0.6521011 0.25876233 -0.03289098 -0.20546088 -0.78309196 3.1930537
-0.3478616 -0.8535072 -0.0702173 -0.46495894 -0.35993934 -0.15674616 -0.24254312 -0.08715343 3.8915246
0.032378063 -0.45958504 -0.5601928 0.85148144 0.008257657 -0.18373449 3.7537372 -1.0621375 0.0
-0.08169214 -0.62682223 -0.3950429 -0.5307246 -0.2463276 -0.6196474 0.20248878 -0.049193576 3.5625787
-0.07179728 0.79153156 0.5388275 -0.9135762 -0.61462355 -1.1281722 -0.35695055 -0.50302815 3.2301965
-0.22669111 -0.15669325 -0.05104241 -0.7377755 0.3030815 0.21083382 -0.2135547 -0.6388801 3.2380512
-1.4077665 -1.2935704 0.0021505426 2.018456 -1.3206867 -0.24131738 -0.90178645 4.659718 0.0
-0.46467128 -0.39296183 0.2760292 -0.35150796 -0.1976337 0.26361763 0.24792929 -0.21212451 2.6710484
0.51618457 -0.055365033 -0.16973332 -0.438246 -0.4205513 -0.23795626 0.007142821 0.68650365 2.285337
-0.13042106 -0.07976744 -0.32090038 -0.5730198 -0.1269305 -0.092440315 -0.4478746 0.45722067 2.9229286
-0.7038885 -0.21542172 -0.6616075 5.3583636 -0.22039141 -0.1253869 -0.6665161 -0.33257982 0.0
-0.15496601 -0.15029712 -0.15545264 -0.4440474 0.13376866 -0.04185052 0.11366692 -0.26748097 2.4652863
-0.16311002 -0.16135931 -0.18089132 -0.113354385 -0.505119 -0.111550525 -0.10762183 -0.5608064 3.0865595
-0.35350516 -0.041353483 -0.57156754 -0.11622142 -0.15251085 -0.17752874 -0.07735048 -0.07106501 3.2270343
2.0282433 -1.3577567 -0.45228693 2.0983639 -0.19010718 -1.0586888 -0.42174536 -0.31349093 0.0
-0.004380372 -0.04919751 -0.13214794 -0.12333509 -0.04618802 -0.24626575 0.011472565 -0.07359293 2.393754
-0.15313609 -0.33573547 0.006828742 -0.039587256 -0.007981354 -0.033622153 -0.022711866 -0.05433507 1.8046516
-0.014528961 -0.052620687 -0.17457747 0.032585368 -0.13109171 -0.08660577 -0.56748384 -0.53950894 2.6152368
-0.44386762 0.0016880002 0.24841918 -0.47709915 2.528417 -0.061390508 0.56984246 -0.45456576 0.0
