-0.33816245 -0.8028099 -0.19083793 -0.68605596 4.867509 -1.3878249 -0.055977803 -0.7487077 0.0
-0.30729058 -0.9846985 5.361274 -1.0931865 -0.30654016 -0.80338156 -0.8425071 -0.27309993 0.0
0.012271552 -0.75154334 0.11771443 -0.13154306 -0.79717004 -0.12966019 -0.9445193 -0.44187346 3.6523254
-0.42133582 -0.54921234 -0.8292939 -0.8655748 0.62034595 -0.07678119 -0.27327067 -1.0359694 3.7551892
-0.15700571 -1.0152879 -0.3574229 -0.3882333 -0.18445097 -0.26934552 -0.5656628 -0.29306242 3.9751053
0.03666054 -1.3326975 -0.75028217 1.2697787 0.034682445 -1.0705125 3.4597394 -1.0770743 0.0
-0.23297818 -0.6574421 -0.5512838 -0.9371124 -0.4714929 -0.9805382 0.28929964 -0.2605634 3.936379
-0.6329884 0.68635577 0.41675583 -0.9198031 -0.4093209 -1.1736262 -0.50798625 -0.848605 3.338129
-0.7626824 -0.24343784 -0.19635208 -0.9315846 -0.099040754 0.07797203 -0.29467118 -1.1652045 3.8290768
-1.4861565 -1.6125475 0.1624085 2.0712178 -1.8343489 -0.83090055 -1.222031 4.7584305 0.0
-0.50729257 -0.75692475 0.0756535 -0.57103246 -0.28268096 0.008398158 0.28008357 -0.3858349 3.064679
0.7386583 -0.123261884 -0.36306953 -0.5551043 -0.794976 -0.53924406 0.012084647 0.75272346 2.619258
-0.6021033 -0.42578688 0.28807852 -1.144953 -0.13457792 -0.16971567 -0.5872264 0.24131694 2.9230204
-0.8805519 -0.41272244 -0.54076463 5.1461763 -0.7055781 -0.7758285 -0.738561 -0.4384728 0.0
-0.52274555 -0.31673595 -0.44817075 -0.7725948 0.2971322 -0.54128873 0.17810842 -0.5384015 3.1941333
-0.38853315 -0.5406208 -0.4069434 0.20907383 -0.8055371 -0.4929401 -0.08860183 -0.78659594 3.44374
-0.45995995 -0.4005493 -0.51122725 -0.24355285 -0.40238526 -0.3566549 -0.28259835 -0.38185668 3.674029
1.5072834 -1.6752105 -0.39993775 2.4940474 -0.21696968 -1.3986348 -0.1633357 -0.3625237 0.0
0.10269123 -0.4666368 -0.20524673 -0.47594896 -0.35974893 -0.35075474 0.12058794 -0.35452995 3.078621
-0.58519405 -0.7855913 0.043275855 -0.26344708 -0.26431534 -0.20417649 -0.31432062 -0.17122547 3.0970051
-0.27550274 -0.24902496 -0.1880635 0.053353406 -0.51525915 -0.45348656 -0.81356823 -0.7300474 3.573432
-0.5664831 0.0017799914 0.28243735 -0.56923896 2.6340163 -0.0714469 0.62750506 -0.67177224 0.0
