-0.27821591 -0.8885141 -0.20857933 -0.7800649 4.996707 -1.4376106 -0.0658414 -0.87778777 0.0
-0.45595467 -1.1168354 5.5474524 -1.1475481 -0.37232453 -0.9183067 -1.0105796 -0.3049142 0.0
0.019466497 -0.32933736 0.10515328 -0.15032588 -0.6183169 -0.40100855 -0.43410322 -0.64554125 3.1839201
-0.51339155 -0.42706063 -0.59664285 -0.7712926 0.51052016 -0.0804204 -0.5437838 -0.9944675 3.714171
-0.35374513 -0.69995207 -0.23839785 -0.46551412 -0.23200266 -0.54253805 -0.5967693 -0.43695405 3.9110997
0.1331081 -1.5350236 -0.79986155 1.2882285 0.038957592 -1.3502676 3.7724907 -1.4137032 0.0
-0.2676784 -0.7210366 -0.48256683 -0.9697596 -0.5576929 -1.0421282 -0.00883814 -0.31848952 4.172455
-0.58340895 0.5715102 0.421844 -1.0127515 -0.75981945 -0.9497227 -0.25203344 -0.6703669 3.138747
-0.89572304 -0.4204335 -0.20986168 -0.7293106 -0.046429053 0.14071725 -0.2972835 -0.83277094 3.6755333
-1.4968941 -1.6604518 0.134838 2.0058372 -1.9161687 -0.97885877 -1.2723515 4.7614436 0.0
-0.68397 -0.56459826 0.08180735 -0.9255119 -0.20517194 -0.29772696 -0.31559265 -0.43868583 3.6356146
0.28518054 -0.03977938 -0.31151667 -0.6214817 -0.54846525 -0.5823026 0.09648824 0.656068 2.8061697
-0.71707845 -0.36199123 0.406434 -1.0530142 0.1786254 -0.20393082 -0.9034348 -0.007596691 3.0672684
-0.90713066 -0.44471598 -0.71907765 5.048258 -0.8232086 -0.9875473 -0.47113276 -0.6791877 0.0
-0.6120769 -0.041704644 -0.26917392 -0.6853814 0.310069 -0.65686345 0.13929541 -0.71805423 3.1211896
-0.2631692 -0.62402374 -0.3781595 0.17611064 -0.67878866 -0.5001733 -0.06352788 -0.4097135 3.11558
-0.19174005 -0.5406603 -0.5323405 -0.22955166 -0.1777884 -0.23990166 -0.3471816 -0.450387 3.4435852
1.1955005 -1.6868647 -0.42619255 2.4478614 -0.18659963 -1.0790625 -0.14109531 -0.117710106 0.0
-0.20120072 -0.49385983 -0.21890204 -0.8075354 -0.5305711 -0.4919828 0.017578153 -0.44314557 3.3425903
-0.85000587 -0.7023059 0.21883379 -0.3503164 -0.34269667 -0.07916328 -0.24761283 -0.16124547 3.0819964
-0.4060944 -0.30576107 -0.275235 0.13289917 -0.56648076 -0.5645309 -0.85335505 -0.79492575 3.6794362
-0.56163996 0.16454896 0.4057402 -0.60522944 2.397559 0.15113197 0.45695502 -0.70750886 0.0
