-0.073040366 -0.6974904 -0.40116802 -0.95209885 4.7494874 -1.0032895 -0.17836663 -0.98688364 0.0
-0.7009864 -1.1317474 5.742117 -1.1604038 -0.45196277 -0.9215389 -1.38462 -0.6540078 0.0
-0.08367326 -0.55068827 -0.21598917 -0.6412677 -0.5648718 -0.060727406 -0.7458324 -0.7668947 3.6597886
-0.58881885 -0.8879699 -0.07330625 -0.751729 -0.055519275 -0.21175638 0.09484751 -0.3623409 3.1469576
-0.616743 -0.52979237 -0.38194826 -0.22991276 -0.28663513 -0.59601355 -0.5025995 -0.032762405 3.5674381
-0.067250945 -1.832816 -0.9140623 1.2902265 -0.30384263 -1.7542762 4.1543336 -1.3585938 0.0
-0.23819621 -0.7038414 -0.5452413 -0.57913893 -0.2651917 -0.6111853 -0.40888175 -0.3450953 3.4580638
-1.19775 0.59923697 0.13490646 -0.91154075 -0.63538307 -0.6121608 -0.06429044 -0.10882187 2.9543355
-0.5605793 -0.52941793 -0.3260799 -0.712873 0.31029812 0.40666527 -0.051497165 -0.43539435 2.890127
-1.2213113 -1.4034094 0.24679416 1.669376 -1.6494757 -1.2843335 -0.83939636 4.246911 0.0
-1.0352273 -0.3565408 0.17165282 -0.5479818 -0.5573348 -0.20239152 0.06644984 -0.32266638 3.131059
-0.36884683 -0.54216695 -0.35376477 -0.15811808 -0.62778836 -0.5474747 -0.20531808 -0.3264317 3.4902787
-0.6517639 -0.3645278 0.36901647 -0.6602525 -0.41812342 -0.07820952 -0.4577024 -0.52301216 3.0825555
-0.8211918 -0.7518745 -1.1365912 4.6748233 -0.8857403 -1.2684788 -0.4519015 -0.17911077 0.0
-0.23971637 -0.31394595 -0.32730398 -0.52819455 -0.453646 -0.50105786 -0.6527916 -0.6649964 3.5133781
-0.07306818 -0.69722015 -0.28460363 0.008159866 -0.7893021 -0.4849851 -0.65200543 -0.5269949 3.461951
-0.34886882 -0.64117557 -0.4477368 -0.33293775 -0.44931838 -0.46046793 -0.14140141 -0.12577334 3.4323726
1.2762831 -1.3545978 0.08351981 1.6573111 -0.1322556 -1.3429936 0.20570476 0.16176239 0.0
-0.07230856 -0.58932114 -0.80516964 -0.52475595 -0.5979183 -0.66414315 0.02235407 -0.32556006 3.637098
-0.5715313 -0.48140535 -0.123719126 -0.14215992 -0.60580516 -0.20278524 -0.41374815 -0.45999825 3.1543796
-0.5436964 0.079141915 -0.6331889 -0.063443534 -0.36183694 -0.5058573 -0.36659837 -0.66720855 3.23912
-0.322673 0.7298086 0.6721619 -0.9032141 1.8940806 0.5956833 0.39653674 -0.92515266 0.0
