-0.646285 -0.634782 -0.47390288 -0.7382031 4.9851513 -0.9760909 -0.38558024 -1.2238494 0.0
-0.8365248 -1.0493335 5.285222 -0.7622104 -0.4117281 -0.6617298 -1.245212 -0.5237787 0.0
-0.23749138 -0.5419864 -0.37975687 -0.6556732 -0.3936529 -0.09833193 -0.3850462 -0.9466475 3.5918312
-0.4676914 -0.7818008 -0.5325302 -0.96528536 0.015181147 -0.017368294 -0.11486425 -0.3171746 3.3067951
-0.46780854 -0.689097 -0.792388 -0.25904858 -0.13954677 -0.618017 -0.4013802 -0.21854451 3.7047684
0.035304893 -1.8216672 -0.72620696 2.4930787 -0.13042524 -1.6947309 2.7491312 -1.1110578 0.0
0.008895115 -0.40217158 -0.83206475 -0.2981043 -0.29487815 -0.53088236 -0.57000405 -0.48735473 3.4384809
-1.2724733 0.20228013 -0.2764516 -0.56275636 -0.4792398 -0.32348463 -0.23913333 -0.5209779 3.278475
-0.71610165 -0.31330875 -0.5554527 -0.52263534 -0.4700247 -0.16617273 -0.100751735 -0.7123048 3.5403662
-1.2020766 -1.0369648 0.4586537 1.9342462 -1.4432657 -1.5958861 -1.3227177 3.827926 0.0
-0.34848768 -0.32726404 -0.103581674 -0.35002667 -0.19340916 -0.75662506 -0.4604248 -0.2669732 3.0538
-0.36823493 -0.12537095 -0.74900335 -0.42900807 -0.26670974 -0.12833562 -0.39885047 -0.3470126 3.3505266
-0.29621595 -0.16850697 0.09995587 -0.29923427 -0.03389664 -0.510403 -0.7558978 -0.7572608 3.13613
-0.5162917 -1.1078517 -0.93195516 4.725788 -0.9909094 -1.4320536 -0.5556514 -0.25424743 0.0
-0.525008 -0.14312455 -0.10747184 -0.34158438 -0.22390999 -0.36919186 -0.46954843 -0.50603133 3.1159668
-0.12780842 -0.8724043 -0.11657215 -0.14522627 -0.18629195 -0.34804538 -0.5866985 -0.6759051 3.3426046
-0.6007532 -0.2762822 -0.25006324 -0.30948862 -0.3916048 -0.85219496 -0.42644382 -0.39142415 3.5074897
1.1676391 -1.1890687 -0.2666877 1.7409368 0.0777381 -0.8392015 -0.16581069 0.12506193 0.0
-0.3919203 -0.4079657 -0.48044083 -0.5633471 -0.5450772 -0.37036413 -0.038677886 -0.2349866 3.4060283
-0.5278226 -0.2674815 -0.13683237 -0.18745041 -0.7463106 -0.4030713 -0.43236807 -0.19119996 3.1455433
-0.62951493 0.7109053 -0.68511546 -0.39143628 -0.67638505 -0.14578965 -0.32213324 -0.47736302 3.0327444
-0.09625337 0.6900345 0.6538461 -0.73596823 2.189199 0.12841403 0.2944421 -0.90596706 0.0
