-0.81067586 -0.57743216 -0.26573193 -0.5331697 4.6960335 -0.7357195 -0.32331386 -1.2114695 0.0
-0.8267288 -0.82015306 4.9278445 -0.58026165 -0.22653463 -0.55268365 -1.1715965 -0.44165778 0.0
-0.56518257 -0.4830578 -0.42108342 -0.51588714 -0.26298702 0.018760309 -0.382027 -0.5917104 3.4922311
-0.15931408 -0.5823528 -0.50674886 -0.748701 0.07337285 -0.20355856 -0.0245189 -0.43604198 3.0886917
-0.24248429 -0.46150732 -0.87135386 -0.41616616 -0.10349894 -0.41813114 -0.3995293 -0.42904133 3.5855596
0.00821646 -1.4128743 -0.5860783 2.76116 0.021293482 -1.8288225 2.1262393 -0.88472635 0.0
-0.33167824 -0.542011 -0.7108872 -0.57924783 -0.14581853 -0.476546 -0.25048617 -0.43730578 3.486804
-0.9986146 -0.045629267 -0.3571775 -0.51526535 -0.42764923 -0.4619402 -0.0010458662 -0.5998185 3.214035
-0.8632114 -0.2361324 -0.72051215 -0.5276997 -0.1554098 -0.1327864 -0.14389946 -0.60859245 3.4839773
-0.90705174 -1.1801497 0.8191151 2.1245542 -1.5739454 -1.6040305 -1.2113727 3.3476202 0.0
-0.33667397 -0.24948943 -0.099759616 -0.12138509 -0.47178432 -0.6458638 -0.4249864 -0.3659999 3.0288918
-0.26973215 -0.22613424 -0.7250891 -0.5486011 -0.5911425 -0.19122386 -0.31304413 -0.482675 3.549719
-0.47422677 -0.319054 -0.31245497 -0.25892696 -0.14133853 -0.6297356 -0.56709146 -0.42131662 3.3490174
-0.5644081 -1.0445094 -1.0867748 4.4189095 -0.65998375 -1.1376716 -0.724196 -0.051451366 0.0
-0.43723193 -0.15433736 -0.19835545 -0.48868975 -0.26934546 -0.2592594 -0.33829185 -0.5643141 3.1484787
-0.12663718 -0.54113024 -0.401272 -0.15746216 -0.28455892 -0.5105345 -0.5392837 -0.56701845 3.3391123
-0.4100252 -0.27553427 -0.37176 -0.68754935 -0.23922533 -0.61958545 -0.28413728 -0.31541675 3.4176161
1.0973158 -1.362953 0.31024364 1.4796212 0.024390003 -0.666673 -0.26880413 0.20110674 0.0
-0.3524951 -0.3851062 -0.69616145 -0.4688662 -0.59068024 -0.45018706 -0.16109756 -0.38549578 3.5805993
-0.4193334 -0.29705632 -0.49682936 -0.31305212 -0.31620744 -0.32196867 -0.38676324 -0.27813846 3.1839437
-0.59484357 0.47626507 -0.6895544 -0.54306555 -0.41491055 -0.32701465 -0.26033172 -0.27545565 3.1926925
0.20488104 0.85562104 0.68994313 -0.9266911 2.062425 0.2540167 0.039618254 -0.7737588 0.0
