-0.05438122 -0.37895936 -0.09883164 -0.27043566 3.9153361 -1.0694143 -0.016805 -0.23000081 0.0
0.28132513 -0.38777485 4.0158606 -0.7641115 -0.07246804 -0.29853603 -0.21896996 -0.12076247 0.0
0.30895796 -0.43041143 0.05491232 -0.40907642 -0.20847045 -0.090981975 -0.8090103 -0.3233212 3.5563
-0.11005694 -0.17378534 -0.5624659 -0.6554861 0.26294598 -0.03350685 -0.20653512 -0.7871119 3.2015266
-0.34954512 -0.8562194 -0.0723449 -0.4679247 -0.36162895 -0.15830636 -0.24670768 -0.08911198 3.8996613
0.03244832 -0.46862632 -0.5631934 0.851534 0.008285671 -0.18971433 3.7539644 -1.0624086 0.0
-0.08327551 -0.62860894 -0.39745757 -0.53099996 -0.25091267 -0.62487006 0.20295718 -0.05072137 3.564344
-0.074720584 0.7952867 0.5401351 -0.918056 -0.6160258 -1.1289876 -0.35927317 -0.50787497 3.2323375
-0.2317858 -0.15796122 -0.052317716 -0.74096334 0.3042215 0.21132956 -0.2148157 -0.64594066 3.243465
-1.4091611 -1.2987921 0.0021631871 2.0194201 -1.328641 -0.24684528 -0.90681034 4.6616955 0.0
-0.46912423 -0.3975862 0.27742723 -0.3551699 -0.20106164 0.26436517 0.24843308 -0.21558373 2.6751049
0.5197977 -0.056183297 -0.17211378 -0.44014388 -0.42547193 -0.24065574 0.007203683 0.6883608 2.2901542
-0.13392831 -0.080215596 -0.32092434 -0.57900906 -0.12753038 -0.09365151 -0.450111 0.45738035 2.923142
-0.7067758 -0.21800035 -0.66163003 5.358544 -0.2251394 -0.12965001 -0.6677714 -0.3342281 0.0
-0.15845715 -0.15236254 -0.15850802 -0.4485689 0.13572259 -0.04388347 0.11460287 -0.27092734 2.4769986
-0.16585137 -0.1628925 -0.1835962 -0.11374422 -0.5094805 -0.11475245 -0.10911039 -0.5642897 3.0946298
-0.3552106 -0.04311546 -0.57442707 -0.11780419 -0.15524727 -0.17981909 -0.07953533 -0.0732913 3.2371702
2.0286722 -1.3629887 -0.45444798 2.0988004 -0.19056699 -1.0615195 -0.4225063 -0.31432477 0.0
-0.0044358945 -0.05127341 -0.13321646 -0.12734456 -0.048805114 -0.25043714 0.011835103 -0.0760614 2.40826
-0.15771802 -0.34102613 0.0070640747 -0.04125897 -0.0083427895 -0.034756098 -0.023870304 -0.05549024 1.8229377
-0.015337546 -0.05414253 -0.17781487 0.032792 -0.13442229 -0.08927628 -0.5712341 -0.54469126 2.633487
-0.44585142 0.0016895931 0.24882534 -0.47864157 2.5303333 -0.061578576 0.57097703 -0.45782417 0.0
