-0.76734024 -0.6620603 -0.3425372 -0.58657336 4.765959 -0.79208034 -0.32893026 -1.1530788 0.0
-0.9072349 -1.0537562 5.206854 -0.639535 -0.42662188 -0.68290913 -1.142562 -0.42849544 0.0
-0.2540774 -0.36113167 -0.42737707 -0.52141654 -0.4100985 -0.012338075 -0.26839808 -0.60113174 3.310373
-0.31312758 -0.6565496 -0.512172 -0.82842815 0.046372674 -0.1602647 -0.06576994 -0.43106735 3.2182224
-0.4767338 -0.5443694 -0.8305511 -0.3596425 -0.012698861 -0.62029254 -0.42534792 -0.32046992 3.698226
0.034599334 -1.7121795 -0.78231245 2.7760208 -0.12166452 -1.7194765 2.3632553 -0.99807787 0.0
-0.22242446 -0.5637056 -0.71846163 -0.45343134 -0.22316101 -0.67731696 -0.3559119 -0.50478125 3.570939
-0.9536674 0.1376505 -0.27775168 -0.68054086 -0.35019115 -0.3135437 -0.056992702 -0.61692137 3.0974526
-0.67879236 -0.30414167 -0.6790377 -0.68952537 -0.2600398 -0.14918064 -0.13810027 -0.71021074 3.5667107
-1.1210998 -1.1104386 0.6442029 1.981453 -1.5946699 -1.654978 -1.3380643 3.72061 0.0
-0.2635632 -0.2172515 -0.34514946 -0.3714005 -0.47337693 -0.737252 -0.42345682 -0.31353852 3.199413
-0.33981243 -0.11902964 -0.82861984 -0.42797193 -0.51403177 -0.025565885 -0.4133189 -0.45652434 3.4613307
-0.4047751 -0.288077 0.05089997 -0.17930734 -0.10105826 -0.44664016 -0.728402 -0.44021887 3.099192
-0.6247979 -0.9986397 -0.9432341 4.6039543 -0.89814895 -1.1270955 -0.7763574 -0.22165199 0.0
-0.46137443 -0.12534165 -0.12836234 -0.29292902 -0.3638582 -0.39554745 -0.4611185 -0.5059392 3.1496172
-0.2435187 -0.5054557 -0.28205183 -0.16783112 -0.4127891 -0.43357614 -0.7022075 -0.80464405 3.5111778
-0.43235353 -0.26151082 -0.40915257 -0.4673142 -0.25877094 -0.6472956 -0.35825095 -0.45674697 3.42241
1.2134402 -1.3252323 -0.012610791 1.7152965 -0.059391994 -0.76784986 -0.20466626 0.076055884 0.0
-0.470681 -0.34844112 -0.58691484 -0.6641255 -0.53130734 -0.3886778 -0.05803975 -0.34666747 3.5509791
-0.45813724 -0.27975002 -0.35389754 -0.20504773 -0.51878816 -0.5392101 -0.2839989 -0.21462332 3.1566348
-0.58945423 0.5522407 -0.66209 -0.44982398 -0.4751361 -0.22623053 -0.11009666 -0.3334751 3.0153036
0.039377593 0.65965176 0.55417925 -0.7700493 2.2812347 0.08041839 0.2077038 -0.83296907 0.0
