-0.055309713 -0.38160175 -0.099435456 -0.2723537 3.9229922 -1.0719944 -0.01699349 -0.2325298 0.0
0.28152815 -0.39113492 4.0186253 -0.76664656 -0.07344385 -0.3012855 -0.2217216 -0.12167845 0.0
0.3090496 -0.43263692 0.05540838 -0.4091105 -0.211083 -0.09182115 -0.81016946 -0.32487652 3.5565846
-0.1114353 -0.1746227 -0.56448936 -0.6571735 0.26504835 -0.03381692 -0.20707062 -0.78911567 3.2057426
-0.35038412 -0.8575694 -0.073425114 -0.4694044 -0.3624709 -0.15908682 -0.24880202 -0.09010074 3.903708
0.03248327 -0.47318158 -0.5646892 0.8515603 0.008299616 -0.19275528 3.754076 -1.0625432 0.0
-0.08407308 -0.62949806 -0.39866203 -0.5311367 -0.2532209 -0.6274798 0.20319018 -0.051497467 3.5652206
-0.0762159 0.797158 0.54078555 -0.9202887 -0.6167233 -1.1293926 -0.36043206 -0.510299 3.233401
-0.23435783 -0.15859462 -0.052962717 -0.74255145 0.30478916 0.21157618 -0.21544462 -0.6494756 3.2461565
-1.4098542 -1.3013928 0.0021694936 2.0198991 -1.3326086 -0.2496369 -0.9093155 4.662678 0.0
-0.47135115 -0.3999026 0.27812403 -0.35700238 -0.20278576 0.26473713 0.24868362 -0.21732225 2.6771214
0.5216012 -0.056594077 -0.17330815 -0.44108936 -0.42793658 -0.2420075 0.0072340965 0.68928486 2.29255
-0.1357046 -0.08043907 -0.32093614 -0.5820063 -0.12782931 -0.0942588 -0.45122573 0.45745966 2.923247
-0.7082139 -0.2192922 -0.6616413 5.358634 -0.22753477 -0.1318202 -0.66839564 -0.3350496 0.0
-0.1602197 -0.15339863 -0.16004734 -0.45083115 0.13670336 -0.044929177 0.11507189 -0.27265504 2.482835
-0.16722961 -0.16365921 -0.18495426 -0.11393828 -0.5116602 -0.11637622 -0.10985715 -0.56602734 3.098645
-0.3560605 -0.044017952 -0.5758522 -0.11859808 -0.15662417 -0.1809673 -0.08064295 -0.07442246 3.2422152
2.0288846 -1.3655941 -0.4555249 2.0990171 -0.19079572 -1.062928 -0.42288464 -0.3147396 0.0
-0.004463725 -0.052336376 -0.13375023 -0.12938344 -0.050158966 -0.25253454 0.012019339 -0.07731759 2.415496
-0.16004369 -0.34368405 0.0071839127 -0.042114995 -0.008528271 -0.035333235 -0.0244672 -0.056072902 1.8320869
-0.015755542 -0.05491442 -0.17944458 0.03289509 -0.13610728 -0.09063264 -0.57310563 -0.54728293 2.6425974
-0.4468398 0.0016903845 0.24902731 -0.47940925 2.5312855 -0.061672185 0.57154125 -0.4594508 0.0
