-1.552412 -1.3936865 -1.4871821 -0.22544171 0.1730385 -1.3645226 0.9268369 3.4740531 0.0
-0.7248208 -1.1676224 -0.6037902 1.1671946 -0.7389605 -1.1140282 4.0114946 2.0231345 0.0
-1.03818 -0.81432974 -1.168198 4.3792653 -1.3134943 -1.2509242 -0.20097491 1.2762808 -0.91978425
-0.6832098 -0.45794576 -0.9145198 -0.60331583 -0.6679984 -0.87085706 -0.9342978 4.434091 -0.89041734
-0.45311832 -0.86705863 -0.5121747 -0.15040298 -0.7574015 -0.77676046 -0.8058725 4.8162827 -0.87549573
-1.1482388 -1.0445516 -0.039283663 4.3169265 -1.0492668 -0.4308503 -0.97594315 1.1825725 0.0
-1.0099633 0.29653805 -0.6186522 2.0267558 -1.2382305 2.9172928 -1.1324558 -0.37802804 -1.3535314
-0.7147252 -0.6401031 -0.47390604 0.84745216 -0.6900553 -0.40153065 -1.024903 3.5603993 -1.0495945
-0.49400473 -0.66292787 -0.30893284 3.911094 -0.82425815 -0.67093843 -0.9952908 -0.109029025 -1.0872232
-0.55290776 0.61961037 0.13959987 4.1697273 -0.91099507 -0.9421786 -1.1667061 -0.5285399 0.0
-0.43873632 -0.94645536 -0.7017644 -0.7871674 -0.54548925 -0.9098092 -0.80689645 3.8222303 -1.0394485
-0.7191554 -0.6301254 -0.712908 4.037438 -0.636326 -0.6998797 -0.29576883 -0.5968398 -0.9863231
-0.9683145 -0.83623546 -0.820043 -0.70268786 -0.77731514 -0.9183446 -0.21662362 3.7216642 -1.113961
-0.72594774 -0.1700608 -0.25630218 0.03580838 -0.71522385 0.22825035 -0.8219815 4.9111094 0.0
-0.7797801 -0.92909676 -0.73407495 -0.31210488 -0.95167047 -0.8261795 -0.94818044 3.965628 -1.0730011
-0.71278733 -0.49727693 -0.6513844 4.409207 -0.71743745 -0.64850974 -0.57061976 -0.24744043 -0.84907633
-0.5325587 -0.70569694 -0.81174964 4.1710477 -0.78531325 -0.50785524 -0.55958974 0.6515698 -0.85016686
-0.9912575 -0.7262684 -0.42006835 -0.045931485 -0.76834786 -0.939519 -0.79761654 4.770794 0.0
-0.85084087 -0.8246166 -0.7361552 0.8360933 -0.7132518 -0.7488752 -0.60980445 4.1960797 -0.95274025
-0.66784066 -0.71596235 -0.56192654 0.48738563 -0.7793287 -0.69512135 -0.60130316 4.2578607 -0.8770832
-0.820139 -0.84021693 -0.8429179 4.127203 -0.8968059 -0.7367101 -0.56442374 0.7334228 -0.94836015
-0.8592853 -0.027900396 0.44101632 0.53094566 0.6608559 -0.21403423 -1.1519097 4.442639 0.0
