-1.1365879 -0.84358966 -0.91151965 0.34332985 -1.252894 -0.67156416 -0.043909963 4.3367157 0.0
-0.3169035 -0.5095573 -0.23860256 1.2694756 -0.6725654 -0.048572052 3.4221692 2.1314335 0.0
-0.77002746 0.13710219 -0.69034964 3.5092943 -0.9011251 1.4832926 -0.32428923 1.2161278 -0.829781
0.2097095 0.116157 -0.39046225 -0.4242712 0.4096066 0.06498269 0.11834163 3.2563193 -0.7422129
-0.4552092 -0.64363253 -0.5090762 -0.23845468 -0.63708854 -0.5161115 -0.2423394 4.324344 -0.7955986
-0.12537684 -0.07414886 0.17395453 2.2344224 -0.054326385 -0.050124314 -0.15049753 1.9759732 0.0
-0.3695987 0.055016592 1.5171682 1.1917543 0.032442775 2.5763607 -0.88184303 -0.5573787 -0.5956169
-0.25354314 -0.3233849 0.85986257 1.6030126 0.5149791 -0.6869768 0.25806907 1.5111195 -0.8797514
-0.41847077 0.0801108 -0.020125132 2.629157 0.36786386 0.26773185 -0.625924 0.37892082 -0.49174458
0.037839055 0.6819226 0.53961486 3.0196812 -0.47467822 -0.07572255 -0.20614047 -0.1602106 0.0
-0.40455204 0.21323226 0.027882814 0.15334597 -0.4958338 -0.7147785 0.15781033 3.0920074 -0.6814197
-0.30571505 -0.043871243 -0.27844357 2.2934854 -0.19612743 0.80349296 0.39723024 0.27160025 -0.936912
-0.3041548 -0.13255592 -0.69393575 -0.1244348 -0.2798564 -0.508574 0.18828638 3.2403243 -0.85917526
-0.25344676 -0.16572322 0.08723672 -0.04504478 -0.36864555 0.15659659 -0.06602921 3.5666313 0.0
-0.4119854 -0.5103745 -0.32411078 -0.08470974 -0.48221546 -0.38916993 -0.42496228 3.7707539 -0.78516823
-0.34379292 -0.58370554 -0.3768283 3.6137173 -0.7288126 -0.3739033 -0.44495666 -0.15563715 -0.89202946
-0.6876296 0.042227946 -0.20473358 2.6519134 -0.17512834 0.19704874 -0.39530376 0.7129796 -1.0505619
0.05996553 -0.1403712 -0.25350052 0.16688217 -0.025258683 -0.43531823 -0.26719657 3.180383 0.0
-0.6559133 -0.61135596 -0.55276775 0.15568437 -0.61610734 -0.7362659 -0.5988301 4.155669 -0.85121125
-0.654499 -0.7819457 -0.43322945 0.30972463 -0.62090546 -0.65457773 -0.65666145 3.9743195 -0.87601113
-0.4743942 -0.2840641 -0.47989708 3.856044 -0.36819324 -0.5579714 -0.4171737 0.45646232 -0.8314842
-0.025771426 -0.6190192 -0.5351055 0.014259853 -0.33150682 -0.834501 -0.67456686 4.7279935 0.0
