-1.4455469 -1.47646 -1.349963 0.28323913 -1.4365834 -1.3860147 0.6185917 3.4166071 0.0
0.5817583 -0.15089971 0.11139945 1.3177521 0.892816 -0.52600765 1.7399703 2.0540617 0.0
-0.4565463 -0.7382249 -0.1579836 2.128109 -0.48988387 -0.534054 -0.486346 2.6146457 -1.1810836
-0.6333876 -0.6971807 -0.6231496 0.27779594 -0.734778 -0.6753062 -0.58049124 3.6826403 -1.0298651
-0.77264917 -0.92887944 -0.5612566 0.8413641 -0.25897944 -0.6363728 -0.5207348 3.6382864 -1.0477341
-0.4788796 -0.43557194 1.1452794 2.321272 -0.39155412 0.5201049 -0.04310137 0.721733 0.0
-0.28084826 1.9809004 -0.5082924 0.8336317 -0.6133563 0.86880106 -0.56495386 0.61436063 -1.0745944
0.21305521 -0.10920424 0.15466875 1.0780292 -0.41601455 0.45278472 -0.84910965 2.0607111 -1.023935
0.6528306 -0.010447823 0.7085304 2.3816853 -0.95304304 -0.37920395 -0.7409299 0.11702562 -1.1941128
0.64450806 2.0085182 0.8536652 1.2671824 -0.054358795 -0.45170063 -0.6804735 0.049091365 0.0
-0.22669646 0.13763797 -0.1638309 0.1688424 -0.3961374 -0.31241712 -0.3452307 2.5255287 -1.1386967
-0.6937364 0.12389616 0.04686283 1.6945077 -0.43630478 -0.36083198 1.396669 -0.35765594 -1.2258877
-0.8324866 -0.5496644 0.16020712 0.58600324 -0.47524554 -0.118932694 0.9942974 2.2294292 -1.167385
0.34448045 0.9903226 0.9732591 0.5076415 0.15631913 1.4051834 0.16006786 1.5158768 0.0
-0.42194217 -0.35642874 0.01987464 0.9827835 -0.63198054 -0.5524388 -0.5563687 2.84663 -0.97329074
-0.6505559 -0.67256576 -0.849698 3.9339182 -0.7806412 -0.6258703 -0.74615926 0.5194919 -0.99855465
-0.66112834 -0.63062096 -0.4428846 2.3557396 -0.73913616 0.074798964 -0.30293635 1.8135812 -1.2018532
-0.61461425 0.5854048 0.48411393 0.52697206 0.0203278 -0.40153986 -0.18073376 2.6408708 0.0
-0.78321916 -0.84017026 -0.852454 2.2018917 -0.74193764 -0.93018985 -0.7713007 3.27536 -1.0307945
-0.81028545 -0.8925809 -0.6236122 1.7966387 -0.841807 -0.65318125 -0.6276665 3.360359 -1.0720915
-0.9059698 -0.7420403 -0.77458465 3.0447812 -1.1507744 -1.0728114 -0.617017 2.0693557 -1.189253
-0.83237207 -1.4516158 -0.9577284 1.4975684 -1.2676456 -0.9497053 -0.9420329 3.8407404 0.0
