-1.2000328 -1.3802508 -1.1022729 0.8971034 -1.2172959 -1.2746882 1.037261 2.8053906 0.0
0.72879726 0.08341459 0.2380439 1.2185464 1.3574388 -0.19189899 1.7392169 1.9286996 0.0
-0.15682504 -0.6772361 0.18285696 2.057315 -0.2766028 -0.07103362 -0.08031531 2.5175638 -1.0394474
-0.44804704 -0.7063357 -0.41018465 0.6549375 -0.5072917 -0.6163252 -0.43068364 3.411967 -1.0610367
-1.0279487 -0.5638079 -0.4700352 1.0801263 0.02160233 -0.50641966 -0.1257734 3.1392426 -1.230114
0.10991892 0.25116947 1.6639705 1.0750923 -0.14238401 0.8795084 0.18698403 0.4743729 0.0
-0.54216856 2.2429588 -0.28389943 0.56253856 -0.2804104 0.2869127 -0.21788964 0.91311425 -0.9409256
0.5439581 0.28026035 0.602316 1.0407553 0.016902309 0.45548716 -0.52203023 1.7154291 -0.8128607
1.0281672 -0.47351158 1.6605344 1.4656105 -0.2613085 -0.17569205 -0.49637547 0.3932794 -1.0594629
-0.35601535 2.6646814 0.3428002 0.5032911 0.32346368 -0.053202484 -0.46061423 -0.0011723826 0.0
0.04478701 -0.24918962 0.50040066 0.81801504 -0.10691131 0.02415488 -0.2640894 2.200133 -0.98759174
-0.41497666 -0.37727374 -0.46746504 1.2577487 -0.04726924 0.5004413 1.7922138 0.40339705 -1.1720948
-0.64271224 -0.46989465 0.1291696 0.69288594 -0.02686686 -0.32514828 1.0563774 2.1861296 -1.0893899
0.7054016 -0.482744 0.5004445 0.6452283 0.300281 1.6288776 0.731033 1.7353817 0.0
-0.4626928 -0.17072718 -0.033913974 0.75904995 -0.66350627 -0.32002494 -0.4348716 2.8432019 -0.9544731
-0.25925234 -0.6854377 -0.46128947 3.0093038 -0.5818321 -0.4179184 -0.5256262 1.454906 -1.0076815
-0.4587653 -0.11168644 -0.5441713 1.8868254 -0.38470972 0.31773782 0.24726339 1.925863 -1.1421529
-0.34404218 0.5445589 0.7206276 0.6975183 0.7564535 0.25828224 0.61424285 1.5598438 0.0
-0.5934208 -0.6113467 -0.49122372 2.1529858 -0.58416116 -0.52584153 -0.43075883 3.0817795 -0.8805812
-0.54250985 -0.6472737 -0.4560721 2.1915703 -0.73070544 -0.6497262 -0.32560453 2.9519253 -0.92955244
-0.5017394 -0.073530294 -0.6401327 2.6776001 -0.5947314 -0.60198843 -0.3215027 2.3037329 -0.9635696
-0.8166885 -0.84498966 -0.4573011 2.0841153 -0.7709181 -0.76418644 0.004103196 3.080159 0.0
