-0.19621544 -0.35602438 -0.035105765 1.7614456 -0.40944853 -0.3432135 1.5780778 1.7979816 0.0
0.97731733 0.63062406 0.5937999 0.82046634 0.8642411 0.3305299 0.48234633 2.1968873 0.0
0.009227568 -0.19859473 0.34897852 1.4792936 0.5079758 0.95880425 0.44395727 2.3614483 -0.31098998
0.24904019 0.18423043 0.76350033 0.85628337 0.244411 -0.062009923 -0.023625894 2.6811335 -0.38855848
-0.08715079 0.1937669 0.3296974 1.3276411 0.75364125 -0.16152316 0.8840041 1.9880308 -0.33524415
-0.006283762 0.5358857 0.92910826 1.3877949 0.47518888 1.1717532 0.47548574 0.95706785 0.0
0.10881165 1.6066815 0.29628742 1.2841702 -0.09743047 0.1542084 0.31413454 1.5439268 -0.3795564
0.36559743 0.16464573 0.26625603 1.4877678 0.09734409 0.16361274 0.35582173 0.87735915 -0.3281877
0.7574841 0.10051221 0.4445402 1.1988287 -0.10268333 0.51702034 0.22454008 1.4224972 -0.44538778
0.013091872 1.5610076 1.2358875 1.030304 0.37848282 0.39780346 0.47927 0.8135527 0.0
0.70127195 0.62386566 0.34430844 0.35646072 -0.10799221 0.48144695 0.33287856 2.3965633 -0.3811587
0.064875625 -0.12977087 -0.09907085 1.6241194 -0.11577394 0.9589982 1.7633698 0.44146553 -0.44561943
-0.034913637 -0.0090704 0.59637636 0.34796804 0.15411817 -0.27551287 1.1616853 2.457477 -0.38938972
0.92865366 0.2020683 0.8146853 1.0792977 0.40162048 0.80025595 0.89297116 1.0817636 0.0
-0.23365326 0.16638634 0.23766866 1.1111728 -0.39379805 0.06704249 -0.25265107 2.707614 -0.41700006
0.2537774 -0.023122 -0.27393562 1.9923693 -0.25735462 0.16087201 0.12977768 2.3340254 -0.38747633
-0.22766392 0.148513 0.25834143 1.7034264 -0.2450364 0.47307748 0.39438754 2.0153437 -0.44623995
-0.1678764 1.1691074 0.4854217 1.2902098 0.29796705 0.26048207 0.4189419 1.7614108 0.0
-0.43564782 -0.3929675 -0.4445896 1.9685547 -0.42779753 -0.46983 -0.43188277 2.784642 -0.48174942
-0.30478093 -0.4587473 0.079712644 2.0583465 -0.35872552 -0.43465352 -0.14524089 2.72524 -0.45801845
-0.45209253 -0.29140657 -0.33360606 2.5899992 -0.4748182 -0.45200312 -0.20470035 2.0431094 -0.4788702
0.48133 -0.23512745 0.11430292 1.8162513 -0.23903161 -0.27004993 -0.013695214 2.5538886 0.0
