-1.4521908 -1.3022553 -1.3204794 -0.006705289 -0.501418 -1.3957253 0.7323956 3.5006547 0.0
-0.2237776 -0.88063836 -0.20993674 1.4652009 -0.1999353 -1.0180482 3.2779906 2.0351286 0.0
-1.3162067 -1.0088072 -1.0408758 3.1181662 -1.29831 -0.9472943 -0.60464585 2.2973125 -1.2835324
-0.81361043 -0.67015064 -0.8034666 -0.3400144 -0.7774407 -0.84161806 -0.9096623 4.174287 -0.9275796
-0.5456921 -0.9551809 -0.5650939 0.21914083 -0.60218036 -0.78511816 -0.7789003 4.4515266 -0.96091324
-1.0618848 -1.0378791 0.33219168 3.8779426 -0.9645976 -0.1363816 -0.802675 1.0471535 0.0
-0.74018174 1.1426228 -0.9012187 0.9998533 -0.9064967 2.581834 -0.9324181 0.5343432 -1.1740959
-0.67292273 -0.6089005 -0.2922058 1.0808231 -0.6590557 -0.129966 -1.0082057 2.9983401 -1.1126221
-0.2205657 -0.7004265 -0.122767605 3.6239545 -0.9895305 -0.7386122 -1.0595948 -0.036352243 -1.1156422
-0.21823303 0.9751866 0.7875026 3.2785997 -0.781042 -0.7329183 -1.016292 -0.1753852 0.0
-0.65257335 -0.96959484 -0.5906925 -0.55986667 -0.61270815 -0.85893905 -0.7970183 3.4525821 -1.1422478
-0.8015472 -0.69085884 -0.79146266 3.4832847 -0.7335433 -0.82940775 0.25392422 -0.32844478 -1.0765365
-0.8697851 -0.6554569 -0.6245618 -0.54056406 -0.8317674 -0.8074737 0.07886099 3.2004135 -1.2000909
-0.6062429 0.18378095 0.2580599 0.20294203 -0.571688 0.6742626 -0.67397267 4.187366 0.0
-0.72265124 -0.7317886 -0.5404979 0.30230117 -0.8398671 -0.80488837 -0.6974862 3.3916597 -1.1075177
-0.61245465 -0.5370853 -0.6173466 4.2825713 -0.6356541 -0.6386819 -0.5711612 -0.009768359 -0.832705
-0.82858825 -0.8521038 -0.8187595 3.7885766 -0.90311885 -0.6744176 -0.6794974 1.1149156 -1.108794
-0.91471106 -0.46971464 -0.14765759 0.08726014 -0.61979955 -0.8742454 -0.7571107 4.34845 0.0
-0.8903376 -0.85233015 -0.8201691 1.7494602 -0.79498327 -0.84909153 -0.7262943 3.6564033 -1.0494999
-0.7385722 -0.75806415 -0.62766564 0.91507417 -0.83105147 -0.6967466 -0.6132557 4.026564 -0.95054775
-0.8744558 -0.90399146 -0.8649144 3.6806011 -0.90549517 -0.89912385 -0.69150424 1.3228502 -1.0846242
-0.7111348 -0.30340707 0.124544434 0.97537655 -0.4920775 -0.7328335 -1.0725759 4.180977 0.0
