-1.4490695 -1.4212754 -1.3635619 0.017081203 -0.39269134 -1.5705878 0.68785995 3.5445566 0.0
-0.35367432 -0.97794795 -0.32130718 1.583166 -0.3076337 -1.0771949 3.3828366 1.9620422 0.0
-1.3318783 -1.0312265 -1.1128753 3.4616177 -1.3589628 -1.0580809 -0.5313519 2.0553248 -1.26104
-0.79338115 -0.74431574 -0.8398641 -0.40268442 -0.7520436 -0.9083054 -0.9712004 4.2507515 -0.94571286
-0.44139382 -0.93475276 -0.58566827 0.15365301 -0.6327843 -0.77273375 -0.80792373 4.5231767 -0.8815324
-1.0906965 -1.0547353 0.24829781 3.9816318 -0.9821496 -0.1983671 -0.8535041 1.0836202 0.0
-0.9356607 0.8984153 -0.61416286 1.239449 -1.041323 2.7106805 -0.8772188 0.34682253 -1.1920056
-0.6536188 -0.59336853 -0.3242092 0.9851633 -0.6145021 -0.09023573 -1.0452216 3.1391783 -1.0756018
-0.30375 -0.7158371 -0.15979141 3.693879 -0.9529103 -0.6980933 -1.035161 -0.06756416 -1.0783933
-0.26256695 0.88879657 0.628524 3.4979403 -0.81646955 -0.79205847 -1.0691752 -0.27054772 0.0
-0.6227975 -0.9811366 -0.64854115 -0.6664449 -0.6355871 -0.87193394 -0.84459776 3.5589058 -1.1169446
-0.7729111 -0.67057014 -0.7520796 3.6290839 -0.72880834 -0.8123411 0.08719598 -0.4008453 -1.0286117
-0.89056474 -0.72221005 -0.74608403 -0.6228203 -0.79170835 -0.85355043 -0.009103349 3.3284292 -1.1578094
-0.63947904 0.097047925 0.11537518 0.16947487 -0.60888886 0.56519085 -0.71972895 4.3860283 0.0
-0.7772191 -0.77787375 -0.5594726 0.13305147 -0.8638316 -0.86590827 -0.73772955 3.51476 -1.0874184
-0.580521 -0.506997 -0.56402355 4.262051 -0.58811975 -0.5471874 -0.50915223 -0.04420483 -0.77316755
-0.7601704 -0.79713714 -0.79286623 3.9144242 -0.787977 -0.65100604 -0.6836284 0.9977194 -1.0164367
-0.9221951 -0.5426876 -0.20875274 0.05993062 -0.657789 -0.88816977 -0.77548873 4.4494333 0.0
-0.85334504 -0.8321985 -0.80181336 1.5067574 -0.71912074 -0.7659522 -0.6920197 3.797387 -0.99412614
-0.7338949 -0.61131465 -0.6036237 0.83459544 -0.76303005 -0.6848803 -0.5344935 4.0540214 -0.91415375
-0.8833862 -0.8921561 -0.8292725 3.756368 -0.92971265 -0.8051619 -0.5814082 1.2242306 -1.0245879
-0.76450276 -0.14350145 1.1315283 0.86255574 -0.25482363 -0.57984823 -1.0786688 4.1639433 0.0
