-1.4561436 -1.4948723 -1.3703856 0.2909581 -1.460147 -1.4118754 0.6194118 3.4141219 0.0
0.5859785 -0.14253244 0.11414876 1.3201302 0.9174202 -0.51253885 1.7038966 2.0558493 0.0
-0.41380984 -0.715552 -0.13304903 2.1121442 -0.47045586 -0.50506043 -0.47330165 2.612458 -1.1765051
-0.6249362 -0.6993682 -0.61562735 0.2922396 -0.72541845 -0.67767066 -0.5864392 3.6728506 -1.0336292
-0.7605707 -0.9281702 -0.55406123 0.85724133 -0.24545096 -0.62608093 -0.5070178 3.6099107 -1.044252
-0.46181077 -0.3990483 1.1723257 2.2449903 -0.37429973 0.53549194 -0.016597945 0.7248146 0.0
-0.2895057 2.003232 -0.4900681 0.841976 -0.6154524 0.81120306 -0.5573127 0.6064318 -1.0773438
0.22919866 -0.09921095 0.16407774 1.0769728 -0.40915674 0.4591029 -0.86415684 2.0514646 -1.0190167
0.66361386 0.010601621 0.7233939 2.3629832 -0.95537555 -0.36740038 -0.74051857 0.118117504 -1.198997
0.6441674 2.0346675 0.83978975 1.2345457 -0.041019622 -0.4460555 -0.6796908 0.03642339 0.0
-0.22441414 0.16555385 -0.16413546 0.19056006 -0.38717425 -0.30131805 -0.33541194 2.5113366 -1.1380603
-0.69105077 0.14408956 0.10577638 1.636723 -0.4279512 -0.35724407 1.4368668 -0.36814362 -1.212812
-0.8350399 -0.5450979 0.16921224 0.5996901 -0.47369465 -0.09634526 1.0088484 2.2204204 -1.16526
0.36892888 1.0054001 0.9727584 0.5007184 0.16765003 1.4322286 0.18090767 1.4744414 0.0
-0.41220543 -0.3485126 0.033883024 0.98786145 -0.6346618 -0.5526098 -0.56040084 2.8425875 -0.9708933
-0.66849387 -0.68791664 -0.88177055 3.9366508 -0.80493426 -0.6342419 -0.7605571 0.5293663 -1.0215031
-0.64000875 -0.63029295 -0.4260428 2.3309388 -0.7296391 0.10599266 -0.29164124 1.8185593 -1.1979171
-0.6124221 0.6228939 0.5026289 0.5353656 0.046736404 -0.39204025 -0.1622766 2.5883853 0.0
-0.77790296 -0.83218354 -0.8563198 2.2713156 -0.72961265 -0.9380461 -0.76420116 3.2331853 -1.022835
-0.80507475 -0.89396197 -0.61759907 1.8288195 -0.83903545 -0.6367161 -0.6185622 3.330734 -1.0675721
-0.911409 -0.74694693 -0.7867452 3.039321 -1.1705372 -1.0977516 -0.6178476 2.0775425 -1.195505
-0.81327003 -1.4700745 -0.9465889 1.5180817 -1.2823957 -0.9367662 -0.9142864 3.8153625 0.0
