5.482048 -0.54595715 -1.1389085 -0.8683562 -0.74311554 -0.7673386 -0.90308845 -0.83431065 0.0
-0.95761377 -1.4232047 0.08293503 -0.98392975 5.592046 -1.0831999 -1.0429784 -1.0291339 0.0
-0.64744437 -0.114039406 -0.65210754 -0.33493298 -0.5381914 -0.38375425 -0.5779638 -0.86315924 4.2793803
-0.33682296 -0.45464933 -0.57557666 -0.58478653 -0.5347604 -0.5709262 -0.55700064 -0.8602599 4.3171897
-0.50162053 -0.7738129 -0.55814195 -0.6507885 -0.3414123 -0.7271354 -0.44663104 -0.67147416 4.551523
-0.9122541 -0.8993277 5.181103 -0.6103753 -0.7677303 -1.1995448 -0.75028706 -0.59511673 0.0
-0.38274735 -0.7763497 -0.49444982 -0.44186062 -0.3858004 -0.39265457 -0.48244163 -0.55096316 3.989685
-0.4951942 -0.807011 -0.7205552 -0.58177626 -0.5186179 -0.6773103 -0.47226185 -0.54244816 4.3081856
-0.65614223 -0.4686913 -0.675029 -0.5368334 -0.51377326 -0.5907019 -0.78056467 -0.5808336 4.3404827
-0.9904388 -0.6741386 -0.9306935 -0.61979 -0.8483411 -1.2014898 5.012467 -0.6978788 0.0
-0.48455453 -0.754952 -0.27056605 -0.6983738 -0.16581792 -0.4342073 -0.2827805 -0.4214043 3.8412979
-0.5860119 -0.3200091 -0.5692684 -0.43298808 -0.4857046 -0.6802648 -0.71058786 -0.382671 4.1069145
-0.6350468 -0.58798736 -0.61706406 -0.6324006 -0.43277675 -0.37070024 -0.7150164 -0.4697422 4.224904
-1.2136667 -1.0561262 -0.6422124 -0.7168482 4.9560866 -0.7804772 -0.9815042 -0.7981399 0.0
-0.4723843 -0.5866093 -0.42343003 -0.602538 -0.44553614 -0.40126008 -0.3551895 -0.6432926 4.00359
-0.6610702 -0.66846114 -0.38601547 -0.7789187 -0.41919544 -0.38051993 -0.48099136 -0.59960026 4.271025
-0.7064336 -0.5362776 -0.6591639 -0.7415041 -0.5360641 -0.59708947 -0.33836666 -0.4205186 4.2965536
-0.9323092 -1.3927449 0.73290765 4.26908 -0.86397797 -0.9943744 -0.794995 -0.88561827 0.0
-0.38553253 -0.33759624 -0.58873075 -0.66853094 -0.4548921 -0.3035791 -0.23968063 -0.6874665 3.8694649
-0.2547564 -0.7319961 -0.6448602 -0.58710176 -0.54776293 -0.24509673 -0.36181673 -0.41529113 3.984424
-0.34117943 -0.6364074 -0.628298 -0.8840322 -0.6514768 -0.4766218 -0.49076962 -0.4889922 4.2826324
-0.52191025 4.493338 -0.9090165 -0.872746 -0.69544894 -0.6485246 -0.81863433 -0.61096567 0.0
