4.6221356 -0.6403075 -0.4874539 -1.0331844 -0.21198526 -0.89004964 -0.686792 -0.9466151 0.0
-1.1483316 -1.7121698 2.453592 0.034348845 2.7580867 -1.7686146 -0.5717892 -1.1298139 0.0
-0.4359871 -0.2723612 -0.5431935 -0.7288086 -0.3947063 -0.5604596 -0.45960793 -0.8007269 4.3359137
-0.35298753 -0.67816514 -0.6334536 -0.6760826 -0.37496346 -0.67852396 -0.38146865 -0.64446896 4.37559
-0.5742766 -0.5800939 -0.49809447 -0.6543136 -0.6650846 -0.47253567 -0.44794562 -0.7143646 4.547098
-1.6016053 -1.5146406 3.4258842 0.24432358 0.45100018 -1.1617267 -0.9162907 0.19910222 0.0
-0.584715 -0.6098933 -0.61421806 -0.62422174 -0.30459675 -0.3529182 -0.2844763 -0.7553903 4.102636
-0.66245687 -0.85446686 -0.54373777 -0.51986283 -0.2667931 -0.4965009 -0.3576325 -0.40931714 3.999354
-0.3732113 -0.58256066 -0.58713615 -0.43209964 -0.70072734 -0.41248178 -0.460879 -0.46217355 4.086053
0.081433244 -0.27445596 -0.56436795 0.147299 -0.85829324 -1.7814245 2.809301 -0.032174863 0.0
-0.7679156 -0.4888158 -0.497157 -0.5141436 -0.47325867 -0.39666197 -0.51451296 -0.4427162 4.099488
-0.6731945 -0.6648541 -0.5963419 -0.46471888 -0.5364697 -0.46302274 -0.30300236 -0.3548115 4.17867
-0.5842563 -0.538743 -0.5106729 -0.45357403 -0.49314094 -0.602186 -0.5264281 -0.54472995 4.235095
-1.0104183 -1.0481058 -0.049689766 0.065450914 1.961844 0.58616656 -1.0203373 0.18751799 0.0
-0.39222592 -0.70557386 -0.49259353 -0.5115942 -0.4547311 -0.54663324 -0.44338173 -0.44748592 4.063987
-0.6021014 -0.6443268 -0.54313314 -0.5383089 -0.59743375 -0.5522915 -0.40960154 -0.36150396 4.2889023
-0.48690134 -0.7551863 -0.61724156 -0.6638339 -0.48826712 -0.48970628 -0.45986304 -0.39058957 4.3176417
-0.63072246 -1.0415324 1.5045055 1.5436218 0.60847604 -0.8781469 -0.5906865 -1.0057133 0.0
-0.4599482 -0.31701803 -0.6536583 -0.5463687 -0.4967134 -0.5146289 -0.51712537 -0.55428904 4.1572294
-0.53392786 -0.50228983 -0.62441534 -0.63011926 -0.40731072 -0.62276226 -0.5553833 -0.5228853 4.3270044
-0.5417036 -0.5748945 -0.7270201 -0.70604146 -0.41238797 -0.60574865 -0.47475216 -0.5036628 4.4235754
0.32526028 2.8244398 -0.7889888 -1.1505232 0.082169704 -0.28085235 -0.6802133 -0.958253 0.0
