2.9232452 0.060300246 -0.1399883 -1.0887039 1.7546346 -0.19757959 -1.0142393 -1.369334 0.0
-0.23213026 -1.0706825 0.96248996 0.9775518 1.0444458 -1.0104283 0.22653542 -0.39805123 0.0
-0.29230437 -0.32347205 -0.34764194 -0.6262369 -0.45766997 -0.5267329 -0.42164 -0.89917535 3.957599
-0.14929393 -0.49863374 -0.61706436 -0.72485423 -0.19881377 -0.53946424 -0.29304832 -0.73359776 3.6876895
-0.41204005 -0.22719055 -0.53205365 -0.6688083 -0.38486344 -0.4932375 -0.63249475 -0.8449882 4.058282
-1.157021 -0.9750231 1.3555044 0.578007 0.46965188 -0.40183732 -0.27776736 0.59103787 0.0
-0.3831306 -0.7273571 -0.59179765 -0.35144982 -0.3442523 -0.50028324 -0.19036393 -0.5310609 3.5673673
-0.43296078 -0.5803857 -0.08173398 -0.49678865 0.09623382 -0.5102312 -0.45336178 -0.19502988 2.6118135
-0.253143 -0.44189316 -0.5700452 -0.2382538 -0.5040106 -0.5667517 -0.28192735 -0.29010233 3.0745869
0.5636205 0.28211996 -0.18869255 0.475747 -0.03535168 -1.2545211 0.7731236 -0.058707625 0.0
-0.57084024 -0.54959977 -0.5153967 -0.54770833 -0.2183522 -0.30955833 -0.4976524 -0.595841 3.766146
-0.4664257 -0.61095333 -0.42957944 -0.69020116 -0.45160496 -0.67868537 -0.40132052 -0.4424619 3.9825525
-0.27121085 -0.41431606 -0.6269484 -0.5668613 -0.5630758 -0.52065766 -0.5193348 -0.51334786 3.8622422
-0.35795292 -0.31882265 0.27160612 0.5878038 0.2846056 0.35062864 -0.49275526 -0.042689826 0.0
-0.28718042 -0.6392403 -0.45154527 -0.61443573 -0.13809215 -0.48777255 -0.446596 -0.7129053 3.562027
-0.65280294 -0.5235295 -0.5424026 -0.7157707 -0.38900045 -0.56851184 -0.5554199 -0.5205653 4.2274337
-0.37816653 -0.53846055 -0.42959312 -0.80934936 -0.44972476 -0.5684126 -0.60599655 -0.5951703 4.2665668
0.037976958 -0.3985122 0.6404847 0.6586114 0.3911639 -0.32706705 -0.3047163 -0.5047888 0.0
-0.4245712 -0.4546548 -0.5302949 -0.8763068 -0.41859066 -0.38141447 -0.46091926 -0.7871024 4.277568
-0.39085832 -0.44981334 -0.6200796 -0.7524081 -0.34583768 -0.46355698 -0.6579966 -0.8168878 4.3021536
-0.5212912 -0.3904816 -0.5068135 -0.71933424 -0.19297475 -0.4179094 -0.51316375 -0.8002059 3.9970422
0.50324625 1.0803299 0.18593879 -0.94645095 0.286043 0.2428736 -0.27186874 -0.89094126 0.0
