5.8980427 -1.0865499 -1.3342025 -0.8794607 -0.500538 -0.91597575 -0.6426641 -0.7261885 0.0
-1.1219724 -0.62897676 -0.596095 -0.8229699 5.9335456 -1.0222207 -1.1580154 -0.83150554 0.0
-0.36547703 -0.031419795 -0.67581445 -0.684736 -0.35176423 -0.7234744 -0.9300965 -0.60974056 4.4251943
-0.58141243 -0.44011572 -0.35046983 -0.8709401 -0.4912719 -0.48741853 -0.6773105 -0.6858376 4.597112
-0.61388016 -0.5842182 -0.9313953 -0.37350282 -0.37228498 -0.48540688 -0.40648997 -0.5257804 4.5271616
-0.6080934 -0.799742 5.543554 -0.9022493 -0.9037693 -0.9952686 -0.8978092 -0.67738813 0.0
-0.55616254 -0.6172732 -0.4877198 -0.94167703 -0.36578938 -0.33919436 -0.5241343 -0.5941677 4.2098823
-0.8340413 -0.46299645 -0.66031224 -0.4019005 -0.70041203 -0.385739 -0.6582116 -0.08913242 4.263576
-0.5855031 -0.45849767 -0.40565953 -0.6082804 -0.7592307 -0.41333205 -0.78019476 -0.27302206 4.37083
-0.9514695 -1.0422807 -0.9178628 -0.87942123 -0.82583386 -0.568094 5.658801 -0.9214962 0.0
-0.42065287 -0.35673594 -0.68184286 -0.42956832 -0.8060426 -0.4549715 -0.8883426 -0.8507522 4.4105763
-0.38801697 -0.22321069 -0.6301898 -0.7600076 -0.4558139 -0.9363871 -0.3147357 -0.64717704 4.237998
-0.6114394 -0.19705926 -0.27626523 -0.47561392 -0.5679189 -0.40334156 -0.39500943 -0.55657303 3.9529467
-1.0585582 -1.0215983 -0.75025934 -1.0224108 5.6889577 -0.96130425 -0.86272705 -0.67453736 0.0
-0.052748397 -0.635578 -0.4537869 -0.3676532 -0.4055566 -0.4866273 -0.7296056 -0.5524742 3.9438632
-0.5326986 -0.21967924 -0.41057923 -0.655071 -0.37856185 -0.44801304 -0.56265736 -0.3507369 3.9790456
-0.6031269 -0.76601875 -0.4547325 -0.6148529 -0.4364736 -0.5893547 -0.39252272 -0.12623134 4.2379556
-1.3827726 -0.44230473 -0.030194947 5.268041 -1.2267654 -1.1878405 -0.92103016 -1.2320774 0.0
-0.5720124 -0.3536989 -0.78638494 -0.567057 -0.43855438 -0.5422408 -0.3106068 -0.786285 4.2325435
-0.26695254 -0.6797644 -0.750954 -0.42687088 -0.039394047 0.06994648 -0.35946813 -0.39676923 3.640208
-0.6600588 -0.2242529 -0.5427409 -0.9114029 -0.012802173 -0.4229341 -0.38156852 -0.60303307 4.0839243
-0.9203431 5.0004234 -0.38295364 -0.804803 -0.6165692 -0.9260114 -0.70442295 -0.6550877 0.0
