4.139882 -0.36583078 -0.7107379 -1.2395207 0.66355556 -0.7180438 -0.8636095 -1.2893212 0.0
-0.81668055 -1.5577592 1.4695297 0.969597 1.880773 -1.4840826 -0.16538389 -0.76112807 0.0
-0.43324402 -0.31695697 -0.5883529 -0.6873281 -0.53920317 -0.44451016 -0.44812348 -0.88212484 4.2564483
-0.39065182 -0.59484935 -0.5939304 -0.67204493 -0.2890674 -0.5287785 -0.5374744 -0.63876843 4.145622
-0.5363367 -0.46342918 -0.5168086 -0.42315143 -0.6462014 -0.5692047 -0.4934125 -0.76267713 4.351729
-1.5328321 -1.6175221 2.2942424 0.6573801 0.7002358 -0.886986 -0.8503111 0.63612294 0.0
-0.36425883 -0.6136248 -0.57236934 -0.3923613 -0.41004547 -0.48717293 -0.28889358 -0.58464575 3.7441566
-0.5831865 -0.79302466 -0.38934916 -0.4454308 -0.2764207 -0.58311045 -0.48270223 -0.4216901 3.7063034
-0.40675956 -0.6888831 -0.47366413 -0.423458 -0.6304406 -0.5212023 -0.48528814 -0.46355966 3.9236648
0.3644161 0.21430874 -0.12287975 0.37530145 -0.5286069 -1.6983572 1.4814665 0.09612043 0.0
-0.57504433 -0.62770814 -0.52608186 -0.58018506 -0.3137516 -0.3931528 -0.5094162 -0.45000342 3.9737394
-0.5573145 -0.55352634 -0.48576906 -0.6365941 -0.4555354 -0.58171046 -0.44296226 -0.40193257 4.094359
-0.51791364 -0.45451516 -0.5376901 -0.46448436 -0.4681809 -0.4581693 -0.4744458 -0.5615949 3.9949346
-0.4737729 -0.54451275 0.2696788 0.31372115 0.81950057 0.34239054 -0.8117489 0.1797136 0.0
-0.42276642 -0.722168 -0.56485033 -0.5292468 -0.25106585 -0.47454688 -0.5794041 -0.54362875 3.9607048
-0.5881173 -0.40190268 -0.49596944 -0.67753553 -0.39671978 -0.5650918 -0.43070838 -0.50884485 4.1231127
-0.5806896 -0.6028749 -0.5054633 -0.55688965 -0.54621565 -0.5038088 -0.4700974 -0.52757245 4.2538934
-0.16647665 -0.7739329 0.83105123 0.911724 0.5425784 -0.67734414 -0.15146703 -0.4866499 0.0
-0.5030883 -0.5645204 -0.56645304 -0.57193804 -0.40083247 -0.35001296 -0.49763918 -0.7307429 4.156388
-0.41029793 -0.4539622 -0.5560103 -0.7911068 -0.3264783 -0.46741766 -0.5519384 -0.63905495 4.2114735
-0.43194738 -0.37590703 -0.6053124 -0.6622334 -0.300547 -0.47151864 -0.4888381 -0.65523803 4.063569
0.54011446 1.4996549 -0.45010826 -1.0994987 0.5879194 0.043354947 -0.12631515 -1.0012888 0.0
