5.4956956 -0.52507615 -0.87335044 -0.8057774 -0.2709734 -0.6540395 -0.43595555 -0.5603913 0.0
-0.30140114 -0.47398758 -0.5971374 -0.35988817 6.492335 -1.1876738 -0.85327345 -0.81801254 0.0
-0.49256548 -0.6134363 -0.27720207 -0.42216304 -0.60061437 -0.059230868 -0.21322867 -0.90103924 4.3045893
-0.34341446 -0.058631178 -0.40793535 -0.9687387 -0.031811807 -0.22880271 -0.82686776 -0.15045524 4.4163995
-0.7404884 -0.19690491 -0.5706439 -0.47761935 -0.46392146 -0.15106136 -0.71763057 -0.24544589 4.77364
-1.1045699 -0.7800861 5.234839 -0.18431327 -0.4625824 -0.30879027 -0.7621389 -0.44258404 0.0
-0.3253215 -0.26845425 -0.5217804 -0.85748106 -0.8181907 -0.022353735 -0.2562243 -0.6258768 4.159467
-0.4973579 -0.6609523 -0.4518979 -0.21892034 -0.2813235 -0.6458971 0.034950715 -0.41727766 4.421283
0.16141003 0.27706996 -0.49645504 -0.5558772 -0.8282778 -0.7826524 0.14939043 -0.1452228 3.7940433
-0.4728336 -0.14098553 -1.0571402 -0.5840171 -1.1679363 -0.6788402 5.796702 -0.11730351 0.0
-0.49556735 -0.46957982 -0.60555476 -0.4935135 -0.58679086 -0.35307673 -0.47579566 -0.13543133 4.5178723
-0.5434038 -0.54052866 -0.37259737 -0.3336597 -0.55134475 -0.23207895 -0.15299535 -0.33603787 3.8765857
-0.41111547 -0.13220961 -0.74556357 0.12046626 -0.70944875 0.023369873 -0.26879305 -0.80639833 3.9757295
-1.169085 -0.652636 -0.54936546 -0.66385084 5.5262012 -0.51552045 -0.28102243 -0.41257417 0.0
-0.2131703 -0.35792518 -0.64519393 -0.680106 0.066594414 -0.5650449 -0.69528306 -0.5747054 4.34518
-1.3596232 -0.24928649 -0.25559765 -0.6553092 0.06871669 -0.3441024 -0.5203767 -0.4291899 4.4138694
-0.49398348 -0.78061485 0.45562562 -0.5358631 0.047107972 -0.33878693 -0.30005538 -0.52847505 3.7247388
-0.5266588 -1.2073519 -0.50219446 5.4201484 -0.30412692 0.0023660946 -0.9407778 -0.2430989 0.0
-0.7383089 -0.2445553 -0.5908572 -0.7659779 -0.27975395 -0.3097761 -0.34693113 -0.25720376 4.565929
-0.42091557 -0.07843465 -0.44371355 -0.95554507 -0.44329426 -0.17963302 -0.16074948 -0.7109108 4.110868
-0.43172893 -0.5626836 -0.4439118 -0.47839805 -0.31284443 -0.2096782 -0.84013045 -0.33457604 4.30562
-0.43705913 4.962745 -0.32552686 -0.7648831 -0.5705414 -0.670115 -0.7331789 -0.31557003 0.0
