5.6491585 -0.7411391 -1.2175337 -0.6185578 -0.28705546 -0.8014588 -0.6731053 -0.68921643 0.0
-0.5258057 -0.6951478 -0.6118321 -0.42700377 6.281746 -1.325889 -0.65494263 -0.6872496 0.0
-0.47472557 -0.4369339 -0.32298243 -0.65714526 -0.21167883 -0.10873036 -0.48245567 -1.0448908 4.2552567
-0.5047099 -0.07904489 -0.3801775 -1.0935209 -0.29761103 -0.42125776 -0.7617406 -0.3539747 4.721182
-0.8300059 0.04121382 -0.4178743 -0.25905803 -0.29167506 -0.28891957 -0.7538285 -0.060500443 4.2269464
-1.0299642 -0.89692974 5.5115247 -0.51527345 -0.538744 -0.69141775 -0.80121577 -0.4124722 0.0
-0.43567356 0.024092508 -0.64848936 -0.7723802 -0.9037501 -0.3042968 -0.10979257 -0.80077314 4.0581574
-0.7411026 -0.4301639 -0.5942437 -0.5151991 -0.33108258 -0.47918457 -0.271648 -0.082101196 4.288142
0.0010032763 -0.19278818 -0.6915532 -0.577498 -0.9000705 -0.7611618 -0.183517 -0.32140273 4.261475
-0.58063006 -0.28746554 -1.108281 -0.52079546 -1.243893 -0.780441 5.9727116 -0.23487449 0.0
-0.36848366 -0.41587776 -0.80272424 -0.15043272 -0.22218144 -0.55298847 -0.738038 -0.23855284 4.176689
-0.58129144 -0.6331062 -0.4251079 -0.7578198 -0.64122784 -0.4744125 -0.18639165 -0.40431258 4.2977247
-0.58527386 -0.2018337 -0.9829997 -0.33799297 -0.40721443 -0.29491127 -0.32998246 -0.67641854 4.329522
-1.0605443 -0.79586077 -0.6205465 -0.65267956 5.582533 -0.5087505 -0.52341455 -0.62265474 0.0
-0.39381763 -0.102935016 -0.70652956 -0.55634654 0.0072357175 -0.71760327 -0.43368652 -0.7925595 4.0384765
-0.6350576 -0.23417717 -0.36789647 -0.7257333 -0.2558191 -0.55380225 -0.7647871 -0.6041383 4.293137
-0.534835 -1.0045658 0.09771961 -0.98584676 0.26642787 -0.656985 -0.21988446 -0.3356375 4.107011
-0.7745188 -1.343327 -0.23971626 5.3328466 -0.7259681 -0.30376038 -0.686821 -0.35649544 0.0
-0.71022874 -0.61278665 -0.6428744 -0.9781025 -0.28838268 -0.3418731 -0.324515 -0.2833807 4.594234
-0.5265041 0.33137047 -0.70160466 -1.1432935 -0.39653715 -0.20201963 -0.2506765 -0.6285986 3.9336216
-0.029051702 -0.61546564 -0.43217316 -0.8515784 -0.53231585 -0.03684427 -0.88434756 -0.5723294 4.332447
-0.26763296 4.9714484 -0.34871688 -0.82268304 -0.8264442 -0.8262436 -0.74187046 -0.66665584 0.0
