1.2210286 0.8929889 0.6636677 0.61540365 0.74690545 0.75601006 0.6164434 0.6132921 0.0
0.7105981 0.6529637 0.68395954 0.6241245 0.6782833 0.61317736 0.62661874 0.6155243 0.0
0.6495003 0.6346832 0.6252591 0.62471724 0.6370651 0.6269935 0.6285616 0.6145729 0.81838727
0.63662463 0.6288728 0.63430494 0.62197423 0.6441227 0.6269305 0.62470114 0.6177023 0.77137405
0.6370709 0.6295284 0.6282759 0.6221945 0.6374137 0.63749766 0.6251273 0.6151325 0.916663
0.61982954 0.6321947 0.6483821 0.6410551 0.6344542 0.6383557 0.643666 0.62685406 0.0
0.62704676 0.62066853 0.62796056 0.6285448 0.6330894 0.6246122 0.6296348 0.62595 0.6891859
0.62679356 0.62714195 0.6258636 0.6248104 0.62844527 0.6306462 0.6288305 0.62501264 0.66119105
0.6277573 0.62984735 0.63110673 0.6239394 0.6336899 0.62324023 0.6278039 0.6227498 0.6681639
0.6684043 0.6601332 0.6288156 0.629704 0.6416724 0.62017477 0.6369443 0.619742 0.0
0.62680244 0.6258902 0.6262174 0.62542444 0.63317543 0.62952524 0.6255497 0.62242067 0.7222178
0.6272915 0.62324846 0.62747854 0.6234453 0.62961113 0.6244029 0.6256161 0.63043404 0.775572
0.6406619 0.62909377 0.63276154 0.6224913 0.6236598 0.6257988 0.6234824 0.6204335 0.77751046
0.64328873 0.64245325 0.6440256 0.62298864 0.6413438 0.63270396 0.62632674 0.62236875 0.0
0.6308926 0.6268633 0.62842405 0.6227108 0.6376955 0.627344 0.6300042 0.6183433 0.7415059
0.62275314 0.6285931 0.6265589 0.61991614 0.6349894 0.6300238 0.62954223 0.6217156 0.9528868
0.629188 0.62720585 0.6235317 0.6229504 0.6288255 0.62670976 0.6254932 0.6210647 1.067343
0.64077014 0.6393078 0.6357175 0.64386344 0.63330543 0.63331205 0.6239369 0.6224753 0.0
0.64154613 0.6314367 0.6285404 0.617495 0.63364005 0.63159347 0.6273881 0.61678654 1.0626462
0.63574517 0.64554596 0.6241194 0.61956453 0.6348572 0.6281156 0.6258719 0.6162468 1.1082466
0.6367211 0.63610625 0.621213 0.6169637 0.64339066 0.6389384 0.6254662 0.61638117 1.0483353
0.6525885 0.71811235 0.6463342 0.6210515 0.65241206 0.6402529 0.6261246 0.6164976 0.0
