5.6542497 -0.3904893 -0.74745786 -0.7400908 -0.25809258 -0.5491637 -0.7079124 -0.46927515 0.0
-0.18703406 -0.34124365 -0.5848252 -0.34185144 6.487467 -1.0806758 -0.8824222 -0.7933266 0.0
-0.44841653 -0.36298037 -0.1953484 -0.36579108 -0.5441924 -0.041832965 -0.28730902 -0.7935892 4.082568
-0.58957803 -0.029372772 -0.3803263 -1.1720074 -0.02478634 -0.13189748 -0.6856416 -0.07222337 4.6961584
-0.67088276 -0.18680756 -0.46482787 -0.78394973 -0.42077786 -0.11774254 -0.6722137 -0.20097739 5.0540104
-1.0165493 -0.6921113 5.2867117 0.21020904 -0.7464042 -0.29207674 -0.73016655 -0.4110795 0.0
0.013480653 -0.2517445 -0.4791887 -0.72027653 -0.7527117 -0.020575227 -0.24960618 -0.49639574 3.9096005
-0.44517148 -0.6025124 -0.6208892 -0.20202121 -0.18055461 -0.5709806 0.00011945243 -0.43033916 4.479737
-0.06064152 0.2484399 -0.47665492 -0.5166164 -0.7713095 -0.7306464 0.4083832 -0.10887205 3.837483
-0.39778304 -0.07641745 -1.0151919 -0.45708397 -1.1065383 -0.60233283 5.6232185 -0.064583145 0.0
-0.4223289 -0.3988104 -0.47552404 -0.41471595 -0.54703444 -0.24775848 -0.2886789 -0.43301263 4.7338824
-0.48389253 -0.50282943 -0.36417297 -0.3063337 -0.42109275 -0.32386535 -0.31747898 -0.39162886 3.971573
-0.28867945 -0.2361612 -0.6482985 -0.19670287 -0.6492842 0.017953834 -0.22555915 -0.7502094 4.2406335
-1.086586 -0.5502401 -0.49487805 -0.5132857 5.343913 -0.545279 -0.15983512 -0.28979564 0.0
-0.12962861 -0.3179968 -0.30886555 -0.5800123 -0.2389268 -0.45127124 -0.6800775 -0.41372713 4.3893523
-1.3194965 -0.2154445 -0.16686079 -0.60946983 0.0669854 -0.21529426 -0.37298033 -0.31097087 4.329902
-0.3767538 -0.7338338 0.43560296 -0.4475814 0.01888738 -0.6450874 -0.22661822 -0.48022458 3.8997078
-0.37828347 -1.099145 -0.47871834 5.296426 -0.26467025 -0.020519739 -0.9120159 -0.1751095 0.0
-0.59039944 -0.5492879 -0.4557932 -0.6220215 -0.16501279 -0.0009973081 -0.27526745 -0.23877116 4.814404
-0.5793184 -0.20735377 -0.7855516 -0.8519194 -0.41795665 -0.15025407 0.19804865 -0.28562158 3.9074035
-0.40851915 -0.4478159 -0.41704437 -0.45243558 -0.21794444 -0.1811846 -0.77773356 -0.22320776 4.1685596
-0.4069977 4.674987 -0.29125947 -0.7416572 -0.39157304 -0.34578738 -0.8388035 -0.25576133 0.0
