5.5701275 -0.9530722 -0.9362809 -0.9646659 -0.7703483 -0.8411762 -0.78261274 -0.6051702 0.0
-0.65381646 -1.0808145 -0.36701798 -0.65168345 5.705562 -1.1455092 -1.1465209 -0.8571137 0.0
-0.28473753 -0.39805177 -0.40769747 -0.35997742 -0.572458 -0.67008674 -0.41631767 -0.8752009 4.273552
-0.68568283 -0.37981454 -0.43204916 -0.6241454 -0.4715531 -0.5344009 -0.49019113 -1.1302254 4.5387073
-0.54060525 -0.30257335 -1.0154685 -0.3321161 -0.5836646 -0.75321907 -0.57094705 -0.66030097 4.6835036
-1.2595724 -0.67165637 5.436259 -0.5027872 -0.7309778 -1.1372211 -0.8304649 -0.82382554 0.0
-0.657816 -0.73001933 -0.4754741 -0.6521433 -0.41517502 -0.08498647 -0.3235528 -0.6752441 3.9513392
-0.6357768 -0.7246452 -0.4245238 -0.56448936 -0.5251614 -0.41834775 -0.5737516 -0.8010624 4.393794
-0.46762228 -0.49938634 -0.6218601 -0.79369086 -0.5131505 -0.4201116 -0.78995204 -0.3577827 4.444929
-0.98193794 -0.5329388 -0.9595335 -0.8044266 -0.7556835 -1.0694424 5.317707 -1.0493255 0.0
-0.48402986 -0.5883515 -0.64216304 -0.6935322 -0.47063783 -0.30991375 -0.42220682 -0.86198705 4.214126
-0.32864514 -0.35932335 -0.77100337 -0.71224254 -0.64923114 -0.60754186 -0.44289374 -0.556766 4.238263
-0.43710795 -0.68904984 -0.6171074 -0.646649 -0.43181628 -0.23266421 -0.395427 -0.53319377 4.115502
-1.0142528 -1.2316089 -0.67863345 -0.98463994 5.4543414 -0.9870752 -0.8655139 -0.748653 0.0
-0.4057283 -0.41000107 -0.6223684 -0.39095458 -0.7299648 -0.32840344 -0.60659295 -0.5656517 4.0806804
-0.58914024 -0.48028418 -0.45638242 -0.7785951 -0.73739725 -0.3748329 -0.4282321 -0.50136447 4.2945232
-0.6694745 -0.8499189 -0.69059104 -0.7875311 -0.3189126 -0.44717112 -0.19914035 -0.14214595 4.2787585
-0.677005 -0.8179141 0.31447074 4.6607375 -1.2025286 -1.1664335 -0.99051565 -0.86588466 0.0
-0.07153507 -0.56825334 -0.76650554 -0.67932767 -0.393189 -0.3588541 -0.5831551 -0.95392406 4.097149
-0.3469472 -0.6767149 -0.82109505 -0.60620284 -0.447315 -0.47483793 -0.41412938 -0.5835954 4.282424
-0.34571776 -0.46148315 -0.63097245 -0.930221 -0.37665275 -0.1923368 -0.3588905 -0.7620231 4.1140747
-0.9427014 4.974186 -0.8301143 -0.64194095 -0.62818104 -1.0204077 -0.88452226 -0.4915352 0.0
