5.940965 -0.7950546 -1.2686795 -0.67461777 -0.5869585 -0.66637003 -0.7352768 -0.7188522 0.0
-0.59954274 -0.7343715 -0.61486727 -0.4323027 6.3079753 -1.3559477 -0.6733065 -0.6977262 0.0
-0.46868336 -0.48839065 -0.3635482 -0.6341717 -0.19178055 -0.12319125 -0.4256993 -1.0768672 4.2824106
-0.44679615 -0.094823055 -0.21782815 -1.1164963 -0.33717114 -0.47960356 -0.8085185 -0.4208438 4.6984177
-0.8113025 -0.24233393 -0.45758048 -0.30686253 -0.32910272 -0.30991408 -0.5001454 -0.31712812 4.357047
-1.055685 -0.92277086 5.6064796 -0.55777586 -0.5555241 -0.71574265 -0.7909939 -0.6557851 0.0
-0.090548955 -0.29438955 -0.6067743 -0.83834183 -0.62612563 -0.25101316 -0.14984855 -0.60521835 3.909438
-0.7421864 -0.49998167 -0.728739 -0.48635238 -0.35790983 -0.66293794 -0.34832504 -0.16621107 4.4395866
-0.07165779 -0.20224474 -0.7331413 -0.58931386 -0.9154051 -0.7720902 -0.18221048 -0.33689073 4.316784
-0.6054052 -0.33233407 -1.1154349 -0.5845485 -1.2599477 -0.80290884 6.0136313 -0.27045402 0.0
-0.38127446 -0.44045508 -0.8212557 -0.17618611 -0.2801529 -0.6014837 -0.8664523 -0.1930401 4.2989016
-0.5938271 -0.78119975 -0.48553735 -0.6192828 -0.68435144 -0.3868357 -0.19509126 -0.35114107 4.420633
-0.57779735 -0.24985558 -0.9876921 -0.35858676 -0.4378452 -0.33105528 -0.36572522 -0.74296844 4.395906
-1.0923743 -0.8287545 -0.63612425 -0.7223171 5.514086 -0.34910098 -0.5361942 -0.6715679 0.0
-0.40791947 -0.11229374 -0.9207366 -0.47654235 -0.2734406 -0.71267563 -0.4731394 -0.8583932 4.304419
-0.6873113 -0.14633402 -0.40586275 -0.74491304 -0.21810645 -0.56471723 -0.84927833 -0.66640556 4.3327556
-0.5724233 -1.0680932 -0.16858101 -1.0703409 0.11413007 -0.48335165 -0.24121383 -0.35362372 4.2766685
-0.83773124 -1.3732085 -0.25105387 5.5737457 -0.81525713 -0.56431097 -0.75281453 -0.6537679 0.0
-0.6705455 -0.5796245 -0.6397744 -1.028766 -0.34272423 -0.3982192 -0.34997278 -0.3350204 4.6468625
-0.3438363 0.28338915 -0.6828495 -0.94583595 -0.16649124 -0.1721596 -0.2582366 -0.4787662 3.499555
-0.031827435 -0.74047863 -0.41835976 -0.69946843 -0.5738861 0.19392586 -0.6629349 -0.6197218 4.018501
-0.2749244 5.0470147 -0.35865328 -0.9413738 -0.8923142 -0.7640678 -0.7975759 -0.71135885 0.0
