5.910074 -1.0583378 -1.3095851 -0.9012085 -0.5258233 -0.9655531 -0.634072 -0.76284784 0.0
-1.0833931 -0.5874504 -0.6467566 -0.822125 5.965079 -1.0705332 -1.2499741 -0.84898674 0.0
-0.4409749 -0.16344202 -0.73383963 -0.6155368 -0.37401274 -0.7024106 -0.921284 -0.6512481 4.4941463
-0.5861834 -0.48820552 -0.400696 -0.72253674 -0.55593634 -0.5737935 -0.68438226 -0.7776742 4.642047
-0.6503359 -0.43653858 -0.92145705 -0.26056784 -0.35498694 -0.4852631 -0.5292467 -0.49234346 4.4567714
-0.65971464 -0.8568919 5.65945 -0.96330845 -0.9453671 -1.0689706 -0.90392655 -0.7155658 0.0
-0.58586156 -0.65770495 -0.6054275 -1.0578964 -0.42661256 -0.321399 -0.61792994 -0.41447294 4.2947416
-0.6185405 -0.7071121 -0.615967 -0.48050454 -0.7488194 -0.2729107 -0.5996902 -0.17727391 4.2429986
-0.4425012 -0.35592246 -0.37608224 -0.61811435 -0.70891285 -0.28857717 -0.8283162 -0.23437011 4.213974
-0.97203046 -1.0717164 -0.9295308 -0.932892 -0.73824495 -0.61157477 5.6479363 -0.7868216 0.0
-0.4413045 -0.36258644 -0.7642787 -0.3958377 -0.6234841 -0.49727625 -0.8125361 -0.87287647 4.3266735
-0.56722283 -0.18958199 -0.8016045 -0.5664016 -0.27690366 -0.9763039 -0.24724336 -0.7545406 4.2625885
-0.75763005 -0.25006923 -0.42289823 -0.21182925 -0.6402029 -0.35032117 -0.4896203 -0.49024725 3.9957986
-1.0453851 -1.0329418 -0.799484 -1.0656472 5.767996 -1.0191503 -0.9303025 -0.753266 0.0
-0.11484113 -0.58582944 -0.47145554 -0.3359554 -0.40174797 -0.4932332 -0.7997948 -0.6098075 3.9859834
-0.43232915 -0.5950955 -0.3843849 -0.72601175 -0.3583233 -0.36982277 -0.61612993 -0.1996313 3.9851336
-0.6539645 -0.8976904 -0.5998307 -0.76733685 -0.3712041 -0.60045797 -0.4156015 -0.27370158 4.4665565
-1.2795721 -0.5082375 0.054537777 5.2577624 -1.2236075 -1.2302046 -1.0513409 -1.2987847 0.0
-0.54271644 -0.38799807 -0.7640746 -0.45227253 -0.41035953 -0.5249646 -0.49810928 -0.71456254 4.2021327
-0.2505656 -0.7939295 -0.8461467 -0.29423282 -0.018090421 0.18181804 -0.37065178 -0.5232114 3.6612694
-0.70378083 -0.37350103 -0.30131748 -1.0340097 -0.11085134 -0.43903548 -0.14194961 -0.43149346 3.9663029
-0.96869177 5.0105166 -0.39286286 -0.74056214 -0.42941517 -0.8653891 -0.9585778 -0.62115 0.0
