4.5105867 -0.48332024 -0.6136201 -1.1318158 -0.017716212 -0.62254995 -0.8645824 -1.1232554 0.0
-1.0413669 -1.7091594 2.0127575 0.7584865 2.3008332 -1.7063848 -0.37931538 -1.1241094 0.0
-0.49584973 -0.3460337 -0.5826159 -0.69301224 -0.43271562 -0.5153511 -0.531088 -0.94861126 4.4089546
-0.44160923 -0.61063075 -0.71645325 -0.5949942 -0.42563167 -0.5906099 -0.45886177 -0.51430607 4.264537
-0.598633 -0.60921466 -0.5511985 -0.48963597 -0.5781426 -0.6684723 -0.42838237 -0.69794524 4.5258474
-1.6216614 -1.69439 2.8690271 0.4246221 0.761519 -1.0114572 -0.98235554 0.47976914 0.0
-0.46698034 -0.64711857 -0.69040674 -0.5788956 -0.35781744 -0.6268237 -0.3216816 -0.516502 4.068048
-0.55264586 -0.95334256 -0.43000373 -0.49753493 -0.263244 -0.45604894 -0.42439985 -0.41802487 3.8651474
-0.46406817 -0.6978002 -0.6138579 -0.4646503 -0.7302484 -0.60036397 -0.3408381 -0.49023017 4.186133
0.19160774 -0.11714361 -0.3277121 0.17844813 -0.68670243 -1.7223986 2.340519 0.007993889 0.0
-0.6298406 -0.6809253 -0.71964663 -0.47278765 -0.44629216 -0.43774512 -0.46970206 -0.4903382 4.2017536
-0.62655324 -0.5769742 -0.6524677 -0.6680322 -0.44286343 -0.6743813 -0.38601467 -0.3873418 4.265755
-0.6010015 -0.40925217 -0.5676623 -0.46240517 -0.5528349 -0.5936596 -0.5773885 -0.47990897 4.1566696
-0.8976134 -0.8807146 0.037168138 0.22243416 1.572363 0.42411047 -0.9417881 0.30667868 0.0
-0.41742146 -0.7159519 -0.5096879 -0.68448013 -0.29604802 -0.509632 -0.5552409 -0.6188158 4.1640377
-0.6411471 -0.6490397 -0.57574034 -0.66111845 -0.5398257 -0.52993965 -0.42409605 -0.49465916 4.3796573
-0.5058197 -0.686661 -0.5271413 -0.4906618 -0.37152383 -0.5613095 -0.32446268 -0.6104679 4.1444607
-0.22950718 -0.9604773 1.2973809 1.0775534 0.5104871 -0.823847 -0.35249943 -0.6928409 0.0
-0.511007 -0.35327914 -0.70022863 -0.6262477 -0.5166979 -0.4564925 -0.54243463 -0.66506946 4.2765045
-0.38328198 -0.43283787 -0.604834 -0.7576297 -0.55066776 -0.6073883 -0.5399503 -0.5759431 4.3082767
-0.45439306 -0.42964262 -0.61945075 -0.8854705 -0.30090028 -0.48760343 -0.65115887 -0.5669797 4.274176
0.54994136 2.1669466 -0.50415164 -1.3566457 0.33060303 -0.026328342 -0.60483074 -1.0663757 0.0
