5.705867 -0.4555234 -0.8104871 -0.77355534 -0.264713 -0.6014225 -0.71515536 -0.51464796 0.0
-0.23973967 -0.4048537 -0.59119606 -0.35111588 6.5067735 -1.1350608 -0.8852318 -0.80607 0.0
-0.5221719 -0.39927855 -0.23434956 -0.3940949 -0.5616958 -0.050129257 -0.37084404 -0.84776884 4.187451
-0.29521638 -0.043113206 -0.38010728 -1.203442 -0.028138513 -0.17344055 -0.7557915 -0.10582087 4.5342765
-0.70622534 -0.1919924 -0.51625943 -0.7859624 -0.44269457 -0.13404149 -0.6954626 -0.22299784 5.066923
-1.0614134 -0.73655146 5.173779 0.21496084 -0.61356723 -0.30064404 -0.7466229 -0.42717367 0.0
-0.31171754 -0.26030314 -0.500887 -0.78863585 -0.7860909 -0.021509387 -0.25307587 -0.55998623 4.11113
-0.47159094 -0.63223046 -0.3820619 -0.2106404 -0.20128398 -0.60879093 0.00016544755 -0.42890167 4.425197
0.15904471 0.2655836 -0.4868506 -0.53938276 -0.80043006 -0.7572468 0.13711114 -0.11993968 3.7555964
-0.4345132 -0.105102204 -1.0367953 -0.51922446 -1.1380548 -0.64098144 5.7126555 -0.08810542 0.0
-0.45895946 -0.43417576 -0.5392346 -0.4546178 -0.5673639 -0.2978963 -0.37438375 -0.43607962 4.7666144
-0.51398224 -0.52209556 -0.38298053 -0.3209296 -0.48446468 -0.34190294 -0.13976474 -0.45451283 3.88696
-0.3467796 -0.25070974 -0.69770133 -0.061946176 -0.67991596 0.018771645 -0.24405882 -0.7789921 4.116654
-1.1287377 -0.6013189 -0.5225057 -0.58676606 5.4595966 -0.5636418 -0.21438627 -0.3482561 0.0
-0.16113515 -0.3381738 -0.59994835 -0.63008237 -0.24269445 -0.507236 -0.6885663 -0.49086538 4.489201
-1.338835 -0.21749896 -0.20831068 -0.62163335 0.06787956 -0.26078752 -0.44352958 -0.36456916 4.3648205
-0.43397844 -0.81492203 0.4431515 -0.5232668 0.28657112 -0.62019956 -0.26220548 -0.50549185 3.7087677
-0.44933996 -1.154151 -0.49078694 5.3635035 -0.28450754 -0.021709668 -0.9271365 -0.2076958 0.0
-0.66320205 -0.55167115 -0.52167094 -0.693154 -0.2171746 -0.2437784 -0.31108448 -0.24818633 4.839589
-0.52481806 -0.2116417 -0.5863143 -0.92760193 -0.4309479 -0.16487966 -0.12995568 -0.47222248 4.181466
-0.4206838 -0.49504283 -0.43090308 -0.46942255 -0.25937602 -0.19545041 -0.8095831 -0.2761605 4.2389107
-0.42513552 4.6895695 -0.30960965 -0.75364655 -0.46553305 -0.34688506 -0.8700608 -0.2865059 0.0
