5.413274 -0.62559676 -1.0614859 -0.8617151 -0.5557085 -0.7642214 -0.80749553 -0.7669639 0.0
-0.85707545 -1.1240855 -0.25432852 -0.8448849 5.87478 -1.261915 -0.92454755 -1.1452035 0.0
-0.45913133 -0.32664576 -0.4230491 -0.5820655 -0.52771986 -0.5083345 -0.50889236 -0.87153774 4.3606796
-0.58157414 -0.15806094 -0.78536755 -0.44254416 -0.38115782 -0.6333514 -0.4379271 -0.72205913 4.277865
-0.6410075 -0.4292049 -0.88105166 -0.5368583 -0.707165 -0.6817933 -0.609239 -0.69824785 4.7867603
-1.221518 -0.98498505 5.5878963 -0.6433742 -0.7777239 -1.1857884 -0.69227064 -0.85537124 0.0
-0.6668798 -0.64300275 -0.5867295 -0.64660054 -0.58097893 -0.25399253 -0.20799784 -0.5724093 4.035151
-0.4699408 -0.8101845 -0.33539858 -0.3815213 -0.34670237 -0.3546721 -0.73720807 -0.67517 4.1472797
-0.5572053 -0.5186316 -0.7373473 -0.7755494 -0.6253797 -0.3884612 -0.83417505 -0.637443 4.650495
-0.90261936 -0.78890187 -1.0917054 -0.8984874 -0.7094115 -0.94382674 5.2887034 -0.83755076 0.0
-0.46105278 -0.2765144 -0.6710736 -0.6908009 -0.5714078 -0.32604295 -0.39385942 -0.7584935 4.055798
-0.3634097 -0.3401626 -0.576319 -0.63534623 -0.78090405 -0.5636699 -0.7172249 -0.6112793 4.256596
-0.70222354 -0.5941383 -0.6527756 -0.653409 -0.34983394 -0.4736919 -0.45218045 -0.36313698 4.2447696
-1.1546439 -1.1679282 -0.68463105 -0.9742842 5.532401 -1.0697564 -1.0760362 -0.85217017 0.0
-0.34861988 -0.50058174 -0.7207305 -0.64954114 -0.527926 -0.4151569 -0.35136196 -0.844643 4.168094
-0.62754786 -0.44259855 -0.52498317 -0.6150158 -0.7055158 -0.38472736 -0.36534405 -0.5191039 4.2280507
-0.68048126 -0.6717314 -0.86593986 -0.46282062 -0.5381235 -0.40136778 -0.440065 -0.22951253 4.332882
-0.75156677 -0.9839447 0.17350022 4.6166816 -0.9307313 -0.9858868 -0.94009787 -0.91144997 0.0
-0.121207625 -0.48870513 -0.781444 -0.8159994 -0.44038823 -0.30141637 -0.5695486 -0.5034451 3.966578
-0.44289193 -0.6240334 -0.73626596 -0.65762526 -0.46141133 -0.4719026 -0.47150114 -0.59688807 4.2697315
-0.2016966 -0.18481272 -0.652153 -0.9480696 -0.47403273 -0.33387327 -0.45842752 -0.4960065 4.0130177
-0.86011475 4.840308 -0.7753321 -0.82348967 -0.76888484 -0.58271456 -0.7974791 -0.7668238 0.0
