5.6627617 -0.8783816 -1.2587006 -0.7850928 -0.5821115 -0.73075217 -0.5539526 -0.59337676 0.0
-0.9428971 -0.85298884 -0.5688154 -0.8654884 6.124581 -1.2153337 -0.90684545 -0.71136093 0.0
-0.2958947 -0.05440663 -0.9067322 -0.600224 -0.07921149 -0.356602 -0.78914535 -0.74169004 4.1604385
-0.65081453 -0.3043228 -0.12903191 -0.7738066 -0.6065449 -0.78318477 -0.62010354 -0.6466516 4.665548
-0.6308752 -0.5509612 -0.87010396 -0.59377325 -0.5998103 -0.59693354 -0.54810256 -0.3086055 4.6856637
-0.8309944 -0.7884205 5.5829563 -0.93844056 -0.7666135 -0.85003793 -0.9350396 -0.38001058 0.0
-0.5369531 -0.6950701 -0.48587236 -1.0668784 -0.19246674 -0.4364653 -0.29864672 -0.2942562 4.02742
-0.8660691 -0.5729898 -0.8812913 -0.19503318 -0.7484204 -0.7051468 -0.83557236 -0.02345331 4.5199327
-0.6155875 -0.707385 -0.43152013 -0.46847945 -0.7143258 -0.18018498 -0.745757 -0.5405488 4.4136534
-1.2920934 -0.78904325 -0.90053093 -0.6906201 -1.0942609 -0.7372701 5.89382 -0.8639047 0.0
-0.6569353 -0.44444156 -0.57261336 -0.1899442 -0.61332613 -0.28697446 -0.98377824 -0.5777257 4.271715
-0.32960576 -0.3418165 -0.833451 -0.70393157 -0.76891786 -0.9230913 -0.15838248 -0.3442941 4.356734
-0.69428706 -0.22250862 -0.6505191 -0.31374413 -0.46232748 -0.751057 -0.22983882 -0.7890774 4.189902
-0.9080208 -0.884089 -0.61727774 -1.239575 5.560939 -0.7140639 -0.6101586 -0.6712138 0.0
-0.21457987 -0.14463188 -0.43469697 -0.6245009 -0.23048662 -0.7208636 -0.7377354 -0.590428 3.9207668
-0.45181146 -0.3924628 -0.31856707 -0.6129993 -0.48634067 -0.6357417 -0.76959175 -0.36811262 4.0967236
-0.54288137 -1.0097568 -0.17825799 -0.8238881 -0.22890641 -0.7071231 -0.14879683 -0.16586006 4.110061
-1.3674937 -0.7174701 -0.04130246 5.2772546 -1.2701743 -1.0648243 -0.64730376 -1.0719254 0.0
-0.5788147 -0.2987771 -0.6994191 -0.64718413 -0.5121813 -0.5793178 -0.55714923 -0.5819108 4.425227
0.052314162 -0.089661404 -0.73581076 -0.86146754 -0.0397244 -0.45254672 -0.40862122 -0.69652367 3.6894639
-0.55801916 -0.5404315 -0.34350625 -0.76691145 -0.33561334 -0.48416108 -0.20166397 -0.7183952 4.1729074
-0.97745985 5.145297 -0.3820831 -0.6602235 -0.79414004 -0.75613755 -0.85617465 -0.7611216 0.0
