5.708846 -0.6752228 -1.1527163 -0.8592264 -0.2824409 -0.75892437 -0.5984984 -0.65169656 0.0
-0.45205766 -0.6267495 -0.6078205 -0.42005947 6.3820105 -1.287032 -0.6313007 -0.94441146 0.0
-0.5260685 -0.34370816 -0.40695775 -0.64139634 -0.19310693 -0.07955326 -0.38408598 -1.0038433 4.193845
-0.4494159 -0.062667295 -0.36223418 -1.0582536 -0.03722671 -0.35704982 -0.7664584 -0.28108478 4.5639124
-0.8049846 -0.18611196 -0.636294 -0.2170386 -0.42928782 -0.32097986 -0.756233 -0.19735795 4.5879636
-1.1854515 -0.8636914 5.5517864 -0.46892592 -0.51698107 -0.65941 -0.7904494 -0.474684 0.0
-0.40499946 -0.2479242 -0.58691424 -0.6926407 -0.8792655 -0.4012958 0.11609521 -0.74979395 3.9972103
-0.69920146 -0.42281884 -0.60844326 -0.49316707 -0.32464057 -0.43058738 -0.2588556 -0.10470931 4.233462
0.09563675 0.070715375 -0.8774734 -0.55924773 -0.8800496 -0.8298069 0.1372443 -0.30180845 4.1282067
-0.5492516 -0.23711473 -1.0942041 -0.63306427 -1.2228657 -0.7515399 5.938227 -0.19468828 0.0
-0.3341148 -0.6127123 -0.7437746 -0.30367658 -0.35229138 -0.47714257 -0.7274914 -0.225656 4.308465
-0.56025267 -0.6048783 -0.41021317 -0.6702081 -0.58766866 -0.1296714 -0.17952287 -0.4448317 4.111615
-0.52299905 -0.15660033 -0.93878245 -0.2088949 -0.3937069 -0.25273988 -0.06288763 -0.57692224 4.0889072
-1.0014764 -0.7541385 -0.6004244 -0.8260333 5.578942 -0.5451016 -0.44110265 -0.55707353 0.0
-0.34179464 -0.0963692 -0.67277807 -0.61670303 0.08032014 -0.67569053 -0.46768963 -0.71381205 3.9612565
-1.0347114 0.024291778 -0.36635217 -0.7009483 -0.3718334 -0.47688475 -0.6907055 -0.5497791 4.357833
-0.5952632 -0.9383143 -0.20278779 -0.8570363 -0.037060287 -0.39577568 -0.23543887 -0.29087827 4.327076
-0.6977885 -1.3057133 -0.22258735 5.429527 -0.35532093 -0.19143732 -0.96315557 -0.32128185 0.0
-0.89362806 -0.5547795 -0.7381661 -0.91444975 -0.38603303 -0.47089753 -0.29717374 0.011441047 4.652455
-0.49743792 0.056305435 -0.6214464 -1.0885388 -0.4666853 -0.18599938 -0.22066395 -0.5544323 4.071213
0.06571338 -0.5544671 -0.17473526 -0.7034149 -0.22667894 -0.13086064 -0.8970708 -0.41828182 4.0497656
-0.2580969 4.88763 -0.3359917 -0.78259265 -0.7471833 -0.7807318 -0.7431615 -0.6108636 0.0
