5.739979 -0.9697062 -1.1891773 -0.72361994 -0.2913249 -0.5062632 -0.80811703 -0.76166457 0.0
-0.9044023 -0.6443573 -0.6225525 -0.72976726 6.409873 -1.4036322 -1.0737872 -0.5059484 0.0
-0.4128515 -0.3656829 -0.755583 -0.4572356 -0.1967781 -0.143983 -0.72076285 -1.107932 4.3088818
-0.57983106 -0.38063034 0.3779798 -1.0044261 -0.5250966 -0.7884779 -0.8961793 -0.46505705 4.605325
-0.881298 -0.43395782 -0.32996032 -0.6104343 -0.4797268 -0.41249534 -0.20625249 -0.36264694 4.321837
-1.1147071 -0.75687146 5.402321 -0.80243295 -0.6023131 -0.5893205 -0.55155444 -0.7221452 0.0
-0.28196195 -0.44356397 -0.56200373 -1.0539322 -0.6212028 -0.47807443 -0.54561585 -0.40327764 4.387077
-0.654053 -0.3632432 -0.75152296 -0.35565943 -0.44197625 -0.6640084 -0.5306647 -0.30067208 4.39732
-0.52245504 -0.40085927 -0.49027526 -0.57331556 -0.7211166 -0.4515468 -0.5687972 -0.23598762 4.2191586
-1.0562934 -0.5224736 -0.9078338 -0.50618213 -1.0847554 -0.8115543 5.77181 -0.48362586 0.0
-0.25699303 -0.4138833 -0.8702216 -0.029499704 -0.5551698 -0.6989058 -1.1812004 -0.32728913 4.430749
-0.30255535 -0.8068798 -0.47143883 -0.7607177 -0.7536333 -0.6872651 -0.52526444 -0.266903 4.438885
-0.37429255 -0.41314384 -0.3874009 -0.34173542 -0.30998996 -0.47221705 -0.472103 -0.90343994 4.047582
-1.0539154 -0.71011835 -0.6723687 -0.96540207 5.663936 -0.5132059 -0.6687122 -0.79619503 0.0
-0.47617456 0.117967844 -0.36995548 -0.6983012 -0.35038704 -0.732947 -0.57907885 -1.0769273 4.1437373
-0.66292936 -0.21063693 -0.4322265 -0.35890177 -0.16392635 -0.4539983 -0.83377373 -0.927037 4.1564093
-0.7191802 -1.2431966 -0.24795625 -1.1560149 -0.2533456 -0.30034322 -0.38953957 -0.2845971 4.5342507
-1.0516996 -1.0185938 -0.5177624 5.575071 -1.101713 -0.8427939 -0.70581084 -0.9589092 0.0
-0.73395425 -0.56521225 -0.2275539 -0.86143565 -0.29437476 -0.5541418 -0.50652176 -0.4397792 4.463187
-0.3857741 -0.14938928 -0.46904042 -1.0118572 0.11094952 -0.6688535 -0.34948063 -0.6370969 3.8710275
-0.3514225 -0.89500445 -0.17710546 -0.80169064 -0.40076938 0.03186769 -0.4498214 -0.63460046 4.0597944
-0.67711586 5.0216064 -0.4973157 -0.76538783 -0.87528455 -0.71051466 -0.7606963 -0.5651423 0.0
