2.4648178 0.7071367 0.21036354 -0.28357393 1.2991346 0.34892127 -0.46632874 -0.47873378 0.0
0.22988427 -0.02648426 0.6372407 0.397956 0.76803654 -0.29481977 0.37788597 -0.08362766 0.0
0.13148527 0.11696397 0.11120413 -0.11068058 0.19925384 -0.100666314 0.04789208 -0.32765678 1.8782035
0.36734453 -0.11914219 -0.045755554 -0.21135727 0.41800672 -0.034282666 -0.16667922 -0.1590849 1.658513
0.09791602 0.14861107 -0.18436629 -0.10103595 0.22106807 0.24145633 -0.044573165 -0.34804526 1.9088514
-0.2433118 -0.2846795 0.8223813 0.28740597 0.14422321 0.37865737 0.040453926 0.45525745 0.0
0.11101654 -0.195121 0.06355537 0.004682171 0.0806418 -0.025778651 0.07879486 -0.09214103 1.3906051
-0.03680237 -0.0070855203 -0.0058096377 -0.053018145 0.3550565 -0.12832929 -0.06609695 0.12216753 0.859647
-0.026168484 -0.0048319874 0.0012738544 0.12056093 0.1239981 -0.0069043455 -0.0037425698 -0.03520537 1.0027282
0.6904943 0.5525676 -0.113432996 0.18801884 0.27729976 -0.32118368 0.4120318 -0.11574817 0.0
-0.10454844 -0.11025505 -0.02253663 0.042080436 0.14088339 0.026446871 -0.034617126 -0.14048806 1.5828332
0.13962641 -0.13405514 -0.04305419 -0.16336598 0.051984183 -0.1376698 -0.022655867 -0.00918385 1.7388874
0.19423383 -0.06019405 -0.107281074 -0.01776225 -0.08723166 -0.017696997 -0.14450704 -0.13330795 1.81429
0.12947038 0.31132713 0.38332847 0.26520386 0.1947311 0.2552693 -0.26871172 0.037192862 0.0
0.105487555 -0.11063225 -0.065215275 -0.13183515 0.32009736 0.018020334 0.0006248894 -0.1938664 1.4554096
-0.14342205 -0.10150242 0.025472984 -0.21056506 0.057106465 0.038483907 0.019134913 -0.2173035 2.0596588
-0.00788753 -0.13339294 -0.15459551 -0.08820148 -0.05128289 -0.0582586 -0.1161585 -0.19497283 2.3409445
0.261538 0.2904552 0.300864 0.45701575 0.11623786 -0.00025140878 -0.044849955 -0.13318056 0.0
0.23036101 -0.017560104 -0.11411169 -0.3036429 0.1235766 0.05328644 -0.031908836 -0.33034998 2.3913465
0.15679014 0.095969416 -0.0860908 -0.33090517 0.22164239 0.12616646 -0.09998961 -0.38577813 2.3929384
0.07124547 0.18413262 -0.2550508 -0.26837066 0.37896475 0.13351668 -0.06610225 -0.31384933 2.1140318
0.50689745 0.47940552 0.3770508 -0.25637886 0.439817 0.21698548 0.16034904 -0.2749024 0.0
