5.8476515 -0.5324186 -0.5827692 -0.20028606 -0.5240381 -0.8469929 -0.4851399 -0.9545789 0.0
-1.0078236 -1.1242443 -0.36531934 -0.4631748 6.316836 -0.107958026 -0.87680113 -0.6280244 0.0
-0.8041926 -0.1672541 -0.7491184 -0.4938304 -0.45032135 0.230499 -0.17801753 -0.33388758 4.8595386
-0.87804693 -0.2921512 -0.7186542 -0.6855524 -0.31868526 -0.14757523 -0.8619626 -0.5513287 5.084849
-0.31166843 -0.32807243 -0.7856845 -1.1989152 -0.103594266 -0.29104954 -0.43886426 -0.9841536 5.651271
-0.51572084 -0.5121467 -0.59438825 -0.5850686 5.798091 -0.81208754 -0.8318774 -0.32950768 0.0
-0.34684375 -0.89331514 -0.50914305 -0.2596247 -0.6672191 -0.036714707 -0.38145182 -0.7202082 4.8539743
0.07488471 -0.20620304 -0.46719143 -0.22992322 -1.0668607 -0.46752527 -0.06971198 -0.30367267 5.0705333
-0.46349874 -1.132852 -0.47397897 -0.3002366 -0.29478204 0.23988782 -0.92552567 -0.30114335 4.9387937
0.08528018 -0.42611426 -0.4718924 -0.44801816 -1.0552468 -1.2404377 5.834073 -0.5573384 0.0
-0.6670633 -0.29609948 0.21194096 -0.36399537 -0.45143622 -0.5819071 -0.5445084 -0.6851701 4.884037
-0.67155737 -0.3973582 -0.33714575 -0.71302295 -0.4491723 -0.37546307 -0.48195237 -0.3390261 5.272455
-1.1004483 -1.1642466 0.144427 -0.722006 -0.83217144 -0.18820426 -0.15450504 -0.25551 5.130375
-0.47096625 -0.6505608 -0.97154635 -0.46546835 -0.76258606 -0.5383372 5.9020214 -0.56583047 0.0
-0.4657563 -0.16207996 -0.95178086 -0.45054218 -0.18042977 -0.87487 -0.603927 -0.30725843 5.363574
-0.61751384 -0.20657709 -0.38295898 -1.1052053 -0.877737 -0.51361597 -0.31892282 -0.5325422 5.5667777
-0.22717713 -0.47663426 -0.5414902 -0.20600319 -0.43893993 -0.5154127 -0.30808163 -0.43662134 4.495918
5.6766376 -0.7676364 -0.41403925 -0.47791293 -0.81253034 -0.7609196 -0.45239547 -0.5142801 0.0
-0.14807473 -0.6239449 -0.43892604 -1.0823729 -0.37938085 -0.3119597 -0.6339475 -0.65712166 5.325664
-0.001255211 -0.23659964 -0.43981653 -0.67796713 -0.40289652 -0.7934243 -0.6345597 -0.65627027 5.0767827
-0.52828944 -0.3317116 -0.89406633 -0.81817293 -0.41386747 0.028910168 -0.41178077 -0.24358866 5.2061133
0.082219526 5.3873415 -0.71315694 -0.6008076 -0.8351306 -1.1032883 -0.8330672 -0.028931804 0.0
