2.277916 2.2556336 1.7369678 -0.21459144 1.8616526 2.190257 -0.27476135 -0.19242814 0.0
2.0750122 1.0580977 1.0260632 -0.1807031 2.1256287 1.3053252 0.6222339 -0.09158075 0.0
1.7925972 1.640763 0.23649402 -0.16777001 1.6336855 -0.32105088 -0.19286995 -0.17717613 2.4565353
0.6449193 1.4658707 0.6666314 -0.21264271 1.663933 0.28766927 -0.06182127 -0.22065313 2.4593432
1.475752 0.89557666 0.73494834 -0.2260496 1.3014811 0.5616648 -0.22779804 -0.24318753 2.4755297
1.5374924 1.2597622 0.92550933 -0.18281254 1.7234384 0.22757809 1.0902171 -0.07502626 0.0
0.6185684 -0.23960294 -0.33862498 -0.20895243 0.600321 -0.41357225 -0.11188457 -0.14967078 2.531151
-0.25014293 -0.13449271 -0.19594803 -0.17028704 -0.14320314 -0.20237632 0.156027 0.1261364 2.5129507
-0.27541372 -0.29418358 -0.34857717 -0.24638578 0.19405581 -0.0014239252 0.033075824 -0.22150591 2.5280733
1.2870594 0.6763319 0.56225115 0.26086605 1.0310059 0.86293846 1.1645726 -0.150147 0.0
-0.26875073 0.35418582 -0.32426393 -0.13933025 0.046689864 0.0020850613 -0.25347424 -0.27077144 2.5063007
-0.05835043 -0.35184923 -0.19929457 -0.31052896 -0.19463249 -0.37894356 -0.30705002 -0.07509393 2.5409143
1.1454258 -0.021073904 -0.31310117 -0.2931689 -0.23908998 -0.18567115 -0.31160772 -0.28724316 2.506357
0.7259938 1.4012321 0.4629967 0.1700102 0.7162735 0.78697765 1.3694097 -0.016251154 0.0
0.03612156 -0.33823362 -0.34149048 -0.25377423 1.8946241 -0.36340016 -0.31137997 -0.2779275 2.4892447
-0.26368722 -0.31928563 -0.26531488 -0.27336147 1.7431904 -0.08690755 -0.29822168 -0.28411603 2.4904954
-0.0913568 -0.31789026 -0.35247028 -0.28427657 0.5285685 -0.38639873 -0.35911918 -0.30909586 2.5172503
1.481843 0.42300576 0.8484301 0.1248176 1.5622813 1.7168989 0.1922347 -0.082742475 0.0
2.1402383 0.53300077 -0.15505427 -0.2568661 1.5314748 1.0547842 -0.28977525 -0.22635905 2.409034
1.114718 1.9088254 -0.2939043 -0.23496154 2.1103816 0.6572007 -0.25012198 -0.25100586 2.4033659
0.85314786 1.7426428 -0.1919781 -0.22628906 1.992143 1.5214666 -0.21817085 -0.22213776 2.3848183
2.114872 2.269639 1.0506456 -0.21994385 2.0902293 1.8443952 0.29438835 -0.21070422 0.0
