6.056948 -0.44459066 -0.43617526 -0.5038814 -0.397327 -0.74750984 -0.42159104 -0.7800809 0.0
-0.9307193 -1.032128 -0.33185434 -0.34344858 6.0608926 -0.06052882 -0.8107142 -0.4123467 0.0
-0.69378006 -0.07070968 -0.6916271 -0.45985514 -0.2931957 0.39215022 -0.097673066 -0.15160562 4.487977
-0.7397241 -0.2356986 -0.66800547 -0.4803842 -0.32553938 -0.12359436 -0.73398733 -0.4068697 4.8337474
-0.18910366 -0.20382982 -0.6725064 -1.0635526 -0.0379203 -0.187924 -0.4263594 -0.8747399 5.5031943
-0.43922204 -0.4267517 -0.48816636 -0.4433735 5.7633014 -0.7088614 -1.0353558 -0.17761737 0.0
-0.24560776 -0.69665754 -0.45674437 -0.23783801 -0.49568078 -0.03797813 -0.22361526 -0.82570034 4.699773
0.3558305 -0.13847663 -0.32156664 -0.111572966 -1.0164549 -0.2864293 -0.19901289 -0.19671875 4.759657
-0.4370903 -1.0660138 -0.41590324 -0.5080555 -0.20286731 -0.083078 -0.8361402 -0.24744695 5.1710486
0.085563056 -0.26767316 -0.39692417 -0.29240075 -1.0257984 -1.1074744 5.727878 -0.5212764 0.0
-0.87064433 -0.15189916 0.19887215 0.10048891 -0.32310966 -0.6440513 -0.542473 -0.41641715 4.6583385
-0.65147233 -0.34391865 -0.5331336 -0.6187231 -0.26701748 -0.33803368 -0.4120475 -0.8287058 5.8441777
-0.746431 -1.0561109 0.13735807 -0.52029455 -0.40677518 -0.12169489 -0.45749724 -0.1480757 4.847425
-0.6232067 -0.4600072 -0.85957724 -0.3331607 -0.6864984 -0.35796478 5.427326 -0.17319217 0.0
-0.43517727 -0.07259961 -0.7533391 -0.2640794 -0.09141884 -1.1410996 -0.46473065 -0.21825059 5.4994664
-0.5014955 -0.09662726 -0.4922236 -0.7744424 -0.89700633 -0.3920709 -0.22899772 -0.67021996 5.3382215
-0.15773953 -0.42760244 -0.35893106 -0.42245376 -0.65955245 -0.30208275 -0.5624232 -0.37143606 5.1130223
5.533316 -0.62877303 -0.26713133 -0.19175684 -0.71468747 -0.58541805 -0.30490437 -0.7379102 0.0
-0.37384912 -0.5571149 -0.28634444 -0.9957723 -0.42786375 -0.20547985 -0.53902775 -0.5595023 5.38949
-0.0034336378 -0.17899886 -0.3091179 -0.5351708 -0.3076233 -0.6989782 -0.46783233 -0.21162583 4.5364213
-0.3555268 -0.26406914 -0.5041591 -0.7484251 -0.24808994 0.019645354 -0.29328945 -0.13955157 4.7748113
0.079298034 5.246714 -0.5694632 -0.44538102 -0.78978384 -0.9111462 -0.64516836 -0.02720191 0.0
