5.853676 -0.62561375 -0.6568169 -0.7210313 -0.815145 -0.39329907 -0.7559504 -1.0027922 0.0
-0.89398223 -1.0676017 -0.9945857 -0.5158198 6.26723 -0.28725192 -0.9072607 -1.166048 0.0
-0.58143413 -0.8821954 -0.51986504 -0.7018173 -0.5350255 -0.5321536 -0.6711447 -0.82527894 5.3697095
-0.4721387 -0.28784665 -0.62938255 -0.4431212 -0.47639734 -0.18192458 -1.1023538 -0.74340796 4.9445553
-0.36145404 -0.41711226 -0.8814263 -0.99873406 -0.7087041 -0.6804613 -0.18802197 -1.129719 5.3570304
-0.7189293 -0.4719943 -0.99454266 -1.1014497 6.4599767 -0.8993387 -1.3104671 -0.83304024 0.0
-0.3443965 -0.7359327 -0.31460547 -0.4448974 -0.6752716 -0.6862427 -0.9781506 -0.75854915 5.206164
-0.25700638 -0.6248264 -0.6372719 -1.0086018 -0.28282833 -0.642419 -0.6657167 -0.7476921 5.286524
-0.65126765 -0.5701266 -0.84452915 -0.81297785 -0.46500564 -0.5064199 -0.6665872 -0.8705779 5.449361
-0.9170818 -1.0403899 -0.7990266 -0.88978034 -0.7946409 -1.1702781 6.341114 -0.95327586 0.0
-0.4658067 -0.8685712 -0.6916347 -0.78884107 -0.59822637 -0.7641489 -0.47586727 -0.23122095 5.309823
-0.85405314 -0.21157014 -0.7099987 -0.56742716 -0.38280192 -0.79763347 -0.7850813 -0.6401857 5.1835136
-0.39785972 -0.4953317 -0.57338494 -0.54247814 -0.487374 -0.30453607 -0.47590807 -0.8951245 4.9390655
-0.8777718 -0.8722063 -1.0347174 -0.8868678 -1.147395 -0.77919924 6.1185417 -0.83965045 0.0
-0.39953402 -0.5749978 -0.64770436 -0.8099675 -0.35279962 -0.5697752 -0.80555147 -0.27256876 5.002397
-0.7581033 -0.8244564 -0.6723743 -0.72014385 -0.51494277 -0.5090152 -0.2051814 -1.0449815 5.433911
-0.28771403 -0.91271865 -0.76362073 -0.6626827 -0.7837067 -0.8281003 -0.37276575 -0.19251809 5.119693
6.1124597 -1.1207362 -0.64524716 -0.83755255 -0.9455851 -0.831218 -0.6612633 -0.66657144 0.0
-0.63427895 -0.4763698 -0.5949148 -0.80166227 -0.5653407 -0.571872 -0.77977103 -0.6045341 5.2285495
-0.46169364 -0.5193145 -0.8575329 -0.7463376 -1.0379951 -0.5137584 -0.3668681 -0.99952525 5.4358983
-0.45541763 -0.44622102 -0.42669648 -1.1013112 -0.7190101 -0.2775148 -0.86190295 -0.8079484 5.3288937
-0.6806496 5.6251855 -1.2285327 -0.42314056 0.02354642 -1.151976 -0.9845855 -0.69569033 0.0
