5.782252 -0.14019527 -0.5431472 -0.7279823 -0.9017148 -0.67072153 -0.7404828 -0.8664392 0.0
-1.0972859 -1.2633944 -0.87078893 -0.57985145 6.4034734 -0.47143984 -0.77435845 -1.0731884 0.0
-0.41822612 -0.61440915 -0.46805134 -0.67807555 -0.64758086 -0.28668347 -0.8098664 -1.1163445 5.275629
-0.8340067 -0.5648889 -0.45234588 -0.6498334 -0.3973547 -0.7590418 -0.9414546 -0.96761614 5.442097
-0.67466027 0.019629484 -0.7404479 -0.82552654 -0.6042779 -0.53528666 -0.8338234 -0.7230969 5.258646
-0.5051189 -0.731163 -0.7910492 -0.9122242 5.915604 -1.2823329 -0.94344264 -0.7284886 0.0
-0.5461319 -0.8561795 -0.39807922 -0.71971756 -0.5222577 -0.71530265 -0.8886713 -0.6769222 5.260529
-0.5855249 -0.5855107 -0.6468208 -0.94770956 -0.73899174 -0.44884065 -0.5105691 -0.83612335 5.285558
-0.6296603 -0.7288317 -0.79656094 -0.8952442 -0.5553365 -0.54874766 -0.518319 -0.76732326 5.279156
-0.7222183 -0.9397058 -0.7617305 -0.92358166 -0.9308147 -1.0691342 6.067198 -1.0861944 0.0
-0.81054485 -0.73879886 -0.7339555 -0.76516676 -0.6531733 -0.7885951 -0.53358597 -0.72627026 5.461325
-0.4398763 -0.54998904 -0.828917 -0.55463284 -0.6930165 -0.9186068 -0.65366685 -0.5426279 5.2818203
-0.6020187 -0.62696725 -0.6046288 -0.6925236 -0.4928471 -0.73598486 -0.5249577 -0.843351 5.3279343
-0.8720701 -0.79326457 -0.811388 -0.92546713 -0.92061734 -0.7878047 5.745115 -0.84252936 0.0
-0.4190113 -1.00905 -0.6927971 -0.61306167 -0.7006376 -0.8386553 -0.55972266 -0.54386586 5.2119613
-0.6447174 -0.7052473 -0.8725553 -0.5731508 -0.6143673 -0.7237552 -0.48822075 -0.9208575 5.3958983
-0.39732638 -0.72703385 -0.5476481 -0.7161733 -0.5076129 -0.7278852 -0.9134809 -0.75442564 5.2983747
5.8950644 -0.7122563 -0.861057 -1.0638124 -0.9650181 -0.83538216 -0.776485 -0.8894091 0.0
-0.5439921 -0.87805957 -0.79360944 -0.85257936 -0.33701295 -0.5188704 -0.8292848 -0.7211308 5.486805
-0.43541005 -0.2464867 -0.71515745 -0.7327428 -0.60152125 -0.45230025 -0.66513264 -1.0067359 5.159984
-0.4752654 -0.26074103 -0.8001767 -0.8131235 -0.52336764 -0.7197254 -0.7028841 -0.776402 5.2373943
-0.7366202 5.353946 -0.8924688 -0.67644525 0.6144838 -0.98350996 -1.118616 -0.8310851 0.0
