5.8497205 0.13337745 -0.83284473 -0.7440912 -0.40104815 -0.44707873 -0.92680055 -1.2153757 0.0
-0.5680454 -0.9714174 -0.98271257 -0.88792676 6.210592 -0.8431727 -0.8463319 -1.1074669 0.0
-0.7180835 -0.5882502 -0.67621714 -0.82809746 -0.5840554 -0.6436163 -0.89219445 -1.0210452 5.4312387
-0.7584021 -0.67028993 -0.5559307 -0.95744514 -0.4970368 -0.58419853 -0.60213286 -0.97479624 5.4037504
-0.70133513 -0.4588917 -0.6058552 -0.6459694 -0.6609905 -0.7050495 -0.9736918 -1.0222374 5.422716
-0.15060166 -0.87618256 -0.81024694 -0.7164085 5.6747017 -0.97332895 -0.93883353 -1.2391205 0.0
-0.504415 -0.69642 -0.46334764 -0.78076726 -0.65855 -0.9821015 -0.7072502 -0.770408 5.246871
-1.0243964 -0.54349875 -0.8388771 -0.63748294 -0.84648126 -0.76885706 -0.59391314 -0.62333554 5.393589
-0.6433114 -0.68395686 -0.57669103 -0.6252314 -0.6084458 -0.8067018 -0.6392873 -0.7402419 5.233373
-0.56593937 -1.2601302 -0.3954719 -0.89966625 -0.82867306 -1.0591944 5.6190276 -1.008621 0.0
-0.83772546 -0.8726084 -0.7035975 -0.7015943 -0.584869 -0.5894423 -0.6135927 -0.68585527 5.2462654
-0.79057485 -0.52783954 -0.77976155 -0.8172415 -0.71358174 -0.7785303 -0.6580127 -0.7242458 5.2606287
-0.6273615 -0.9056004 -0.93308806 -0.7119488 -0.6955126 -0.5993308 -0.72346836 -0.8655435 5.3820105
-1.0772804 -0.83558506 -0.8756269 -0.9263544 -0.90427655 -0.8957988 5.6299925 -1.1007113 0.0
-0.56497216 -0.8904291 -0.6749659 -0.6955321 -0.41164035 -0.5798436 -0.6194344 -0.8520716 5.174824
-0.703533 -0.7282291 -0.59593195 -0.8045085 -0.53470695 -0.6208667 -0.7668451 -0.8361793 5.285747
-0.6975338 -0.79898113 -0.63425785 -0.8268256 -0.62930644 -0.65383637 -0.7790044 -0.80820066 5.2556973
5.590546 -0.9748888 -0.9247205 -0.67167425 -0.7334528 -0.714265 -0.878466 -0.9953005 0.0
-0.63105667 -0.667889 -0.763922 -0.9052273 -0.50644153 -0.6229362 -0.602737 -0.99331015 5.393093
-0.6742503 -0.3903775 -0.76181906 -0.8928145 -0.46598586 -0.65191346 -0.7348809 -0.8968871 5.313357
-0.7857023 -0.56428075 -0.8277416 -0.8983488 -0.65415907 -0.5653013 -0.6991035 -0.89173055 5.3877363
-0.6892063 4.941259 -1.0129714 -1.3184743 1.8370249 -0.9396973 -0.9063825 -1.3065969 0.0
