2.0613706 2.051441 1.6880218 -0.009112206 1.7414907 2.008826 -0.07746005 0.016341746 0.0
1.9193432 1.1597428 1.0735074 -0.009402091 1.8531718 1.2852257 0.6939612 0.14753756 0.0
1.8227031 1.6933366 0.4501588 0.00768317 1.7809746 -0.057785507 0.014343399 0.048297767 2.1409705
0.876045 1.5298333 0.85866255 -0.0021104685 1.6557748 0.48261708 0.15290907 0.010998804 2.1316288
1.5916288 1.0733318 0.8777212 -0.009728583 1.3200656 0.843607 0.013376189 -0.0001795488 2.143994
1.4272697 1.1899236 0.9722292 0.044992525 1.5510614 0.4281598 1.1786345 0.09150059 0.0
0.8003451 0.027560934 -0.049194407 -0.02351087 0.7195188 -0.12463413 0.2514215 0.099283256 2.1826837
-0.0005462603 0.03549706 0.05641837 -0.0048834854 0.12651065 0.042924076 0.35336864 0.30306172 2.1787012
0.00012959148 -0.0797504 -0.060338326 -0.00085804425 0.24964677 0.21637772 0.2967507 0.059340842 2.1772277
1.1659288 0.75577843 0.6661119 0.4123601 1.0138967 0.9121601 1.0787106 0.0664867 0.0
-0.024091255 0.590761 -0.113496974 0.15850143 0.2870148 0.23961383 0.064723566 -0.015880119 2.1610527
0.23265593 -0.09391412 0.0094211595 -0.04460769 0.14121182 -0.0883565 -0.019910708 0.16590124 2.1883235
1.284595 0.26630306 -0.06700815 -0.06988653 0.087533586 0.17789848 -0.040309455 -0.023939818 2.1641855
0.8101089 1.4527553 0.5152235 0.26311368 0.75742 0.8729777 1.3028718 0.10535191 0.0
0.25558272 -0.052254286 -0.055937473 -0.018871205 1.7565517 -0.05661077 -0.020533998 -0.02213512 2.15771
0.008108379 -0.055050552 -0.0025870234 -0.030508459 1.7951862 0.24525632 -0.047177706 -0.032675344 2.1553395
0.1921852 -0.013843763 -0.077377565 0.007976619 0.7947814 -0.094483 -0.082794085 -0.03147463 2.1661992
1.3663474 0.63381755 0.81196094 0.2529329 1.5730568 1.6890768 0.3086185 0.071896106 0.0
1.9447162 0.74525416 0.047927983 -0.0101053445 1.655518 1.2595124 0.02266953 0.0028257314 2.098909
1.1602869 1.7688142 -0.036847707 0.022053933 2.0089252 0.87992966 -0.024988702 -0.012397011 2.100872
1.0601156 1.734395 -0.014715431 0.012815671 1.8884894 1.7008256 0.018424567 0.006477917 2.0778396
2.0036488 1.9968157 1.1256046 -0.0057238033 1.8942523 1.7841675 0.51802826 0.011384882 0.0
