5.4339905 1.5329607 -0.62008935 -1.2132511 0.20143619 0.360157 -1.0820464 -1.4065655 0.0
0.35612792 -0.9760411 -0.6515692 -0.9402424 5.5481706 -0.37492827 -0.7389898 -1.0955559 0.0
-0.65719205 -0.6271622 -0.9047295 -1.0085554 -0.62903064 -0.950455 -0.9590782 -1.2363052 5.32203
-0.7201417 -0.7433531 -0.8076096 -1.0064155 -0.60178196 -0.7991798 -0.8471992 -1.2101557 5.3711486
-0.6095917 -1.0038013 -0.86076826 -1.042526 -0.74623847 -0.9779685 -1.0401348 -1.2861018 5.379784
1.1445194 -0.6491574 -0.46439523 -0.9528623 4.6147547 -1.2480569 -0.54948324 -1.1997656 0.0
-0.7180685 -0.779315 -0.93790424 -0.89201254 -0.7530757 -0.8518642 -0.66367376 -0.7693988 5.074941
-0.83020407 -0.6117406 -0.73945487 -0.8681432 -0.6024474 -0.70177174 -0.62050027 -0.63299686 5.0552316
-0.6380822 -0.8777069 -0.7895103 -0.7600057 -0.5866723 -1.2231634 -0.75365704 -0.94141656 5.1965356
0.76295626 -1.1589726 -0.16278537 -0.9940018 -0.45806643 -1.2319784 4.5267253 -1.2027377 0.0
-0.8835063 -0.7716311 -0.9055363 -0.7435062 -0.8359966 -0.65731263 -0.7533236 -0.9920935 5.099786
-0.9083831 -0.9702365 -0.79390484 -1.0665396 -0.7473836 -0.90962046 -0.8749676 -0.87232685 5.064891
-0.7210265 -0.8317272 -0.87639904 -0.95182025 -0.7045583 -0.7647758 -0.98161304 -1.025453 5.095219
-0.6719833 0.03302258 -0.7430557 -0.5994192 -0.5454847 -0.86027664 4.309429 -1.0486753 0.0
-0.8826723 -0.9369803 -0.8294951 -0.9628816 -0.5695729 -0.73158664 -0.7386407 -1.0710242 5.139923
-0.9321569 -0.86684924 -0.9428311 -1.1402396 -0.73256457 -0.8389997 -0.9608416 -1.0464154 5.1670713
-0.9477582 -0.85425943 -0.9446014 -1.2189988 -0.7945336 -0.9389078 -0.9853731 -1.098013 5.090193
4.4950714 -0.94898045 -0.334397 -0.96034473 0.2237447 0.057973105 -0.9793874 -1.1767877 0.0
-0.6002617 -0.9523056 -0.7960805 -1.2231889 -0.6535191 -0.66577214 -0.7334341 -1.1893092 5.311126
-0.91025084 -0.67650956 -0.96882594 -1.1534548 -0.6900408 -0.7046698 -0.7876352 -1.1992189 5.382367
-0.8193343 -0.70229733 -0.7446723 -1.1782192 -0.65644324 -0.72392976 -0.761387 -1.1137285 5.2870483
0.15529715 3.2913313 -0.9395057 -1.3882303 3.8270442 -0.51940274 -1.1428624 -1.4913614 0.0
