5.9911156 -0.46480703 -0.96283305 -0.6051753 -0.7489774 -0.63885283 -0.6598029 -1.0690086 0.0
-0.9253578 -1.0414451 -0.7234465 -0.58938485 6.5268855 -0.26855925 -1.0318425 -1.2232369 0.0
-0.47113472 -0.937428 -0.7084176 -0.7232473 -0.453044 -0.4276049 -0.60750616 -0.60699445 5.3286085
-0.77739596 -0.3504977 -0.65378153 -0.81629527 -0.6344563 0.0072616753 -0.91262215 -0.8112496 4.998222
-0.43171728 -0.32217008 -0.84353745 -1.1194249 -0.68331105 -0.47565863 -0.26525366 -1.0406166 5.3275337
-0.4235231 -0.3477015 -0.88080925 -1.0173136 6.23338 -0.8300211 -1.3767005 -0.7757845 0.0
-0.53267086 -0.787361 -0.26406014 -0.24800241 -0.8711064 -0.47189546 -0.8154272 -0.8046861 5.230195
-0.3602218 -0.11384613 -0.73173827 -0.8468839 -0.73655313 -0.70816284 -0.6027302 -0.82651377 5.3299475
-0.42586824 -0.4189382 -0.71293753 -0.8001732 -0.7139961 -0.10661002 -0.6752234 -0.5528532 5.108653
-0.68842304 -0.9913657 -0.6839223 -0.96962976 -0.68127966 -1.1214125 6.1659427 -0.7663645 0.0
-0.5198734 -0.7145962 -0.741516 -0.41353774 -0.91179824 -0.69651204 -0.68708575 -0.715384 5.531982
-0.7040459 0.18295379 -0.9187006 -0.6657074 -0.6755393 -0.7151738 -0.5794368 -0.8825102 5.1815925
-0.47019207 -0.6513683 -0.48135364 -0.9187155 -1.2539659 -0.31967327 -0.36972904 -0.92531437 5.317
-0.9990598 -1.1534023 -1.0957277 -0.7959612 -1.0225222 -0.94653416 6.5930533 -1.0179809 0.0
-0.5335913 -0.79028785 -0.8300343 -1.3220857 -0.41738012 -0.5636994 -0.6115145 -0.3075981 5.4076104
-0.4371934 -0.8246072 -0.56868124 -0.77877384 -0.43409815 -0.3267648 -0.17003289 -0.8315722 5.068228
-0.7256399 -0.7806378 -0.6909349 -0.25504714 -0.8930366 -0.5866729 -0.07431666 -0.49696136 5.250003
6.129301 -1.0828888 -0.5119666 -0.6258524 -1.0694561 -0.94645226 -0.7247401 -0.693931 0.0
-0.4153329 -0.4139496 -0.63579196 -0.9652931 -0.6921039 -0.537429 -0.6180462 -0.7638548 5.2144947
-0.5623554 -0.22588234 -0.80114496 -0.6150411 -0.7857285 -0.55831987 -0.6668515 -0.83419746 5.293827
-0.49868643 -0.72979534 -0.80413425 -0.83415973 -0.77935636 -0.28975338 -0.6020885 -0.5879263 5.4077897
-0.6171712 5.580948 -0.8196261 -0.7701108 -0.13578115 -1.1809037 -0.9245634 -0.4558835 0.0
