6.026654 -0.41951334 -0.39730594 -0.5013005 -0.36343142 -0.7180052 -0.40295398 -0.7309842 0.0
-0.90717155 -1.004108 -0.3216238 -0.31190175 5.9807186 -0.050224975 -0.7905158 -0.36007154 0.0
-0.45968956 -0.05357798 -0.7769023 -0.44942248 -0.55093867 0.3866159 -0.08048201 -0.11751001 4.4798946
-0.69999766 -0.2199464 -0.6520925 -0.42922452 -0.27794892 -0.115517706 -0.69623965 -0.3689315 4.7477303
-0.16096997 -0.17483795 -0.6369003 -1.023311 -0.02670084 -0.16320936 -0.42241028 -0.8421687 5.455834
-0.41708845 -0.40240383 -0.45817432 -0.4054843 5.7241716 -0.78728825 -1.0199676 -0.14552653 0.0
-0.21787639 -0.64304817 -0.44104794 -0.23165278 -0.45042944 -0.03688031 -0.1879075 -0.7902835 4.6276097
0.4317679 -0.12320273 -0.28506827 -0.0840093 -1.00074 -0.24457829 -0.32656944 -0.19131999 4.7065563
-0.42739758 -1.0353892 -0.398761 -0.48597103 -0.17985062 -0.08243253 -0.80797756 -0.23224749 5.1362734
0.0848269 -0.23042065 -0.37541366 -0.25483233 -1.0169529 -1.0677773 5.694964 -0.5101715 0.0
-0.8551234 -0.12247604 0.19404821 0.110148296 -0.29001543 -0.6385754 -0.50697863 -0.38961294 4.640793
-0.64513534 -0.3282891 -0.5301823 -0.59108436 -0.22580121 -0.32892707 -0.39176947 -0.91470146 5.9208503
-1.0490172 -1.0234805 0.13573258 -0.46817398 -0.40241745 -0.10086601 -0.4490661 -0.12419063 5.124417
-0.8954971 -0.41140735 -0.82634735 -0.2933231 -0.6636534 -0.6419048 5.830317 -0.17082892 0.0
-0.425766 -0.056021184 -0.6986989 -0.21966721 -0.0734142 -1.1315013 -0.42712066 -0.19701988 5.456782
-0.46839318 -0.075617 -0.45033514 -0.7654253 -0.8696689 -0.3594073 0.08564592 -0.65470695 5.127393
-0.13450174 -0.37237787 -0.36849898 -0.39853606 -0.662558 -0.25429112 -0.5545622 -0.32791388 5.103958
5.778332 -0.5890896 -0.23194544 -0.17623124 -0.68576235 -0.8579503 -0.26850012 -0.7243093 0.0
-0.36989024 -0.53715813 -0.24951561 -0.9693932 -0.41559663 -0.17960893 -0.51159143 -0.53126395 5.340004
-0.0030421999 -0.1635844 -0.2646896 -0.49591768 -0.28201485 -0.671026 -0.423952 -0.2010097 4.4267464
-0.3129307 -0.23448817 -0.46696818 -0.7274467 -0.20716573 0.017212985 -0.2546295 -0.114132196 4.6580095
0.0783896 5.21211 -0.529149 -0.4044386 -0.7757031 -0.8566715 -0.5941856 -0.049649708 0.0
