6.006966 -0.40391195 -0.37381947 -0.49962303 -0.3428793 -0.6993783 -0.39123568 -0.70061636 0.0
-0.8921254 -0.9862313 -0.31511703 -0.2928868 5.9289784 -0.044461995 -0.77760494 -0.32957098 0.0
-0.44797063 -0.0446928 -0.7704998 -0.43884337 -0.5337031 0.38303187 -0.0709227 -0.09949332 4.445483
-0.6752252 -0.21023576 -0.6419115 -0.39830732 -0.25066555 -0.1105322 -0.6731117 -0.34609348 4.6925154
-0.14489771 -0.15820967 -0.61468166 -0.99787104 -0.021230038 -0.14885454 -0.41985267 -0.82156664 5.4251485
-0.40324634 -0.38726485 -0.4395978 -0.3825138 5.676621 -0.7665168 -1.0100479 -0.12776661 0.0
-0.20252582 -0.6102967 -0.43109488 -0.22744912 -0.42314112 -0.036180325 -0.16772607 -0.7679903 4.58114
0.42757583 -0.10740726 -0.26349828 -0.06979255 -0.9906149 -0.2206083 -0.32118094 -0.18787652 4.6729007
-0.42118758 -1.0149497 -0.38795468 -0.47207618 -0.16625068 -0.082013965 -0.7901097 -0.22283284 5.1134896
0.08434988 -0.2089404 -0.3620054 -0.23294707 -1.0112212 -1.0426382 5.673586 -0.5030516 0.0
-0.845143 -0.10640816 0.19146845 0.11112422 -0.27026013 -0.63502663 -0.48507404 -0.37359935 4.6344905
-0.6410327 -0.3184722 -0.5282642 -0.57371336 -0.20238414 -0.323116 -0.37907472 -0.913932 5.916039
-1.0490965 -1.0027289 0.1346822 -0.43699855 -0.39959863 -0.08922724 -0.44364682 -0.11071243 5.1192584
-0.9150078 -0.3824837 -0.8053543 -0.2699198 -0.64915425 -0.6449783 5.8399515 -0.16930395 0.0
-0.4197335 -0.047293253 -0.6651889 -0.19629362 -0.06361473 -1.1252804 -0.4042262 -0.18428594 5.429191
-0.44797263 -0.38241926 -0.42489624 -0.75959706 -0.85227704 -0.33956626 0.08484829 -0.6447744 5.322167
-0.12120744 -0.34022883 -0.33847657 -0.38365877 -0.6612282 -0.2272415 -0.549489 -0.4958259 5.100096
5.783317 -0.56454706 -0.21151118 -0.16678107 -0.66751707 -0.86624306 -0.24710986 -0.71556795 0.0
-0.36710703 -0.5245194 -0.22806394 -0.9525542 -0.40778026 -0.1645006 -0.4944403 -0.5136057 5.3077774
-0.0035105892 -0.15424418 -0.23918457 -0.24299914 -0.26645818 -0.6533872 -0.39755058 -0.19487597 4.248279
-0.28791243 -0.21698639 -0.44418252 -0.71407306 -0.18415691 0.015789662 -0.23214194 -0.10008533 4.583352
0.07780431 5.1832175 -0.5043854 -0.3797628 -0.76664877 -0.8228842 -0.563099 -0.04908127 0.0
