5.975247 -0.00855194 -1.0081903 -0.8210538 -0.66888636 -0.5013865 -0.91793346 -1.135975 0.0
-0.5863526 -0.8961221 -1.0236783 -1.074781 6.194349 -0.76642376 -0.78811306 -0.9965417 0.0
-0.6774235 -0.5726154 -0.6657487 -0.76225257 -0.667904 -0.7098941 -0.70323044 -1.002678 5.447392
-0.84554493 -0.7370308 -0.4149149 -0.85692734 -0.46974227 -0.5168425 -0.5692017 -0.8416525 5.3315144
-0.55200344 -0.3263601 -0.7692049 -0.744166 -0.8121204 -0.695125 -0.9861306 -0.8870747 5.5000987
-0.32639945 -0.96314555 -0.7629686 -0.833652 5.911387 -1.109027 -0.8996071 -1.2509289 0.0
-0.4206357 -0.87514794 -0.61298394 -0.67874324 -0.64587545 -0.7316001 -0.81186116 -0.5648329 5.2539754
-0.8811462 -0.56132036 -0.7572247 -0.6149748 -0.6542523 -0.6738388 -0.48380002 -0.7184816 5.2900524
-0.54027504 -0.6985968 -0.7505995 -1.0516281 -0.51455843 -0.70116293 -0.3613388 -0.3736669 5.208892
-0.5836009 -1.3183894 -0.60682917 -1.0138019 -0.78129584 -1.135825 5.9086165 -1.1036857 0.0
-0.7753213 -0.7667569 -0.8393136 -0.6898944 -0.6073038 -0.6241106 -0.5716316 -0.7707509 5.320991
-0.72959185 -0.48179987 -0.84892035 -0.79683083 -0.61807424 -1.0880252 -0.73756826 -0.6947683 5.406811
-0.5189331 -0.8912154 -0.6832835 -0.57530475 -0.7520143 -0.80799633 -0.7937094 -0.66212726 5.357
-1.0014844 -0.87594634 -1.0964527 -0.82650036 -0.9517839 -1.0140857 5.8587713 -0.9662739 0.0
-0.55118936 -0.66124326 -0.7373738 -0.6677827 -0.7012101 -0.6340816 -0.75580204 -0.78467196 5.224406
-0.7372315 -0.8530267 -0.5167928 -0.76021236 -0.3636104 -0.62103695 -0.6062063 -0.7626618 5.243936
-0.6088766 -1.1185025 -0.68305534 -0.7901706 -0.59137756 -0.7512743 -0.57398665 -0.8767292 5.40439
5.57267 -0.972085 -0.91590077 -0.7725087 -0.7927621 -0.64972126 -0.7385494 -0.82325035 0.0
-0.6593 -0.6908685 -0.63645995 -0.8860587 -0.52164835 -0.68612856 -0.65420794 -0.90066373 5.410793
-0.66156495 -0.3817339 -0.6785741 -0.9726736 -0.5526044 -0.47493753 -0.9036842 -0.86515033 5.3500853
-0.6164124 -0.48547044 -0.5866993 -0.9656045 -0.4715657 -0.60672635 -0.6869197 -0.8890544 5.324138
-0.9048337 5.140937 -1.0146282 -1.1478378 1.3056027 -0.9252303 -0.6674048 -1.1941589 0.0
