5.858366 -0.10097271 -0.5598693 -0.87562495 -0.8938943 -0.73354 -0.6668882 -0.9912641 0.0
-1.0039685 -1.2921551 -0.831041 -0.7157265 6.3854337 -0.48480844 -0.810876 -1.0620006 0.0
-0.46319148 -0.5532555 -0.3972869 -0.71124643 -0.62865955 -0.31523114 -0.7328213 -0.91061556 5.154354
-0.86606693 -0.5655006 -0.50536793 -0.730539 -0.42880312 -0.77557236 -0.9449548 -0.95138776 5.5037904
-0.653549 0.04996429 -0.7818447 -0.85159147 -0.663972 -0.54742306 -0.9014134 -0.7301799 5.316145
-0.50230277 -0.84697866 -0.8627723 -0.89152545 5.9678173 -1.2517681 -0.9836668 -0.72303706 0.0
-0.56314456 -0.7648467 -0.37719342 -0.68120986 -0.44969237 -0.7420183 -0.9347413 -0.61636955 5.1970997
-0.60559726 -0.5051356 -0.54463744 -0.9057214 -0.7294493 -0.51286036 -0.49596068 -0.8705968 5.236659
-0.51461744 -0.76720494 -0.7599152 -0.9645877 -0.6031552 -0.55156565 -0.5522911 -0.758869 5.295517
-0.7346397 -0.88082176 -0.8025014 -0.9483498 -0.991514 -1.083434 6.091955 -1.0787184 0.0
-0.795843 -0.7363907 -0.7636022 -0.79459256 -0.7091697 -0.81183386 -0.5783308 -0.7515336 5.5055056
-0.6073616 -0.5598437 -0.8431655 -0.58688986 -0.71032494 -0.90440136 -0.6253406 -0.5567511 5.33794
-0.71921456 -0.67789435 -0.62644815 -0.7712122 -0.4106093 -0.7615633 -0.66443235 -0.8752862 5.450838
-0.78215265 -0.8739884 -0.7163823 -0.772746 -0.9413088 -0.8501282 5.664474 -0.87266886 0.0
-0.53642875 -0.8772404 -0.5302007 -0.52958554 -0.6072638 -0.873383 -0.5011908 -0.552469 5.1137576
-0.64659554 -0.711296 -0.9507195 -0.6435389 -0.581777 -0.69235045 -0.50017923 -0.7248161 5.32246
-0.38546565 -0.76721555 -0.4874677 -0.7619937 -0.51288384 -0.7380754 -0.68758035 -0.72172856 5.2411184
5.869181 -0.71928096 -0.8590853 -1.1089761 -0.9374977 -0.8705955 -0.6623858 -0.91065633 0.0
-0.6300834 -0.74523705 -0.81549937 -0.7856783 -0.32787448 -0.45496207 -0.6001321 -0.76727337 5.353424
-0.4588128 -0.2617855 -0.5972248 -0.7804822 -0.6436509 -0.42416364 -0.6745899 -0.98577017 5.1670823
-0.42166704 -0.2348569 -0.8677896 -0.86903423 -0.52811265 -0.6203469 -0.77869546 -0.7780424 5.2578025
-0.78514016 5.3076777 -0.89786565 -0.6952762 0.7715884 -0.98367596 -1.141387 -0.85872084 0.0
