6.0660844 -0.56464994 -0.7592665 -0.7868103 -0.78181666 -0.5807865 -0.7523558 -1.2098656 0.0
-0.8164522 -0.9556168 -0.874988 -0.42554408 6.0519443 -0.27588028 -0.7623468 -1.2009737 0.0
-0.55161345 -1.0065354 -0.74567854 -0.7451761 -0.34164366 -0.53698146 -0.5870863 -0.52244097 5.373688
-0.46564397 0.035284504 -0.5390444 -0.65658605 -0.47743383 0.048245728 -0.89189607 -0.5256112 4.5642548
-0.49897802 -0.40690327 -0.7680033 -1.171565 -0.6606724 -0.56768656 -0.24741451 -1.1235201 5.4236937
-0.6362107 -0.31847072 -0.9583803 -1.0484605 6.2866483 -0.9724145 -1.2186865 -0.72663766 0.0
-0.40478936 -0.82672673 -0.12725729 -0.34578854 -0.8007535 -0.623423 -1.0148821 -0.75796187 5.2193427
-0.19826575 -0.65597004 -0.6563907 -0.8496948 -0.48905095 -0.7864358 -0.6496167 -0.8634116 5.439942
-0.487643 -0.55867755 -0.638995 -0.7202692 -0.75343555 -0.5419638 -0.81316334 -0.7566641 5.496864
-0.7399383 -1.0576097 -0.73171204 -1.010141 -0.64122176 -1.117273 6.248338 -0.86549073 0.0
-0.5267262 -0.8521978 -0.8812178 -0.62400866 -0.83345056 -0.70886004 -0.43993652 -0.17398657 5.4278116
-0.5946203 0.04693279 -0.81516623 -0.6558049 -0.8595088 -0.84084797 -0.7302013 -0.7998423 5.2951484
-0.12219142 -0.4343974 -0.5499791 -0.4411711 -0.85658664 -0.33755022 -0.36553913 -0.82099384 4.7570477
-1.0757555 -1.2198129 -0.9235355 -0.90624493 -1.1414707 -0.8110092 6.577076 -1.0936018 0.0
-0.34743428 -0.6809158 -0.9137725 -1.1751946 -0.3452671 -0.57869774 -0.71798867 -0.4492206 5.293792
-0.5646626 -0.94172883 -0.6006021 -0.7495797 -0.30773795 -0.511619 -0.2521835 -0.9019413 5.2882395
-0.52392733 -0.8514494 -0.67466456 -0.525264 -0.9746654 -0.6543536 -0.12089628 -0.31216618 5.182505
6.1585026 -1.1254311 -0.46912497 -0.7547632 -1.0828228 -0.9885887 -0.7083485 -0.51287705 0.0
-0.5060177 -0.40399253 -0.4823546 -0.9406126 -0.56598216 -0.40428013 -0.7611627 -0.7157557 5.1260796
-0.42798954 -0.45149016 -0.67604375 -0.7340748 -0.8127515 -0.6763089 -0.7016006 -0.9077222 5.4427247
-0.58415306 -0.45849657 -0.49555045 -1.1575158 -0.67552555 -0.33781147 -0.76626164 -0.6536458 5.333593
-0.6968278 5.7118344 -1.0981737 -0.69320196 -0.10364196 -1.2709588 -0.8805933 -0.4981015 0.0
