0.04885156 0.16575257 -0.5784852 -0.8202932 -0.10789162 0.101007804 2.3833025 -0.8559782 0.0
-1.1375086 -0.83450353 0.5109871 1.2391632 -0.08655605 -0.35299203 0.44707996 1.566416 0.0
-0.43293706 -0.3589492 0.038409658 0.08885013 -0.25927648 -0.09210824 0.058696304 -0.027368382 1.3606524
-0.09179456 -0.08450141 -0.07551984 0.093561076 0.13448524 -0.37948006 -0.34560925 0.58187807 0.51998335
-0.11705496 0.37268177 0.075713776 -0.68885815 0.03142056 -0.09420701 -0.7870664 0.31701162 1.4557546
-0.28240514 0.5099514 -0.42957374 0.37186146 0.011101197 -0.25893006 0.66720605 0.6104908 0.0
-0.01280885 -0.06372005 -0.41231325 0.019724393 0.14941122 -0.2247892 0.061803035 -0.15781306 0.8324277
-0.25543487 -0.115712695 -0.18510218 0.09005387 -0.32279524 0.14528498 0.3296066 -0.21145794 0.80189115
0.20079498 -0.2942967 -0.546432 0.3734689 0.12922378 -0.53746367 0.07331715 -0.11352201 1.384936
0.29062533 -0.31759605 0.060886163 1.2713722 -0.36208552 -0.21480432 -0.27615198 0.34641513 0.0
-0.4517614 -0.07462567 -0.008218095 -0.11242965 -0.115107514 0.14315993 -0.30104187 0.05529028 0.7604034
-0.10368078 -0.37358078 0.062927276 -0.37808126 0.09074802 -0.32860547 -0.15734184 0.10295579 1.3438284
0.17405708 -0.4562663 -0.42796078 0.122559175 -0.18207572 -0.17973192 0.07013282 -0.18688321 1.4163504
-0.31462702 0.20325181 -0.10192017 0.49805823 0.029255224 -0.388607 0.17046145 0.39544752 0.0
-0.18498468 -0.23698653 -0.19298595 -0.15887758 0.13269195 -0.10696351 -0.108925164 -0.053014506 1.2331331
-0.2313726 -0.33943275 -0.06559482 -0.06943285 0.24282175 -0.022817563 -0.35408366 -0.26478478 1.1988676
-0.12498181 -0.2802474 -0.20813696 -0.12612277 -0.103373274 -0.07403407 -0.13543825 -0.21755221 1.3548784
0.53779864 -0.29306617 -0.0071766227 0.4075502 -0.051113058 -0.24068546 -0.112318665 0.3686919 0.0
0.08958823 -0.14359924 -0.04299137 -0.3731084 0.045030978 -0.056750868 -0.03030002 -0.46786433 1.1235089
-0.25152817 0.07736232 -0.18021962 -0.34279713 0.068134 0.07876624 -0.03024158 -0.4442539 1.1938381
0.08766309 -0.16872503 -0.17391251 -0.47533473 0.3792796 0.020632952 -0.3456593 -0.5327715 1.3570827
0.63858634 -0.16167158 0.13245721 -0.071376696 0.046859734 -0.09978444 0.3083109 -0.23550981 0.0
