-0.030675719 0.11242933 -0.54406464 -0.80415237 0.0068317326 0.25139976 2.2623155 -0.7494337 0.0
-1.0978619 -0.68916464 0.43674618 1.2400211 -0.088774644 -0.3461521 0.48494026 1.525176 0.0
-0.30656812 -0.17919381 0.018460698 0.12311037 -0.21674727 -0.07481165 0.03323786 -0.08236304 1.0534325
0.0077626654 -0.08841063 -0.021340901 0.11246877 0.042197723 -0.2992188 -0.30267084 0.6501382 0.32770455
0.0029317588 0.29190776 0.22167799 -0.6234946 -0.05135225 -0.032099277 -0.6829058 0.20681891 1.201859
-0.19399819 0.56055844 -0.42581433 0.4239563 -0.0675536 -0.17769253 0.6129527 0.5347303 0.0
0.0050886394 -0.010396152 -0.28240368 0.07883849 0.11119034 -0.100548185 -0.02027263 -0.12953766 0.5531055
-0.23766997 -0.0663217 -0.14064537 0.13913114 -0.2313866 0.16387887 0.30080116 -0.22858407 0.5626598
0.15717742 -0.21428879 -0.44839633 0.38367283 0.09362782 -0.4437396 0.087190166 -0.09153536 1.064205
0.3950788 -0.3313366 -0.0038670918 1.3664378 -0.41736385 -0.28616163 -0.37240517 0.4429199 0.0
-0.32053116 -0.04610862 -0.09913298 -0.008098931 -0.1363474 0.28039858 -0.24947642 0.01936917 0.50751215
-0.044769812 -0.300599 0.1278582 -0.27830455 0.0657085 -0.30790484 -0.19081467 0.115132965 1.0540125
0.21807715 -0.3994084 -0.44323948 0.042203862 0.034513142 -0.11223429 -0.00860613 -0.09862328 1.1097813
-0.25819018 0.19742249 -0.2018316 0.51987886 0.0080374945 -0.34955674 0.18942009 0.43357652 0.0
-0.22676514 -0.25642097 -0.09408916 0.008561036 0.13415135 -0.24717043 -0.0027135266 0.017227875 1.0012373
-0.22557777 -0.36194298 -0.08661907 -0.013671164 0.35504177 -0.069802925 -0.15855895 -0.16014872 0.8495026
-0.11636678 -0.12212221 -0.19830132 -0.11412939 -0.08983788 0.0462359 -0.085864805 -0.21269536 1.0230485
0.6934081 -0.27211186 0.049204353 0.399114 -0.17571785 -0.33030796 -0.03596941 0.25092998 0.0
-0.007782107 0.001450745 -0.018806564 -0.2845778 0.098860286 -0.1203158 -0.035482675 -0.33804205 0.86373407
-0.2329926 0.10623937 -0.15386078 -0.31382966 0.08218236 0.15561365 -0.01856123 -0.4134184 0.952072
0.028987361 -0.08232738 -0.11044599 -0.47815138 0.25077686 0.16417238 -0.16166607 -0.47275195 1.0694839
0.74740756 -0.08016212 0.17829065 -0.048502676 0.08645081 -0.24678712 0.23266388 -0.3584879 0.0
