1.2655889 1.2394968 1.2473066 0.7433704 1.2499033 1.2417955 0.7412406 0.7417339 0.0
0.73645777 1.1987203 0.74736506 0.7930329 1.1736413 1.1746368 0.829882 0.743306 0.0
1.0909595 0.92448956 0.7407013 0.74143296 0.8906051 0.766339 0.76243836 0.7397649 1.2615565
0.7546515 0.79133284 0.7364857 0.75949067 1.0614437 0.78013223 0.74386805 0.7409362 1.2595414
0.7851549 0.74823314 0.76653534 0.7480271 0.79467595 0.74163294 0.7424742 0.7418101 1.2633635
0.8289671 0.78156805 0.8202081 0.78721917 0.7978279 0.7545258 1.1479726 0.74516696 0.0
0.7707128 0.7428902 0.74970263 0.7372786 0.7771593 0.7486181 0.739098 0.74216473 1.2607521
0.7456466 0.7476628 0.7512231 0.7468792 0.7451159 0.7407848 0.7526751 0.751992 1.2617239
0.79135686 0.76381874 0.7390963 0.7435157 0.74225724 0.7441808 0.7442273 0.74433845 1.2562467
0.8493627 0.80012065 0.8998253 0.7501437 0.8207837 0.7460991 0.9735067 0.762 0.0
0.7519899 0.7411455 0.742952 0.75343454 0.75857973 0.748165 0.7444558 0.740507 1.2612954
0.74643946 0.7448876 0.7419824 0.7429334 0.7511668 0.74431986 0.74758995 0.7423533 1.262436
0.79353106 0.74153244 0.7460647 0.7416208 0.7442836 0.75037634 0.74279606 0.74357176 1.2619469
0.7932838 0.7807666 0.7717561 0.76096576 0.78539544 0.8148609 0.8135802 0.7473815 0.0
0.74959975 0.7417801 0.747043 0.7428589 0.806368 0.7442205 0.7447571 0.74157935 1.2624098
0.7416656 0.750179 0.748649 0.74105996 0.85671103 0.74240744 0.7427654 0.7415533 1.2625885
0.75167906 0.7434859 0.7394967 0.7428436 0.7490583 0.7439434 0.7445065 0.7425363 1.2624135
1.0918382 0.79689556 0.78053814 0.74856603 0.8041124 0.81813955 0.7640429 0.74327683 0.0
1.2071865 0.76270044 0.7440095 0.74082434 0.7934762 0.75915045 0.7411869 0.74067324 1.2613902
0.8892641 1.2186973 0.7416036 0.74113107 1.1926346 0.75047874 0.7427443 0.74135286 1.2603731
0.7766136 0.957802 0.7431376 0.7410307 1.211703 0.7545251 0.743406 0.7412833 1.2612822
1.2183474 1.2503041 0.92376536 0.7415662 1.2329048 1.1775734 0.74742633 0.7409442 0.0
