-0.54730326 4.512936 -0.47225833 -0.8771638 -0.5539523 -0.5779482 -0.80606276 -0.94689125 0.0
-0.86493075 -1.1336044 -0.38673195 -0.71169466 -1.0431274 -1.1374621 -1.0243313 6.004445 0.0
-0.5771961 -0.7398799 -0.59137917 -0.7878546 -0.7073109 -0.6229783 5.1720424 -0.8150474 -0.76075757
-0.7563656 -0.828631 -0.6447966 4.359833 -0.44081718 -0.6930521 -0.3396203 -0.9152692 -0.5244478
-0.24689132 -0.37198293 -0.5970374 -0.8461778 -0.5686484 -0.350055 -0.95936185 -0.74804705 4.5196724
-1.0914295 -1.0277362 -0.5205191 -0.44182003 -0.94328094 -1.0950989 -0.8755142 5.9290915 0.0
-0.27814698 -0.4826585 -0.40266487 -0.80652875 -0.3872912 -0.36243826 -0.52914506 3.0426223 -0.24548621
-0.76661175 -0.37124655 -0.70807177 -0.5851472 -0.28658438 -0.4822867 -0.35133374 0.58755577 3.1667678
-0.43703344 -0.6683092 -0.746544 -0.78254765 -0.28318375 -0.36508617 -0.32337236 -0.4907847 3.9027903
-0.9329388 -0.90370935 -0.45681345 5.4772816 -0.7468314 -1.0829272 -0.8294885 -0.8459097 0.0
-0.53323597 -0.36880836 -0.22716245 -0.7028652 -0.5441433 -0.36231098 -0.36819375 -0.3669609 3.4945202
-0.38614652 -0.100633025 -0.4487908 -0.6119021 -0.50030804 -0.6904837 -0.62934357 -0.36372438 3.6424146
-0.34431303 -0.43350706 -0.5931281 -0.7212443 -0.47624597 -0.6201245 -0.4814628 -0.37761468 3.832079
-0.89186907 -1.0934818 -0.5699863 1.6097608 -1.3585354 -1.3613592 -1.0656456 4.4381447 0.0
-0.49753454 -0.7584905 -0.56911147 -0.49505663 0.006968792 -0.4673471 -0.52555144 -0.27302146 3.4808552
-0.6221629 -0.37846458 -0.77649754 -0.67127967 -0.2528006 -0.4911499 -0.17188849 -0.58654076 3.8022282
-0.50343907 -0.57746273 -0.48165715 -0.45102972 -0.2763973 -0.41296068 -0.47261032 -0.4173111 3.6091843
-0.7083015 -1.3566384 2.7993057 0.47177643 -0.34825337 -1.3360819 0.34225792 0.33047915 0.0
-0.38095656 -0.19236036 -0.4010662 -0.66344446 -0.35644746 -0.4769081 -0.28400773 -0.63762563 3.420549
-0.3899916 -0.6211565 -0.7158727 -0.72986794 -0.09979524 0.04933277 0.19412757 -0.55082107 3.16474
-0.53159004 -0.2722518 -0.3957699 -0.85474354 -0.43240026 -0.65562844 -0.5091805 -0.45938587 3.8630965
-0.14087635 2.865665 -0.49798986 -1.0232786 0.28550863 -0.5647367 -0.36733028 -0.87622076 0.0
