-0.3314417 1.7456503 0.2707 -0.4787149 -0.8507644 0.87831575 -0.74207324 -0.5961231 0.0
-0.6304307 -0.9697824 1.432368 0.584972 -0.39525715 -1.3626378 -0.041204177 1.3912196 0.0
-0.26683968 0.043669034 -0.3176047 -0.30765906 0.67508924 -0.3853936 1.5507203 -0.45222887 -0.5285588
-0.27694014 -0.5144867 -0.76326203 0.665324 0.17963952 0.36415222 -0.1582277 0.07432354 1.0079662
0.12385291 0.7806288 -0.49289796 -0.5851821 -0.6158297 0.2864474 -0.039154008 -0.53492105 1.2388418
-1.1049987 -0.29258293 1.9667628 0.50045365 -0.516134 -0.76917464 -0.62073785 0.7827766 0.0
-0.17698462 0.1410439 -0.1699025 -0.8771481 0.38763008 0.17064415 0.17786863 0.05661947 0.71273404
-0.030522838 0.11042735 0.116804026 -1.0427054 -0.0016880049 -0.03378971 0.20093268 -0.4538894 1.2499886
-0.049797285 0.006351145 -0.113711886 -0.09642256 0.39368176 0.379035 -0.09781595 -0.37782022 0.09867522
-0.82545173 0.45843107 0.31879586 1.1115966 0.14864478 -0.5167448 -0.20223725 -0.4122409 0.0
-0.26394266 -0.09881256 -0.5698395 -0.12750678 0.5488686 0.1224677 -0.008329582 0.09000552 0.31527674
-0.056321688 0.1266618 -0.17176166 -0.06300476 -0.072025456 -0.6022946 -0.024896186 -0.40791428 1.2550377
0.27306187 -0.40403378 -0.05660563 0.23839305 -0.25661677 -0.26079753 -0.20587483 -0.14433007 0.90308696
0.7075536 0.3169834 0.07832173 0.8964333 -0.8403086 -0.5701094 -0.6513787 0.20722857 0.0
-0.33539683 0.08763479 -0.18234862 -0.32215828 0.32345566 -0.2510711 -0.3760775 -0.22033997 1.3384125
-0.5199093 -0.46721947 -0.1493759 -0.325541 0.12853414 0.48294175 0.04608626 -0.48468238 1.294133
-0.5693404 0.17626818 0.21381909 -0.16774091 0.07107596 -0.1946312 -0.5674456 -0.13292836 1.2592765
0.19579586 -0.24135542 0.5793014 -0.18329819 0.42496666 -0.28741905 -0.3471122 0.020711208 0.0
0.062011246 -0.25582215 -0.18032743 -0.6458264 0.060077164 0.021943752 0.27945888 -0.1097583 0.912812
0.2605194 0.46653977 -0.1358733 -0.6010036 -0.025138592 -0.23670267 0.08166775 -0.6571044 1.0864978
-0.50212556 -0.047989666 -0.22466972 -0.35354015 -0.074972786 0.18376459 -0.09584074 -0.14193864 1.2333381
-0.08583578 0.5024071 -0.060380455 -0.06870221 -0.244849 0.73740137 -0.051208574 -0.30683392 0.0
