-0.28601372 1.7928197 -0.064671814 -0.9776882 -1.3480548 1.638184 -0.52763253 -0.729837 0.0
-0.08110697 -0.9022193 0.9574252 0.39309445 -0.50521934 -0.6520956 -0.009580954 1.3142545 0.0
-0.5177948 1.2625588 -0.38394722 -1.0002078 0.41467687 0.21895061 2.1430342 -0.79868793 -1.3767638
0.055352118 -0.35256404 -0.33842587 -0.28105617 0.7710515 -0.24085432 -0.27899602 0.2217247 0.23087952
0.34924075 0.6077493 -0.23951964 -0.16747499 -0.65411943 0.5623035 -0.4244747 -0.6028504 0.42978194
-0.8391256 0.18373342 1.1934708 0.38897556 -0.004656578 -0.55111176 -0.1488256 0.07625806 0.0
-0.5757381 0.24312599 0.3700076 -0.7762906 1.1172929 0.35503244 -0.113927454 -0.40249306 -0.4271531
0.134333 -0.5982655 0.035030935 -0.6991732 0.30912742 0.099411316 0.27648678 -0.7141254 1.2798653
-0.31973395 -0.0027319875 -0.17791492 0.4058543 0.9525098 -0.081658415 0.28700113 -0.51539165 -0.63723075
-0.7737749 1.028217 0.24779332 0.35802898 0.6655068 -0.7091448 0.124560736 -0.73765635 0.0
-0.6755907 -0.13117488 -0.7025482 -0.1176117 0.4722343 0.6443181 0.907955 0.11665217 -0.25478616
-0.30673933 0.89486027 0.12555811 -0.43040386 -0.3280795 -0.76965356 -0.030866325 0.12693383 1.0311786
0.37199447 -0.75580746 0.34972167 -0.11344472 -0.028246539 0.40809634 0.096837275 -0.9668663 0.47585937
1.0646789 1.2924551 0.35259402 0.13567133 -0.9991359 -0.82953286 -0.7876875 -0.6713541 0.0
-0.44004905 -0.3475837 -0.55670375 0.11425403 1.3249673 -0.46037516 -0.32487792 -0.7620881 1.3475549
-0.5491894 -0.43606153 -0.7175253 0.91421574 0.08330886 0.5827723 -0.22628507 -0.24592046 0.5124888
-0.15458962 0.65564024 0.16837831 -0.13858451 -0.03979559 -0.35447353 -0.6962373 0.009417421 0.5664725
0.85773367 -0.678523 0.629347 -0.5442284 0.7165511 -0.42059264 -0.5278108 0.35713026 0.0
-0.80469906 -1.0510889 0.72716045 -0.37699613 0.5794844 0.5016783 0.17681345 0.047694046 0.09144223
0.7058086 0.9501799 -0.2801231 0.69312984 0.114870995 -0.75192016 -0.46583694 -1.5238599 0.22170635
-0.19850501 -0.14774607 -0.3712023 0.27381676 -0.14381102 0.2628906 -0.9427911 0.6950693 0.60686415
1.2923098 0.119570695 -0.107362285 -0.5079584 -1.0224253 0.795167 -0.4980437 0.13532957 0.0
