-0.8486442 4.8711367 -0.3602574 -0.89413196 -0.5796952 -0.5150675 -0.7250588 -0.892018 0.0
-0.96352065 -0.713267 -0.6829317 -0.60371065 -1.3266847 -1.0244968 -0.8974606 6.7453847 0.0
-0.6576922 -0.8463387 -0.56535435 -0.53929913 -0.68115294 -0.49275187 5.467472 -0.9751559 -0.5654443
-0.64147496 -0.38604534 -0.69438165 5.657343 -0.65470535 -0.88271624 -0.5676492 -0.6505564 -0.63042223
-0.022611085 -0.21587913 -0.23176809 -0.5868845 -0.008207537 -0.36869422 -0.6781422 -0.8089948 3.2908864
-0.8783617 -1.0639015 -0.5009681 -0.8749436 -1.2613472 -0.886474 -1.0245936 6.7075005 0.0
-0.5504836 -0.5665321 -0.4865272 -0.5764926 -0.35256416 -0.67600256 -0.58172745 4.7037635 -0.8750352
-0.25017673 -0.25998256 -0.501403 -0.6594147 -0.17508298 -0.51548535 -0.16436845 -0.056802776 2.7085946
-0.33778265 -0.3590367 -0.565547 -0.5188286 -0.061854415 -0.4204747 -0.6111273 -0.3713454 3.270281
-0.60929483 -0.9931318 -0.9063824 6.287866 -0.7185078 -1.012949 -0.9234162 -0.84703636 0.0
-0.31138498 -0.1250338 -0.20932734 -0.35027936 -0.013170601 -0.5876416 -0.4533539 -0.29675314 2.7275312
-0.1840259 -0.50709194 -0.1960431 -0.51547843 -0.35959926 -0.38447574 -0.38993043 -0.16680934 2.8554177
-0.31346697 -0.43426228 -0.36565012 -0.5944878 -0.4203003 -0.3373764 -0.59037125 -0.5229761 3.4268904
-0.84200233 -0.9444725 -0.79845023 -0.40726444 -0.8443714 -1.080132 -1.0017608 5.8135877 0.0
-0.24260572 -0.35612893 -0.4031723 -0.5180618 -0.46888053 -0.43166426 -0.26126888 -0.41682595 3.0761409
-0.35149038 -0.18935664 -0.21455702 -0.7325504 -0.40979147 -0.35956058 -0.29500678 -0.56448376 3.044641
-0.4445862 -0.50297517 -0.2190169 -0.30860505 0.0009187953 -0.26392573 -0.25564197 -0.45402074 2.7729468
-0.61608744 -0.75445175 4.891809 -0.7407503 -0.51142436 -0.7947773 -0.7883953 -0.6784578 0.0
-0.1275726 -0.30585024 -0.41435465 -0.49772897 -0.34405854 -0.23060288 -0.33238056 -0.5594002 2.9061494
-0.3850804 -0.2561784 -0.38728327 -0.6775639 -0.06587716 -0.26990628 -0.30904487 -0.6717941 3.0737536
-0.32094905 -0.32059976 -0.43222424 -0.7896335 -0.21831025 -0.4857069 -0.17751731 -0.43787363 3.0423496
-0.7152079 4.3315625 -0.5715561 -0.6738316 -0.61091024 -0.609116 -0.52767 -0.6876082 0.0
