-0.55631346 3.3629296 0.26698515 -0.2807301 -0.66889006 -0.24025974 -1.3085208 -1.2653105 0.0
-1.249099 -1.7085676 1.3121964 0.19337207 -1.2601495 -1.4740437 -0.8195023 3.7759912 0.0
-0.4595555 -0.35634565 0.21330327 -0.37431607 -0.0013694452 -0.404654 2.654509 -0.7977945 -0.94131356
-0.54528064 -0.94255096 -0.5180444 1.7849323 0.12856665 -0.17258137 0.6129813 -0.5051815 -0.14206007
0.57103777 -0.14901896 -0.20104696 -0.25714105 -0.5894434 -0.39048982 -0.15977836 -1.2113214 2.527729
-1.5396419 -1.49926 1.3106983 1.6632173 -1.1525172 -1.5348824 -0.75622636 2.8388562 0.0
-0.4554541 -0.7374829 -0.39435232 -0.11721247 0.33963618 -0.055273175 0.2186833 0.6995771 0.49570224
-0.16438119 0.27021122 -0.39477095 -0.6626889 -0.61923283 -0.31298494 0.4576457 0.25967798 1.3000528
-0.2251482 -0.2768707 -0.6611028 -0.72681576 0.6453708 0.45224002 -0.26390594 0.69403684 0.43865326
-1.4407145 -0.69764304 1.0994959 2.9005075 -0.26556665 -1.5009751 -0.5425073 0.002715177 0.0
-0.48490527 -0.6178144 -0.75795454 -0.59678507 -0.21638203 -0.061276015 -0.33252597 -0.6015951 3.5044477
-0.5321003 -0.26291773 -0.1661563 -0.5209522 -0.2566401 -0.34961703 -0.8563377 -0.1469151 3.054844
-0.5781042 -0.25675753 -0.7272269 -0.21378471 -0.7295864 -0.29842266 -0.4444998 0.048603863 3.3117034
0.09712663 -0.5433079 0.11477578 1.4154687 -1.2000102 -1.2695103 -0.7285693 2.0662868 0.0
-0.5412189 -0.5266631 -0.8307144 -0.54062176 0.14037837 -0.58703816 -0.08081771 -0.37034735 3.2532516
-0.59518826 -0.5610524 -0.3992315 -0.6647086 -0.30504385 -0.41501585 0.5307739 -0.38024506 2.8122528
-0.5038304 -0.19061247 -0.734231 -0.39625618 -0.42670488 -0.5154545 -0.60516214 -0.38361195 3.7121885
0.4469442 -0.98094016 -0.2705081 0.3030161 0.46052513 -1.1319046 0.288514 1.0292417 0.0
0.23214372 -0.05681928 -0.069039874 -0.88332295 -0.6146476 -0.41946554 -0.045428824 -0.4802547 2.4406233
-0.19730446 -0.15959924 -0.53171414 -0.5883157 -0.022459785 -0.3885822 -0.42988697 -0.79156333 3.0896165
-0.46247563 0.056195606 -0.21754248 -0.83248985 -0.34643027 -0.35751227 -0.70860004 0.039212108 2.859052
0.16762185 1.0431018 0.02390666 -1.4326997 0.67891157 0.2358719 0.09734532 -0.36718088 0.0
