-0.7718991 5.0034466 -0.75184095 -0.56687665 -0.41462186 -0.72777086 -1.240393 -0.38753128 0.0
-1.1238766 -0.82301015 -1.0681216 -0.40340683 -0.89094424 -1.0947309 -1.051699 7.2689915 0.0
-0.7357444 -0.8576372 -0.4622343 -0.98930544 -0.7087599 -0.60272604 5.967446 -0.78272825 -0.38258606
-0.883757 -0.68776286 -0.1065575 5.770108 -0.74910796 -0.3444958 -0.35099268 -0.9001717 -1.013383
-0.28408107 -0.31398702 -0.3289031 -0.7881571 -0.19632638 -0.5968874 -0.46402165 -0.2659168 3.3511636
-0.9590041 -0.8437864 -0.99849916 -0.8771585 -1.2192504 -0.77882934 -0.60467166 6.7362957 0.0
-0.7159724 -0.002125141 -0.35686824 -0.5951228 -0.45979762 -0.2895178 -0.6769363 4.505944 -0.53463596
-0.5326075 -0.3158822 -0.22378851 -0.37926814 -0.12731771 -0.1781362 -0.3233648 -0.67382526 2.8086278
-0.63067925 -0.33255443 -0.4193644 -0.40315825 0.22300437 -0.51248085 -0.19494489 -0.032942083 2.5603876
-1.0981675 -0.69121295 -0.8221379 6.3022966 -0.6948574 -0.88604516 -0.7423869 -0.64045066 0.0
-0.11650305 -0.43934906 -0.5506064 -0.43203357 -0.31757373 0.08443593 -0.18322194 -0.33680028 2.5596955
-0.378251 -0.47468406 -0.293029 -0.3480003 -0.070550695 -0.33466733 -0.07836386 -0.67934126 2.856137
-0.36991686 -0.5926379 -0.29022604 -0.063905984 -0.28776577 -0.5692242 -0.52035683 -0.3462565 3.1416366
-1.2525932 -0.8050721 -1.252076 -0.8314859 -0.7127921 -0.92082226 -0.5314942 6.2661285 0.0
-0.29447412 -0.26227793 -0.23385163 -0.54165256 -0.58525586 -0.23525102 -0.31227317 -0.36959887 2.7861524
-0.36588982 -0.28607866 -0.53171057 -0.3597224 -0.29643643 -0.16003089 -0.23888218 -0.30310518 2.7521996
-0.5569439 -0.3995999 -0.29192019 -0.4761974 -0.18151064 -0.31685787 -0.37729898 -0.45357877 3.0501323
-0.8749848 -0.7862175 4.8078227 -0.3173113 -0.5714002 -0.41976961 -0.71798664 -0.76763654 0.0
-0.15768602 -0.23444268 -0.4081912 -0.46464637 -0.089678876 -0.3039242 -0.55876195 -0.7173792 2.8591602
-0.2097069 0.026312055 -0.3693868 -0.735091 -0.4327079 -0.18003848 -0.23773988 -0.7669991 2.8511598
-0.23339832 -0.29307258 -0.5344415 -0.52552027 -0.3368867 -0.20654576 -0.42729226 -0.382944 3.0141253
-0.9322946 4.60019 -0.7924507 -0.6063174 -0.46703288 -0.6039735 -0.50542283 -0.8160076 0.0
