-0.6414197 4.716751 -0.5984608 -0.6962052 -0.6154013 -0.6156798 -0.59630305 -0.6504616 0.0
-0.915865 -0.84078413 -0.5609185 -0.83485997 -1.1312087 -0.9962393 -1.0958272 6.8581057 0.0
-0.58388466 -0.8798055 -0.7276306 -0.6631199 -0.28788364 -0.6326669 5.540601 -0.9397867 -0.6528195
-0.6228157 -0.5821262 -0.88334686 5.710154 -0.68834186 -0.7990408 -0.6090932 -0.66639227 -0.65618384
-0.15329455 -0.1261757 -0.4774215 -0.6330426 -0.12535176 -0.3801017 -0.80415314 -0.60354555 3.3671463
-0.8363217 -1.1747382 -0.8654444 -1.0112648 -1.1059958 -1.1477696 -0.7430957 6.8744435 0.0
-0.76184267 -0.59566677 -0.5343687 -0.48857343 -0.45865712 -1.0815396 -0.7585309 5.100992 -0.933894
-0.15173464 -0.40544033 -0.34303567 -0.60461795 -0.36871803 -0.4170175 -0.33921233 -0.13229303 2.7691224
-0.251654 -0.39054462 -0.49097088 -0.37521 -0.36250958 -0.38158497 -0.43251613 -0.42175555 3.1472676
-0.8700116 -1.1340299 -0.83390915 6.477103 -1.3283962 -0.7052451 -0.65902925 -0.8673829 0.0
-0.23671529 -0.29571426 -0.40894547 -0.37471157 -0.32112175 -0.42918393 -0.30255625 -0.46646497 2.8725104
-0.18504915 -0.23864673 -0.08899809 -0.63335955 -0.2637417 -0.39508688 -0.6072465 -0.44260663 2.8484163
-0.22157337 -0.27485546 -0.43266103 -0.7134682 -0.44338295 -0.16464393 -0.45213872 -0.4308928 3.272553
-0.7386627 -0.7051049 -0.7862618 -0.4723269 -0.7561983 -0.94609606 -0.7878542 5.537753 0.0
-0.27899244 -0.27693194 -0.3439662 -0.35278177 -0.34640977 -0.30859634 -0.20273626 -0.37117848 2.7659304
-0.108725265 -0.5250901 -0.24961662 -0.5164692 -0.27325696 -0.21472703 -0.36295378 -0.5506386 2.8698926
-0.23952249 -0.5322217 -0.4668952 -0.70722175 0.08841281 -0.24159108 -0.41866615 -0.4715783 2.9991264
-0.6134149 -1.1109987 5.0001755 -0.6563776 -0.34194902 -1.0637356 -0.6830601 -0.52518845 0.0
-0.077365905 -0.087923124 -0.21206224 -0.6125601 -0.18824856 -0.33913764 -0.47373995 -0.58870214 2.7015922
-0.31985682 -0.28052092 -0.29753417 -0.39839706 -0.25653726 -0.15101701 -0.28011742 -0.5845668 2.8425722
-0.28732315 -0.21844086 -0.3457838 -0.6965389 -0.21637428 -0.19128598 -0.1883069 -0.5778034 2.8355675
-0.6030748 4.0916395 -0.5609703 -0.7168329 -0.6203946 -0.39804587 -0.45260447 -0.531453 0.0
