-0.6714739 4.653185 -0.5541747 -0.72594434 -0.5953627 -0.50437194 -0.68508947 -0.58951795 0.0
-0.96716815 -1.2273172 -0.6966794 -0.6002369 -1.237764 -1.4168066 -0.98900825 7.1204076 0.0
-0.46153432 -0.6085403 -0.61724025 -0.8062924 -0.68556833 -0.6358083 5.5632358 -0.93572885 -0.81953746
-0.647086 -0.58817697 -0.7308592 5.9331856 -0.920335 -0.9894203 -0.5584975 -0.77010345 -0.86194474
-0.4232279 -0.16745688 -0.37817216 -0.8444527 -0.08385808 -0.36361033 -0.45110494 -0.29991683 3.3800986
-0.92585987 -1.2812691 -0.4860777 -0.6847197 -1.3032882 -1.0911596 -0.89300746 6.76516 0.0
-0.46491256 -0.6597069 -0.6987477 -0.50967234 -0.5405488 -0.6951374 -0.5752771 4.769503 -0.6561548
-0.5144908 -0.24622795 -0.19494458 -0.39538348 -0.22389637 -0.46322268 -0.09522921 -0.72571534 2.9197516
-0.30705288 -0.5600695 -0.6026992 -0.6105979 -0.4471216 0.09851495 -0.27138844 -0.53339 3.2396755
-1.2659657 -1.0608412 -0.9541073 6.4120164 -0.9403283 -0.8112841 -0.79985327 -0.70537674 0.0
-0.15024382 -0.3406707 -0.42914212 -0.40269455 -0.24673751 -0.3395153 -0.5145506 -0.44974697 2.9754438
-0.23356073 -0.46877715 -0.59905493 -0.5421867 -0.25639132 -0.35566768 -0.33507097 -0.41180903 3.184529
-0.18456541 -0.4882851 -0.3125906 -0.32703725 -0.43159637 -0.28945827 -0.41932458 -0.48416927 3.059764
-0.784056 -0.82227474 -0.5942294 -0.5254014 -0.8446131 -1.0188801 -0.912717 5.5514154 0.0
-0.306132 -0.33373827 -0.468314 -0.35069042 -0.2737851 -0.5294947 -0.35580114 -0.5737011 3.057395
-0.44725358 -0.28717205 -0.158316 -0.3722962 -0.29033238 -0.24090847 -0.2730693 -0.4936481 2.8378255
-0.5398842 -0.54882145 -0.39245024 -0.37718165 -0.15065934 -0.38894475 -0.27370623 -0.30267003 3.0813403
-0.62932825 -0.86123765 4.8660426 -0.7587763 -0.6467557 -0.71135515 -0.7943261 -0.62508774 0.0
-0.07764273 -0.22791678 -0.55006754 -0.5249816 -0.40124735 -0.3850145 -0.52484345 -0.50850624 3.0791695
-0.47909272 -0.35397574 -0.26838487 -0.68056816 -0.19844091 -0.3046209 -0.4837736 -0.5435652 3.2052927
-0.42326072 -0.20486656 -0.3048143 -0.6312784 -0.20718491 -0.37740612 -0.06901469 -0.52525264 2.8893795
-0.7000103 4.3456464 -0.80566263 -0.7694198 -0.37127623 -0.37510422 -0.53854984 -0.834615 0.0
