-0.59209627 4.764417 -0.5760426 -0.67484057 -0.6115318 -0.4919666 -1.007648 -0.9088393 0.0
-1.0824941 -0.90934676 -0.9138592 -0.93055516 -0.97991234 -0.898047 -1.1314943 6.748349 0.0
-0.72425836 -0.56508344 -0.6966621 -0.64944035 -0.7248817 -0.57544816 5.513479 -0.7481114 -0.73914546
-0.7440821 -0.53387535 -0.6120087 5.467784 -0.65117943 -0.7159396 -0.80827856 -0.72575384 -0.7862858
-0.23926534 -0.27251896 -0.47529158 -0.5793671 -0.38941666 -0.3043605 -0.60667104 -0.54945546 3.840432
-0.89547056 -1.2280315 -0.77008224 -0.75325465 -0.8767609 -1.108356 -1.0513512 6.611767 0.0
-0.43879414 -0.5066608 -0.48441425 -0.61617416 -0.5359846 -0.5831189 -0.4758965 4.2505937 -0.44156963
-0.31122908 -0.30587006 -0.47327587 -0.85973686 -0.26310518 -0.31406355 -0.15308294 -0.4807262 3.2978654
-0.40729016 -0.62999964 -0.5676693 -0.57871586 -0.08793804 -0.3853574 -0.48461944 -0.56468546 3.7156339
-0.9587137 -0.8355486 -0.80908746 6.237365 -0.9515059 -1.0155729 -0.96526456 -0.89275706 0.0
-0.5946585 -0.23385692 -0.23201565 -0.48343256 -0.50023764 -0.37247714 -0.3382075 -0.18377112 2.9862914
-0.14879598 -0.34392104 -0.5505816 -0.64254475 -0.3522719 -0.34537974 -0.41755736 -0.34348187 3.2324486
-0.38783965 -0.6067749 -0.36973494 -0.66124046 -0.44051757 -0.3562262 -0.618147 -0.33855802 3.5575721
-0.8583541 -0.7973942 -0.49415848 -0.5493371 -0.8448977 -0.899241 -0.81556565 5.3505335 0.0
-0.37810308 -0.48858646 -0.51108253 -0.5939139 -0.11578335 -0.35909966 -0.3006335 -0.5069852 3.2230225
-0.33035177 -0.23705406 -0.43666404 -0.51843303 -0.4000263 -0.53261584 -0.24200805 -0.63248706 3.2603302
-0.21873342 -0.4645922 -0.4297253 -0.6181708 -0.28741598 -0.2415149 -0.5399796 -0.39628685 3.208978
-0.79400444 -0.7944975 4.7695456 -0.61941785 -0.58922637 -0.9664511 -0.41040725 -0.6817015 0.0
-0.3354183 -0.35091662 -0.44460726 -0.49602285 -0.14739409 -0.40018815 -0.3235303 -0.6327354 3.0664086
-0.22839509 -0.33148703 -0.47640815 -0.5474199 -0.40227798 -0.28608185 -0.43569607 -0.6212987 3.279451
-0.061846055 -0.09195365 -0.69505507 -0.7878926 -0.2928475 -0.10813116 -0.5055907 -0.6958547 3.10927
-0.57821906 4.5290904 -0.55014884 -0.864702 -0.60843647 -0.65526336 -0.55838305 -0.76353574 0.0
