-0.7505274 4.6610065 -0.8176691 -0.273783 -0.61148214 -0.3562448 -0.87921035 -0.35307264 0.0
-1.2721871 -0.9439383 -0.8575719 -0.516093 -0.5808478 -1.0885984 -0.921893 7.2557745 0.0
-0.4104993 -0.7244627 -0.6770189 -0.7635149 -0.6148216 -0.34182522 5.6147017 -0.5580626 -0.7265612
-1.0491507 -0.67485243 -0.3536454 5.733323 -0.7719905 -0.4872832 -0.13406241 -0.5956513 -0.75186336
-0.35951367 -0.34463313 -0.4318347 -0.8220707 -0.44263944 -0.26901817 -0.46471253 -0.5597181 3.5345397
-0.9601498 -0.93385684 -0.913011 -0.5476239 -1.0587292 -1.0865008 -0.85506505 6.9991746 0.0
-1.1348635 -0.44729492 -0.10851748 -0.6947376 -0.52453524 -0.18329188 -0.215757 4.602911 -0.43454462
-0.55009484 -0.5644493 0.10528693 -0.08812456 -0.17802301 -0.37405983 -0.1767575 -0.50815386 2.5041811
-0.58348846 -0.54830015 -0.15670942 -0.49362567 0.06735641 -0.543163 -0.074587405 -0.6063556 2.907763
-0.9533137 -0.6622859 -0.78343016 6.2944837 -0.84194696 -0.73700315 -0.86593664 -0.5805001 0.0
-0.5129038 -0.14688124 -0.4766166 -0.7814413 -0.31207955 -0.2914212 -0.2188463 -0.49199545 2.9508586
-0.42636225 -0.6959351 -0.43400437 0.06202308 -0.26679474 -0.6996108 -0.21554317 -0.6569082 2.9442985
-0.52198213 -0.30970487 -0.5681445 -0.11793056 -0.50444657 -0.28052554 -0.6017226 -0.17324744 3.1190946
-0.94014525 -0.9992206 -0.9410669 -0.45812097 -0.6483278 -0.7479144 -0.56538475 6.045247 0.0
-0.31835824 -0.40835243 -0.23448227 -0.11641259 -0.056793828 -0.34258196 -0.64767265 -0.31913975 2.5698855
-0.68948585 -0.053675182 -0.38027155 -0.5394672 -0.13603273 -0.35813874 -0.41296503 -0.26479387 2.9502926
-0.30494076 -0.5360663 -0.24530546 -0.2785975 -0.20047665 -0.44923308 -0.2511376 -0.39161575 2.7975466
-0.39819753 -0.45907983 4.3421917 0.010410014 -0.68800133 -0.27659056 -0.7672573 -0.64328563 0.0
0.17098895 -0.08256704 -0.32049438 -0.71123546 -0.25775596 -0.068999514 -0.17251857 -0.55530876 2.4682875
-0.345156 -0.19616708 -0.48754066 -0.73788047 -0.3428552 -0.28288338 -0.46634182 -0.750576 3.2279983
-0.1366481 -0.3249101 -0.02993006 -0.508434 -0.3412593 -0.17386371 -0.3733465 -0.20013002 2.4941974
-0.9236986 3.8752518 -0.5230717 -0.25858656 -0.19696702 -0.21466106 -0.4585039 -0.6459553 0.0
