0.40878227 0.8565153 0.27682862 -0.4122036 -0.5575717 0.47466567 -0.6384692 -0.3738793 0.0
0.116405666 -0.64241564 1.0207735 1.0167866 -0.45967847 -1.369816 -0.016588302 1.0219519 0.0
-0.17943403 -0.32206106 -0.07237168 -0.16292702 -0.18558696 -0.20434983 0.42380464 -0.17583917 1.0791446
-0.5652317 -0.039818425 0.062486887 -0.2254482 -0.013317149 -0.12569752 0.7732694 -0.0784234 0.36987242
-0.49005538 0.5288359 -0.10709375 -0.16509254 -0.37979004 -0.10208148 -0.068258636 -0.07491507 0.8830074
-0.7504625 -0.11417918 1.1596007 0.5471643 0.2596207 -0.47989154 -0.09711723 0.18684311 0.0
-0.010259613 0.15220153 -0.048072618 0.116350286 -0.4064037 -0.23150529 0.028546806 -0.5394661 0.88262516
-0.2617596 0.44683656 0.14543991 -0.44228774 0.3012496 -0.3528083 0.25698468 -0.094586894 0.20644014
0.34382448 -0.564833 0.3272402 0.069704644 -0.1846555 0.41706625 -0.15741445 -0.020632401 -0.23305137
-0.43198287 0.50032 0.981845 0.3040319 0.1288394 -0.6510085 -0.025153555 -0.6336074 0.0
-0.20158194 0.6158658 -0.07981615 0.22271514 0.21454352 -0.06016564 -0.12627526 -0.14406791 -0.10214292
0.55177575 -0.38336417 0.34201694 -0.04441221 -0.27759793 -0.5310885 0.05584 0.059749454 0.0072379103
0.26721576 0.07050547 0.109715916 0.103712305 -0.40516028 -0.15222172 -0.114484854 0.30660224 -0.15185525
-0.024897113 0.5706749 0.06750895 0.46243426 -0.27829647 -0.13247149 -0.540956 0.28966185 0.0
-0.0006483491 0.094633736 -0.03280418 -0.0980519 0.3748696 0.13374406 -0.1746314 -0.014728575 -0.05203507
-0.05721198 0.1329937 -0.096673265 -0.118815884 -0.14228982 0.5331269 -0.16786605 -0.12396694 0.16224584
-0.20915946 0.37372863 0.07192964 0.12246582 -0.20399033 0.041536674 0.43188417 -0.7343057 0.11238463
-0.02460462 0.058659863 0.0014056312 0.36480397 0.46550733 -0.051656544 -0.19606307 -0.459603 0.0
-0.076841764 0.12072017 0.13087052 -0.04225363 -0.32790807 0.5094842 0.14360857 -0.2759068 0.07133846
0.18090132 0.4711476 -0.3092603 -0.52437454 0.5209785 0.27551726 -0.28254336 -0.68668133 0.29675055
-0.0586943 -0.34949723 0.40246958 -0.36865702 -0.16119416 0.7701848 -0.10171825 -0.47227776 0.35635024
1.3487954 -0.22176874 0.082565926 0.046662714 -0.39203238 -0.22481267 -0.3441263 -0.2494326 0.0
