-0.46538088 4.754466 -0.6492658 -0.84779793 -0.5827179 -0.7245834 -0.73685247 -0.5049121 0.0
-1.1757431 -0.98412496 -0.40776736 -0.8144968 -0.9907372 -1.1682166 -1.2676393 7.334941 0.0
-0.761161 -0.55774516 -0.70049673 -0.79242545 -0.8363697 -0.848187 5.942951 -1.0249298 -0.48066542
-0.9711938 -0.5103749 -0.39661703 5.992563 -0.82141614 -0.54056937 -0.59452885 -0.54362935 -1.1649978
-0.38528094 -0.114075445 -0.40062103 -0.6036009 -0.043377064 -0.26576114 -0.56373507 -0.5111791 3.205981
-0.7279783 -0.907813 -0.83049303 -0.7802844 -1.2660046 -0.8588006 -0.5799181 6.5637584 0.0
-1.0371866 -0.73085076 -0.46871156 -0.37258613 -0.38974202 -0.52818143 -0.7358771 4.9626136 -0.5710962
-0.4140763 -0.3152693 -0.50980663 -0.5207462 -0.2516292 -0.23095103 -0.33377305 -0.34734362 2.866622
-0.41675448 -0.3203008 -0.18677709 -0.2812026 -0.10278313 -0.6405667 -0.18348779 -0.38549912 2.6954348
-0.97129697 -0.8408474 -0.91710865 6.628223 -1.1573069 -0.7474424 -1.1472622 -0.6605305 0.0
-0.13473107 -0.530078 -0.46262208 -0.5388652 -0.29978964 -0.35109496 -0.23963581 -0.4287822 3.00879
-0.5290852 -0.13449769 -0.12824719 -0.35434294 -0.12916608 -0.36177188 -0.4264574 -0.6691979 2.867614
-0.3587154 -0.53022987 -0.21326755 -0.52587324 -0.3743178 -0.34812817 -0.417183 -0.4831646 3.1709523
-0.77724016 -0.6173886 -1.0044063 -0.86978805 -0.61768734 -1.0823753 -0.4076759 5.7037487 0.0
-0.2931828 -0.41881755 -0.47903106 -0.39063895 -0.06676909 -0.2912799 -0.3096803 -0.55460775 2.7807324
-0.35227495 -0.44824764 -0.7118163 -0.4678388 -0.29148433 -0.35749653 -0.29288745 -0.56023365 3.3069813
-0.3756129 -0.6108018 -0.50412995 -0.515145 -0.2513421 -0.17840192 -0.5897485 -0.3712726 3.1881812
-0.6426615 -0.6813876 4.7715673 -0.66137135 -0.531805 -0.6621846 -0.79838234 -0.5905056 0.0
-0.3434985 -0.37759033 -0.092022076 -0.52228254 -0.16778205 -0.19432563 -0.32435128 -0.6903856 2.793116
-0.35508773 -0.2467091 -0.33339074 -0.42723134 -0.24768479 -0.40428638 -0.43141073 -0.4665985 2.9314797
-0.22154273 -0.21887387 -0.5320532 -0.6013025 -0.06832742 -0.17731604 -0.33302525 -0.45429605 2.863469
-0.75349283 4.464445 -0.79919404 -0.5539038 -0.4635637 -0.75992453 -0.6354343 -0.5377751 0.0
