-0.64662117 4.6859136 -0.6609106 -0.52584577 -0.6436991 -0.57165474 -0.57917416 -0.67576635 0.0
-0.9671028 -0.8607157 -0.62961006 -0.85949695 -1.1791072 -1.0270557 -1.1138581 6.9492974 0.0
-0.6624783 -0.88882005 -0.72404885 -0.4832803 -0.42346892 -0.5710163 5.5464463 -0.9958973 -0.6720981
-0.5592059 -0.66321146 -0.9064279 5.6697783 -0.707025 -0.8514841 -0.58789605 -0.5076441 -0.62255335
-0.19307777 -0.11723473 -0.43653524 -0.5449775 -0.06902291 -0.2834596 -0.602098 -0.7649525 3.2579892
-0.8533216 -1.2218853 -0.906823 -1.0790226 -1.1539474 -1.1638813 -0.7814621 6.9755387 0.0
-0.54419094 -0.5478548 -0.5273909 -0.4436995 -0.49775884 -0.8929756 -0.76622665 4.925611 -0.96315575
-0.14333504 -0.40267426 -0.3524741 -0.66173583 -0.36604807 -0.51412857 -0.3237212 0.04724243 2.7318554
-0.36769718 -0.43420783 -0.46410513 -0.47162718 -0.44688368 -0.3187018 -0.47693565 -0.30246386 3.2391012
-0.79419 -1.0006717 -0.85499775 6.2677197 -1.0772128 -0.87199384 -0.70248187 -0.6308202 0.0
-0.201688 -0.3466737 -0.4637236 -0.35445285 -0.3082351 -0.3170068 -0.32401603 -0.42220187 2.8433583
-0.06315185 -0.34388041 -0.10187644 -0.52373534 -0.2459548 -0.43613875 -0.70049995 -0.5213937 2.8828504
-0.17050058 -0.32928175 -0.34724662 -0.6800604 -0.47653228 -0.22212972 -0.5073561 -0.44867906 3.2835577
-0.7629191 -0.74802023 -0.94033694 -0.55636615 -0.8012683 -0.974521 -0.71601504 5.6681046 0.0
-0.3993247 -0.29714707 -0.37262544 -0.38604695 -0.3668074 -0.36495078 -0.19264196 -0.24738356 2.8470585
-0.23615368 -0.46603367 -0.2323524 -0.4848894 -0.13385576 -0.22830899 -0.36051434 -0.5050678 2.8170118
-0.2760555 -0.51089907 -0.49037808 -0.6692392 0.043101624 -0.25387844 -0.4493397 -0.43591467 3.0144255
-0.67642397 -1.1354821 5.0141997 -0.6861577 -0.24785742 -1.0570102 -0.6624721 -0.5939999 0.0
-0.12296344 -0.23055422 -0.31470934 -0.5400636 -0.21220706 -0.27749464 -0.3209443 -0.55530894 2.7398818
-0.21858114 -0.2652341 -0.30545452 -0.51059777 -0.19988154 -0.19169053 -0.34835243 -0.67134833 2.9399817
-0.25361302 -0.16882524 -0.3815592 -0.7406552 -0.25446904 -0.29908773 -0.24132678 -0.48101765 2.8907764
-0.766325 4.0988812 -0.51808906 -0.63712543 -0.5993253 -0.39470634 -0.41721117 -0.5329056 0.0
