-0.80343926 0.23020653 0.09093853 1.0533929 -0.67124826 0.9401212 0.22447428 -0.9411153 0.0
-0.36865118 -0.3283724 0.20739539 1.1083494 -0.13267376 -0.70796645 0.032916006 0.6069375 0.0
0.4708186 -0.7182091 -0.45882154 0.7993967 -0.13547955 -0.38282833 0.4107183 0.04278525 0.049927007
-0.026192814 -1.3946828 0.7129783 0.5666713 0.7608101 0.43507797 -0.04859946 0.23062184 -1.2767192
0.31827506 -0.25312442 0.22543176 0.25011393 0.15349916 0.2142022 0.32482302 -0.49577594 -0.6342032
-0.5694625 -0.9228927 0.10518715 0.6939995 -0.53614104 -0.32301694 0.1975914 1.1933671 0.0
0.2847264 0.48735806 0.16088834 0.28444272 0.84956855 -0.85475856 -0.36551905 0.44095072 -1.2216114
0.1208748 0.023838643 0.5631301 -0.07141709 -0.15364404 -0.7753554 0.07721354 0.47676522 -0.16741008
-0.4827203 -0.015509229 -0.40057197 0.33671537 -0.55179334 -0.30194476 0.73860645 0.4946211 0.21175551
1.0774916 -0.8697885 0.23732921 0.073706575 -0.35997748 -1.0918726 0.52416295 0.41998854 0.0
-0.24120547 -0.44152412 0.23565826 -0.14363045 0.490494 -0.10481092 0.47485623 0.008581204 -0.1453685
-0.34405228 -0.36415207 0.37213036 1.0274369 -0.5800543 -0.340717 -0.0842852 0.13240781 0.13997652
0.37794083 0.14834414 -0.14954545 0.23404258 -0.2527541 -0.5946743 0.3126329 0.05741142 -0.07725589
0.4461322 0.07887149 -0.6282347 1.0067415 0.05943707 -0.58723557 -0.13104604 -0.31600362 0.0
-0.17739016 -0.31921402 0.3290762 -0.04966959 0.04386757 -0.11485721 0.4814283 -0.2191996 0.021906665
-0.006547298 -0.25226602 0.22822143 -0.16536784 -0.16536014 -0.027208112 0.23664549 0.124054015 -0.015120178
-0.11665201 -0.07022411 0.11321443 0.11120061 0.12428078 -0.2100221 0.034971774 0.0038525097 0.031733517
0.18948348 -0.3240324 0.42716333 0.4204157 0.3146585 -0.45708433 0.14918678 -0.5764129 0.0
-0.09562405 -0.049602367 0.29649764 0.05657334 -0.014029279 0.08887975 -0.30767256 0.048191927 -0.0034520328
0.36341885 0.018690173 0.044865027 0.05439464 -0.10840876 0.12505174 -0.31087068 -0.3869287 0.22722724
0.2591771 -0.04109217 -0.04462683 -0.61164737 0.20441082 0.074214265 -0.1876192 0.011382259 0.39646447
0.5744196 -0.53933847 0.17129192 0.05656708 0.40098745 0.21556383 -0.40344796 -0.31049812 0.0
