-0.31863582 -0.059461463 -0.30263406 -0.40288913 -0.26635963 -0.0142412735 1.4700538 0.17055604 0.0
1.4877307 -0.14402221 -0.3263676 -0.16862844 0.32072955 0.4861177 -0.40637437 -0.5463079 0.0
0.5076133 -0.22910994 0.014920227 0.4612821 -0.7088604 -0.0030757075 -0.18674456 -0.005036638 0.4515331
0.2662732 -0.5597674 0.72475094 -0.30601764 0.22744422 -0.19277073 0.37428573 -0.38552424 -0.07393688
-0.40896145 -0.5135757 0.0819355 -0.10382782 0.9292368 0.89302284 0.03982575 -0.39162403 -0.13504389
-0.35870945 -0.20530559 0.23315993 0.3301882 -0.12691389 0.004952328 0.24693276 0.5786849 0.0
0.09025296 -0.009610859 0.2268256 0.27569655 0.067353 -0.236464 -0.19134916 0.084811285 -0.030017234
-0.107552364 -0.12355062 0.00010666276 0.054038618 0.05316845 -0.21746995 0.38776284 -0.17577456 0.15777233
-0.18532598 0.19518201 -0.23189528 0.26205555 0.18111031 0.067574985 -0.105247796 -0.16531679 0.18443018
0.48418227 -0.22445698 -0.24979942 0.2552238 -0.3418813 -0.19887142 0.46716484 0.07234047 0.0
0.12136929 -0.116867386 -0.04410434 0.018861564 -0.1651786 0.14788592 -0.09034824 -0.12559132 0.2694502
-0.082262576 -0.006307327 0.054586593 0.05889971 -0.0361624 -0.16126901 -0.067990914 -0.09480633 0.36212122
0.047158107 -0.32078555 -0.26378393 0.01976297 -0.04704006 0.19850083 -0.11955444 -0.045434058 0.45174485
0.108823396 0.010844906 -0.12946054 0.6668666 -0.011724383 -0.1734392 -0.20368811 -0.15590492 0.0
0.19117191 -0.083637595 -0.17593151 -0.07905403 0.02976224 0.06598985 -0.06761702 -0.19800459 0.34539467
-0.14270136 0.0016684793 0.038758133 -0.17352065 -0.058378026 0.07124356 0.06395215 -0.08430061 0.30253613
-0.08188277 0.14907007 0.05498556 -0.07733665 -0.08609555 -0.2210555 0.036537606 -0.11087789 0.3391121
0.20956023 0.4568109 0.2515985 0.18803526 -0.056861658 -0.45385253 -0.06905333 -0.44529864 0.0
0.05923612 0.22837833 0.08080893 -0.23443393 0.101694494 0.10228549 -0.062193573 -0.49979177 0.22028503
0.16853262 0.13527966 -0.18271959 -0.24689122 0.0020989215 0.20248829 -0.124930486 -0.27674413 0.35762838
0.1919361 0.22488609 0.1917856 -0.28459018 0.13254824 -0.003260112 -0.15606256 -0.46057272 0.19922855
1.7526153 0.044696826 -0.025179785 -0.07697205 -0.122456364 -0.61332965 -0.36737612 -0.65632445 0.0
