-0.716971 -0.35872474 -0.35917956 0.61180896 -0.2802413 0.5909085 1.3263545 -0.6493265 0.0
0.7817077 -0.30463776 -0.29821077 0.6917496 -0.06591779 -0.5201833 0.16745359 -0.0053970655 0.0
1.0152062 -1.1635135 -0.3580401 -0.060385127 -0.30686596 -0.37140468 0.45874703 0.10043622 0.8614936
0.55743265 -1.1882594 0.158404 -0.19572414 0.86905473 0.1932735 0.4183289 -0.24413972 -0.580324
-0.95257634 -0.058251455 -0.08511806 0.02373606 0.95204765 0.9191335 0.60647964 -0.22111149 -1.0422193
-0.6382257 -0.35792893 0.39322138 0.043564264 -0.53723615 0.09232583 -0.07417243 1.0988282 0.0
0.1521599 -0.35708913 0.07151196 -0.12704806 0.48789683 -0.09068955 0.22267883 0.6199686 -0.9309759
0.468252 -0.15003344 -0.79767174 0.048943304 0.42292354 -0.019270252 0.16353069 -0.1242395 -0.09101426
0.18791912 0.050605472 -0.1350636 0.17502367 -0.04069727 -0.5656795 -0.20015356 0.59805036 -0.1510853
0.7890418 -0.4267643 0.09512863 -0.1458069 -0.19558312 -0.63246983 0.22608458 0.30983216 0.0
-0.1220439 -0.086788565 0.0111037055 0.24190363 0.12485708 0.23417778 -0.2905794 -0.023763806 -0.07937066
-0.050143413 -0.43688327 -0.12183359 0.48533633 -0.18497582 0.06094801 -0.11143262 0.1669287 0.20540385
-0.2087807 -0.1823837 -0.22422008 0.2447165 -0.12353328 0.105113484 -0.118167624 0.579147 -0.07571815
0.30005258 0.040796265 -0.23986174 0.63495296 -0.26159462 -0.10644054 -0.14233537 -0.13726458 0.0
0.4600709 0.10844189 0.2575128 -0.14518324 0.31681436 -0.21336153 -0.3624269 -0.31735662 -0.081552334
0.051490817 -0.19363977 -0.15113166 -0.053924777 -0.3071582 0.33433554 0.36981022 -0.054610077 0.051304325
-0.2696015 0.1041252 -0.06416908 0.27593878 0.22327714 -0.16761802 0.62251496 -0.19929808 -0.45041078
0.2990051 0.1904436 0.8525836 0.1992585 0.29524386 -0.8213325 -0.6095789 -0.4513234 0.0
0.65495616 -0.0146302385 -0.32103726 -0.38601598 0.23108599 0.22866423 -0.101946585 -0.39700842 0.12604563
0.19002318 -0.2777135 -0.061371617 -0.10675654 -0.114075854 0.2306294 -0.056426793 -0.25626203 0.4640915
0.615115 -0.19482413 0.36968294 -0.24103808 0.3530546 -0.2379508 -0.4076919 -0.6999764 0.40260556
1.700425 -0.058045365 0.64326495 -0.62231475 0.1570972 -0.36826962 -0.60835403 -0.776111 0.0
