0.8864186 0.40988794 0.3435221 0.33202165 0.16036269 0.2601047 1.1932911 0.12080353 0.0
1.0669622 0.27298436 0.2722947 0.35546574 1.315658 1.4419909 0.18957873 0.5353475 0.0
0.47439376 0.06755708 0.93459225 0.6202038 0.2863299 0.08960275 0.21358196 -0.04505871 0.17340313
0.6740937 0.023076748 0.8757184 0.25433698 0.08616888 0.34078476 0.23714902 0.13704707 0.09421447
0.071134046 0.17611715 0.31356242 0.1891092 0.7268853 1.1332275 0.012713085 0.7025149 0.16139613
0.0028975657 0.9022235 0.631166 0.9123147 0.6857801 0.69427794 0.71751195 0.5294798 0.0
0.037922226 0.59596896 0.85758126 0.09210369 0.16318668 -0.020934902 0.4711257 0.1944334 0.14003348
0.06906579 -0.05943797 0.652018 0.3513778 0.86929977 0.060894597 0.3919198 0.23643585 0.042009834
0.6400556 0.05026993 -0.03595513 0.55431664 0.372627 0.34041202 0.04072056 0.32776254 0.10305936
0.6834107 0.6405596 0.5620517 0.458656 0.22867087 0.1878304 0.578798 0.18924204 0.0
0.73979956 0.31079066 0.36404335 0.35957062 0.019021727 0.15300862 -0.052088913 -0.056082617 0.20585185
0.33241692 0.49450335 0.38471398 0.087213896 0.27642694 -0.023492701 0.08956709 0.424291 0.059079714
0.17380235 0.039934557 0.43533373 0.4716046 0.357879 0.24884506 0.07180637 0.05024703 0.23560932
0.53834593 0.74084795 0.35978726 0.5863935 0.17087805 0.6177227 0.22548464 0.20076269 0.0
0.07629103 0.29686484 0.28455442 0.3616271 0.12358511 0.18294105 0.50222975 0.034840763 0.17702584
0.30217603 0.33498242 -0.064512074 0.18584529 0.21647792 0.5463095 -0.04772387 0.40726167 0.17013447
0.5850589 0.5755992 -0.0433063 0.13617879 0.1948909 0.27312377 0.31296787 0.030149816 0.31508347
0.5917809 0.42397794 0.4824484 0.33255443 0.28049755 0.34192246 0.49071264 0.38247696 0.0
0.19870596 0.34866238 0.33576477 0.050457235 0.2185009 0.19666722 0.18437663 0.18415383 0.20391947
0.44582722 0.4684934 0.02876634 0.24398142 0.20022129 0.3132262 0.08301024 -0.008131406 0.32907468
0.04726964 0.110406674 0.37671497 0.17617409 0.16221583 0.50383043 0.36863783 0.099856265 0.21265538
1.1232756 0.5669651 0.27109632 0.13064405 0.416309 0.13088325 0.20959124 0.09462564 0.0
