-0.24718837 0.02834659 0.18869534 1.4388268 -0.58399147 -0.039353475 -0.11048534 -0.64535224 0.0
-0.40913492 -0.98759097 0.331446 1.8289275 -0.7665029 -1.4562454 0.24853846 1.2024479 0.0
0.2307422 -0.3530569 0.281584 1.2621571 -0.24031045 -0.82140046 0.35148105 -0.41049737 -0.5101955
-0.22860727 -0.6201743 0.15692942 0.7596373 0.27707407 0.01995698 0.22925504 0.367702 -0.9535691
-0.12516741 -0.09145453 0.48159334 0.25170362 0.010930823 -0.048402235 0.17959578 -0.16343975 -0.41039014
-0.994392 -0.8913287 0.09752044 1.2618806 -0.8602166 -1.1090027 0.051505174 2.307373 0.0
-0.38223845 -0.058305066 0.49206826 0.22358516 0.14148517 -0.17202704 0.06626721 0.14609137 -0.5360097
-0.23686107 -0.30110702 0.02873632 0.93102574 -3.31894e-05 -0.28820693 0.023941958 -0.04612124 -0.21786903
-0.37739998 -0.37478587 0.15915559 0.45408723 -0.152617 -0.6830156 0.48226294 0.36610934 0.10075404
0.21200657 -1.2018645 0.6331152 1.1569763 -0.8281943 -0.8540301 0.3048655 0.42274073 0.0
-0.040362965 0.14786798 -0.012854673 -0.05515782 -0.09515764 0.18608381 -0.054375798 -0.11128817 0.03882292
-0.09536616 0.15739499 -0.19668423 0.22089145 0.19343922 -0.27849284 0.0225188 0.121757366 -0.14087623
-0.008457193 0.34030133 -0.14095996 0.47581297 -0.02068912 -0.1760248 -0.34276542 -0.11136074 -0.049294736
0.5935425 -0.5787947 -0.19640894 1.1934927 -0.08821634 -0.8983588 0.0038659968 -0.102141894 0.0
-0.073579945 0.08077193 0.22175038 0.7335048 0.040402673 -0.3510702 -0.09874531 -0.54416 -0.111401655
0.018130675 -0.12116145 -0.079010114 -0.12945692 0.22705421 0.008942249 0.33231255 -0.23231214 -0.023501886
-0.042043325 -0.09262696 0.27442876 -0.05883628 0.39415646 -0.30583388 0.26961276 -0.35888863 -0.11576619
0.24525736 -0.10707395 0.3803237 1.0110295 -0.15359762 -0.54428524 -0.43383935 -0.3063885 0.0
0.12810053 -0.17823099 -0.040036406 -0.14057183 0.24458155 -0.16963285 0.01190723 -0.10888162 0.26828873
-0.028567666 -0.21538283 -0.05695169 -0.14094697 -0.013296299 0.5605719 -0.11300418 -0.18057 0.23862883
0.09315389 0.064173974 0.115843154 -0.2268109 0.5082317 -0.13970275 -0.32432446 -0.32135645 0.23100682
0.87103987 -0.28764918 0.45046285 -0.13691832 -0.041639216 -0.24475063 -0.24262154 -0.35163218 0.0
