1.1096498 0.39432326 0.19931625 0.327376 -0.007892254 0.09541609 1.2357521 0.081092246 0.0
1.0326576 0.40313318 0.27789584 0.30663756 1.3008997 1.3390892 0.10962459 0.47131726 0.0
0.7031857 0.10985589 0.8681 0.57091033 0.24289307 0.009008057 0.11579297 -0.21709806 0.13435306
0.8933527 -0.20085278 1.0504073 0.14901225 0.012967579 0.29790995 0.18766525 0.09876003 -0.12708952
-0.099335134 0.062710404 0.2587456 0.07852244 0.9415943 1.3736172 -0.11724031 0.5807001 -0.02670812
-0.09751361 1.0139438 0.7717693 0.7954438 0.726107 0.556455 0.7471269 0.45032623 0.0
-0.123107396 0.7551211 0.97741365 0.033482052 0.061780363 -0.14854604 0.53211147 0.05999435 -0.052926574
-0.06632358 -0.26337907 0.72748363 0.4779535 1.0464796 -0.06643763 0.35276148 0.20979396 -0.14691071
0.6734743 -0.013943636 -0.1870482 0.6976392 0.42092612 0.5229913 -0.16493423 0.30040312 -0.06896519
0.6906311 0.5648538 0.46696797 0.55419594 0.107551664 0.0911648 0.64839435 0.19423357 0.0
0.836236 0.20054242 0.47910756 0.39864236 -0.04737369 0.18963093 -0.20361422 -0.1842078 0.06284488
0.2902641 0.6384967 0.43659177 0.00880841 0.32366493 -0.15486786 -0.02632985 0.35461473 -0.097263426
0.07524858 -0.057119325 0.411763 0.543888 0.3298502 0.24490422 0.033563193 -0.021061799 0.14713883
0.55537224 0.7566158 0.27849403 0.51672196 0.073495656 0.5459636 0.20500207 0.19218527 0.0
0.05430975 0.2579529 0.20115122 0.39588463 -0.023687348 0.13964488 0.5602635 -0.011976179 0.060259808
0.24233022 0.3693254 -0.20223403 0.2235888 0.07147676 0.66851664 -0.16344678 0.51339924 -0.01609406
0.6641251 0.6991355 -0.15229954 0.090122856 0.04486502 0.27524126 0.2522093 0.020928418 0.1240778
0.5652184 0.37664735 0.55781746 0.41763872 0.16110122 0.23515521 0.40182772 0.21117914 0.0
0.13841999 0.39118662 0.37778562 0.013484552 0.16769063 0.14673708 0.0899962 0.16121021 0.03667146
0.44850156 0.4664635 -0.041816738 0.27854714 0.16037573 0.23094958 -0.03051975 -0.067788206 0.22515903
0.015626037 0.016302759 0.3657384 0.15905951 0.08406671 0.51682156 0.36540076 0.030651223 0.10178999
1.2492695 0.54986966 0.2685698 0.046494145 0.3346888 0.010139304 0.13087481 -0.013445744 0.0
