-0.20193946 0.26244307 -0.030247057 1.677702 -0.6300943 -0.2556513 -0.17395759 -0.6411449 0.0
-0.18352933 -1.143504 0.29387105 1.7280406 -0.7840997 -1.6626337 0.3241549 1.3343415 0.0
0.24599147 -0.53236663 -0.028406002 1.0711725 0.122333094 -0.9754945 1.0332866 -0.22145566 -0.7481366
-0.18150458 -0.5808499 0.7730391 1.0505679 0.061950497 -0.11383194 0.27387363 -0.061018527 -1.2761699
-0.59227705 0.15268764 0.6476786 0.2509077 0.009735708 -0.03979758 0.41613755 -0.0821216 -0.7140264
-1.3249878 -1.1889554 0.12320329 1.5420755 -0.75184757 -1.4158398 -0.0078112325 2.5511062 0.0
-0.23506601 0.09659223 0.31501314 0.43933702 -0.19760796 0.017273594 -0.08423808 0.42408505 -0.7708659
-0.045948844 -0.2275789 0.15168405 0.61441344 -0.20132187 -0.35594338 0.20782113 -0.2087027 0.060443256
-0.12684369 -0.7751953 -0.12051639 0.98070616 -0.26647905 -0.5495958 0.47458315 0.43457443 -0.07748339
-0.024178874 -1.2651842 0.8269144 1.1731994 -0.90671015 -1.0803303 0.46026486 0.6663481 0.0
-0.20111814 0.07229406 0.18262625 -0.14618057 0.13851891 0.10562105 0.06259025 -0.026672943 -0.11182363
0.029687127 0.17491175 0.3324681 -0.0867366 0.49466053 -0.18478952 -0.19232626 -0.19704562 -0.25886267
-0.027640881 -0.1384737 0.25585228 0.021594565 -0.064062215 -0.1289686 -0.0065042297 0.21583807 -0.14193805
-0.10131445 -0.49134913 -0.20931526 1.4678632 -0.25671715 -0.72858715 0.19838992 0.0797311 0.0
-0.16785501 0.08735639 0.09831883 -0.042752095 -0.00894782 0.39323494 -0.2753833 -0.07637516 0.00037872608
-0.23920956 -0.017383285 -0.54708844 0.29742274 0.28710225 0.21448383 0.010402523 0.08392792 -0.15822491
0.033297546 -0.2017787 0.23218152 0.011380066 0.15751594 -0.2859047 0.12357563 0.12801272 -0.18865532
0.65089375 -0.28566498 0.3695804 0.908547 -0.2887337 -0.7560591 0.05928171 -0.6633055 0.0
-0.17230321 0.029687554 -0.14278631 0.04453664 0.45943275 -0.33327752 0.25628856 -0.43198594 0.2527272
0.42595726 -0.2241179 -0.12846245 -0.15187214 -0.17037627 0.38232443 -0.17022923 -0.1319687 0.13902958
0.3188961 0.35185474 -0.07809147 -0.19767612 0.19540495 -0.0033236225 -0.27219763 -0.39805698 0.115078904
0.949915 0.065792546 0.49279007 -0.0901499 -0.39652425 0.020742448 -0.25505826 -0.9498802 0.0
