-1.1312658 0.37628338 -0.24402608 1.0641158 -0.7849182 1.1714687 0.16751742 -0.5424214 0.0
-0.1364158 -0.4238465 0.10824672 1.2169697 -0.21317871 -0.6090288 -0.05398963 0.5908111 0.0
0.75695205 -1.0196117 -0.6224962 0.714157 0.024693161 0.113382705 0.16316533 0.20598124 -0.16033047
0.23754041 -1.2019943 -0.0655396 0.1618323 1.1199057 0.53510827 0.27708092 0.27734357 -1.301677
-0.069626495 -0.31457835 -0.11523599 0.2410164 0.20342274 0.36239737 0.79565316 0.11722185 -1.1322682
-0.78866196 -0.689359 0.10571831 0.7079126 -0.52974105 -0.29064965 0.23938385 1.0522544 0.0
0.3132752 0.4939276 0.41498926 0.13957646 0.60271555 -0.8199794 -0.65479296 0.80695575 -1.4977719
-0.06794738 -0.3197286 0.49320233 0.2432092 0.01336016 -0.77051586 0.4446587 0.3260406 -0.4301879
-0.5132402 0.05435019 -0.37659246 0.3946241 -0.6236959 -0.40294078 0.5633041 0.4247057 0.42810977
1.1156373 -0.65075827 0.067220196 -0.049244765 -0.4810268 -0.9527404 0.74026424 0.20829912 0.0
-0.014282104 -0.49201217 -0.12432148 0.83502126 0.23349649 -0.111878075 0.004501528 -0.54159606 0.10005349
-0.2544416 -0.12495758 0.11063318 0.42736045 -0.5455051 -0.30731678 -0.22745918 0.44773027 0.40286595
0.49232036 0.2561437 0.15703294 -0.14669615 -0.29947367 -0.88935614 0.03319288 0.18625984 0.20722342
0.16404504 0.28565723 -0.33792102 0.58192813 -0.07895644 -0.63472 0.45696196 -0.20179798 0.0
0.30388954 -0.13502163 0.18785605 -0.5786761 0.07454952 -0.29557127 0.26520357 -0.25577495 0.5066872
-0.18609013 0.16947061 -0.17432602 0.030280044 -0.23764294 0.3539577 0.30508962 -0.42201954 0.18905671
0.026680298 -0.27044556 0.082812384 0.0434023 0.0386856 -0.04618321 -0.12042839 -0.025221292 0.24965514
0.46867788 -0.27982146 0.13240078 0.44501048 0.8080585 -0.62933135 0.015845634 -0.92258185 0.0
0.37078774 -0.5109293 0.60953754 -0.57101536 0.23602422 -0.24252674 -0.14570306 0.107755005 0.16492511
0.18369445 -0.20322333 0.2464053 0.2837801 -0.46969947 -0.05037907 -0.33589002 -0.074658655 0.3353104
0.2426753 0.24006999 -0.30745667 0.4157565 0.05895783 -0.20086776 -0.5886692 -0.27822402 0.57740164
0.40472248 -0.009881407 -0.06500141 -0.10600102 0.8401243 0.37813142 -0.25853324 -0.95608664 0.0
