-0.39507172 -0.041091554 0.15135549 1.5156124 -0.52492374 -0.07323611 -0.03189386 -0.6787382 0.0
-0.47960773 -0.9210364 0.13386434 1.8659381 -0.57212657 -1.4989717 0.15816745 1.2988564 0.0
0.51501966 -0.20246106 0.17494793 0.37333915 -0.1580618 -0.7537469 0.47542238 -0.28229764 -0.12959233
-0.28288153 -0.5283656 0.4792255 0.6105247 0.3653206 -0.17110044 0.4314098 0.19951347 -1.0801175
-0.2954646 -0.22783498 0.0474477 0.56812906 0.2655462 -0.06184543 0.37941816 -0.14126846 -0.58052367
-1.0412016 -0.8442485 0.03259401 1.3250859 -0.73574966 -1.1437175 0.08821827 2.1429272 0.0
-0.108658426 -0.113979846 0.007521879 0.33889937 0.17911555 0.107496865 -0.013655527 0.2714779 -0.6683585
-0.13965745 -0.23083344 -0.079062894 0.5628012 -0.36647767 0.011967845 0.12606674 0.12230514 0.12164552
-0.46908563 -0.7435763 -0.1075153 0.98894894 0.03916955 -0.23185572 0.023440054 0.24767761 0.2038356
0.066153795 -0.96457887 0.51218593 0.95614827 -0.69712716 -0.7296231 0.35429254 0.56604004 0.0
0.06457798 0.1865932 0.01702904 -0.07387624 0.41331926 -0.24258384 0.07907627 -0.32924896 -0.048118588
-0.16879313 0.1651589 0.17392455 0.15740743 0.06684361 -0.293108 -0.10712777 0.057501692 -0.043431915
0.19895267 -0.00974778 0.035832956 0.046963103 0.14883256 -0.034223273 -0.1619543 -0.21977803 -0.027678011
0.22465737 -0.5639309 0.18169944 1.1012224 -0.3057662 -0.72305745 -0.099436 0.08052274 0.0
-0.18081914 0.13695407 -0.24272098 0.3432267 0.19022375 -0.03772952 -0.10442775 -0.1504904 0.21622752
0.14317335 -0.035412714 -0.14414233 -0.10388593 0.2170646 -0.15903781 -0.057566375 -0.0021072386 0.15781303
0.16802834 -0.17021844 -0.15037371 -0.031243395 0.31889597 -0.007570598 -0.08216189 -0.0764752 0.085324764
0.472329 -0.32422733 0.41028023 1.055082 0.014629793 -0.6475162 -0.45389342 -0.38719386 0.0
-0.0051586307 0.16382135 -0.0630164 -0.43673673 -0.01844196 0.08973954 0.2809011 -0.36452726 0.4170381
0.3138308 -0.022142457 -0.08765484 0.026491754 -0.0037927125 0.019598128 -0.24210195 -0.26592398 0.2924287
-0.005058488 0.16253014 -0.07372876 -0.21511874 0.16119869 0.07883457 -0.29081225 -0.18099469 0.36799645
0.5900986 -0.33151227 0.90516645 -0.69933385 0.25036523 -0.24603234 -0.053029485 -0.4820679 0.0
