-0.89802176 -0.20166504 -0.41792655 0.8911842 -0.5425545 0.94392467 0.5947427 -0.19847581 0.0
0.24745347 -0.3700187 -0.35368365 1.0202252 0.054259166 -0.504846 0.43483078 -0.0654513 0.0
0.9801312 -1.4171293 -0.2616385 0.31366992 -0.27243814 -0.17841002 0.20965841 0.03731365 0.3752092
0.36857226 -1.3255637 0.20925221 -0.045323297 1.277939 -0.0031021729 0.12707914 0.1947949 -0.871139
-0.19379102 0.20178992 0.35940066 -0.7404001 0.44761276 0.7451353 0.8761054 -0.7500913 -0.79785997
-0.28074625 -0.24779296 -0.12215379 0.082773045 -0.15361801 -0.035559736 0.017523693 0.94411933 0.0
-0.038564555 0.19901921 -0.3529171 1.0636815 0.7902281 -0.51551586 -0.36611307 0.59807426 -1.4695346
0.8959236 -0.29012334 -0.3112947 -0.49861848 0.8021678 -0.80577326 0.25440997 -0.08676423 -0.068278156
-0.5257959 -0.033645764 -0.18806672 0.120744385 -0.30794594 -0.1323855 0.029426435 0.46042374 0.86520064
1.2426617 -0.5800424 -0.40960637 -0.10289659 -0.35185418 -0.46887052 0.4556484 0.15419735 0.0
-0.14887802 -0.423654 -0.22141287 -0.2868949 0.46220702 0.25393912 0.024055215 0.3789356 0.0016557197
0.063535705 -0.31168264 -0.2280816 0.32109165 0.14435911 -0.42581403 0.15764233 -0.17579931 0.62010175
0.38635346 0.35525027 0.15549436 -0.12542045 -0.19559139 -0.46029058 -0.17652328 -0.4403634 0.4562632
-0.07054935 0.42688057 -0.28501153 0.74482805 0.22279467 -0.39665878 -0.343104 -0.35522428 0.0
0.25152397 0.59715664 -0.48076847 0.012295377 -0.080357306 0.06950697 -0.1053433 -0.32704827 0.11460926
-0.6011448 0.31542307 0.45803258 -0.71590066 -0.05661805 0.06505177 -0.27204525 0.30412182 0.5293084
0.007875337 0.044445243 -0.2299067 -0.07004733 0.12576127 -0.3643151 0.27395418 0.108171724 0.1365595
0.23804699 0.26654842 0.38605848 -0.17542043 0.87821686 -0.8424838 0.3132513 -1.111365 0.0
0.6462127 -0.28035134 -0.4550163 -0.20961489 0.18974014 0.073467426 0.123525105 -0.6009353 0.51350385
-0.19739583 -0.21033792 -0.01720364 0.22368927 -0.55963606 0.057685073 0.062265392 0.25361276 0.32100493
0.5907098 0.16973926 0.09850834 -0.34378672 0.2953377 -0.5813942 -0.53903586 -0.4777237 0.7429738
1.0014037 -0.21332525 0.41676232 -0.7189405 0.8235836 0.3867898 -0.59129137 -0.8022021 0.0
