1.0848771 0.5583197 -0.16405928 0.27041432 -0.12258565 -0.11426321 1.2009906 0.012155039 0.0
1.0580657 0.54724425 0.37405837 0.17723799 0.9948989 1.0885447 -0.09081864 0.312414 0.0
1.0241736 0.108571045 0.7407226 0.47121164 -0.07189919 -0.1349228 -0.15971623 -0.45549676 0.20304559
1.1383717 -0.55738896 1.3422068 -0.0927464 -0.005678146 0.13914779 0.08154557 -0.032146145 -0.42636925
-0.3793101 -0.24838012 -0.08224784 0.01731155 1.4047629 1.6112555 -0.3318208 0.40750906 -0.3078146
-0.20240983 0.9221828 0.7182737 0.5018894 0.78588116 0.38531998 0.75691175 0.40167403 0.0
-0.21377301 0.9986673 0.8839642 0.026624821 -0.13961045 -0.2265233 0.44211772 -0.24946849 -0.33884183
-0.13070908 -0.5515098 0.66174763 0.6478999 1.1419438 -0.16453871 0.1701654 0.18952392 -0.35352018
0.5074638 0.121492445 -0.30315685 0.7243454 0.26249135 0.6834244 -0.4418143 0.12070984 -0.24647114
0.60038 0.4906789 0.2708305 0.5604089 0.006614113 -0.098721296 0.7029819 0.09148869 0.0
0.7897074 -0.13814513 0.5847224 0.2515906 -0.04054668 0.2679876 -0.33072844 -0.26199222 -0.08152008
0.11938128 0.690887 0.36156428 -0.04940822 0.26144406 -0.20731744 -0.19810617 0.11586204 -0.12702096
-0.06493774 -0.1211543 0.21812695 0.5037821 0.096471265 0.23563093 0.036152326 -0.036453307 0.115486965
0.46536428 0.54613584 0.30874336 0.5033371 0.07336822 0.3439819 0.09216849 0.034968607 0.0
0.19086277 0.11183344 -0.029818125 0.3875561 -0.2556592 0.11626423 0.3738509 -0.095138445 0.07342712
0.09374062 0.23400798 -0.23522893 0.20984954 -0.13577041 0.63525194 -0.19481744 0.47511518 -0.17540902
0.5569353 0.7676148 -0.23139568 0.0233545 -0.23538488 0.29530713 0.1298587 0.07014192 -0.115781344
0.43714303 0.2925134 0.6138427 0.36190966 0.12643783 -0.004023142 0.3269538 0.007912107 0.0
0.0071864277 0.471859 0.47190943 -0.1836139 0.033468455 0.17573051 0.044722736 -0.028900042 -0.10680864
0.32520744 0.37341547 -0.11201767 0.21842428 0.03653243 0.14298175 -0.20898265 -0.10633359 0.13619824
0.12540531 -0.03943255 0.3073156 -0.012440241 0.009611873 0.37600642 0.20832431 -0.1352564 0.066577904
1.4228036 0.48900002 0.18935698 -0.24615747 0.19880778 -0.1020339 -0.09542848 -0.15283279 0.0
