-0.68797046 -0.58573717 -0.33990175 0.50837344 -0.04958215 0.29593518 1.5443343 -0.6325916 0.0
0.92292845 -0.22842886 -0.4165261 0.799468 -0.1797928 -0.6258732 0.00020677457 0.11378748 0.0
1.1196263 -1.2355055 -0.39601135 0.014510396 -0.4702322 -0.34768873 0.43083888 0.0013706437 1.129623
0.5409314 -1.2900587 0.06757603 -0.16146939 0.8721693 0.2659741 0.28849414 -0.15626858 -0.3682619
-1.15267 -0.12646565 -0.1449933 0.059110887 0.98031545 1.0646218 0.42836642 -0.31749016 -0.7521958
-0.7221005 -0.5375834 0.27976036 0.17486916 -0.45318508 0.00991645 -0.008470499 1.2210565 0.0
0.061775852 -0.29354733 0.052545644 -0.07936777 0.5446679 -0.18788251 0.17746395 0.5893011 -0.81561756
0.6000364 -0.19013798 -0.708751 -0.15488619 0.42787385 0.04338793 0.14272119 -0.2684378 0.054769356
0.24437024 0.077951625 -0.15427053 0.07565096 0.0044166516 -0.5578888 -0.09913671 0.4225946 -0.122247666
0.59986115 -0.555153 0.008024137 -0.06287 -0.09903594 -0.41825977 0.39532983 0.21158816 0.0
-0.13140206 -0.007816185 0.0917933 0.21905814 -0.06716687 0.3352195 -0.2831005 -0.08256593 -0.087100334
-0.016165292 -0.63931733 -0.0036447318 0.3680343 -0.18607223 0.11486121 -0.21754819 0.43664855 0.18553087
-0.23507182 -0.016389675 -0.11648332 -0.024911603 -0.015383501 0.08484355 -0.09078517 0.5171576 -0.079205334
0.07608766 0.06779287 -0.27427593 0.8499751 -0.20508653 -0.13730128 -0.18468495 -0.18654467 0.0
0.36388457 -0.17492256 0.3338671 -0.06328656 0.18680759 -0.17041498 -0.2556947 -0.14693964 -0.07685043
-0.034288555 -0.07572504 0.073643744 -0.23433337 -0.21268 0.3141231 0.04053235 0.10242154 0.01837484
-0.14830768 0.27864784 -0.039159145 0.3770115 0.06725177 -0.27475208 0.6228861 -0.32392743 -0.5468707
0.27945563 0.19410278 0.83705115 0.38096985 0.23010369 -0.8981131 -0.5073894 -0.6105877 0.0
0.69471955 0.018825807 -0.14664862 -0.44500467 0.11257454 0.12795337 -0.20747817 -0.27831915 0.13717876
0.09350533 -0.17858827 -0.06870681 0.007905051 -0.16751103 0.16647957 -0.045457557 -0.39403194 0.55117714
0.6071532 -0.07790145 0.2505364 -0.36986262 0.19229607 -0.26126993 -0.39091796 -0.4935243 0.5066543
1.8030978 0.06536483 0.6589226 -0.58302563 -0.041987825 -0.47721004 -0.65468866 -0.92181754 0.0
