-0.1933299 0.04690482 0.32415602 1.2554051 -0.55430293 -0.16146909 0.014415833 -0.5809748 0.0
-0.319993 -1.0194901 0.24082425 1.830004 -0.84723616 -1.5415277 0.20381203 1.3137274 0.0
0.3424073 -0.30364692 0.2057318 1.2366496 -0.27083048 -0.7976149 0.16539326 -0.34799165 -0.48284835
-0.26247036 -0.69973546 0.34548295 0.8634436 0.21411146 -0.115807675 0.29423258 0.22481312 -0.900684
-0.120961346 -0.07679395 0.3650808 0.18571308 0.12310156 -0.06886474 0.30011475 -0.19798438 -0.4119235
-0.96804714 -0.7927163 0.2127431 1.3314013 -0.79502654 -1.0821755 0.0048691556 2.1397138 0.0
-0.35416007 -0.008459431 0.35223433 0.20829852 0.11606668 -0.18902104 0.0903021 0.102250114 -0.33163935
-0.243137 -0.3896163 0.009177903 0.81595224 -0.01290738 -0.27568504 0.18132578 -0.004300101 -0.23502277
-0.40929425 -0.33147085 0.26100564 0.4063506 -0.17073953 -0.60200006 0.46255672 0.28026745 0.12869233
0.16427256 -1.2413683 0.684531 1.188991 -0.88877106 -0.7722057 0.3511733 0.3420293 0.0
0.03728158 0.20022777 -0.10720693 -0.15069446 -0.06594767 0.19572614 -0.00080401136 -0.060225423 0.00377608
-0.042941846 0.15852828 -0.22249644 0.16862471 0.20355092 -0.21476948 0.022584146 0.14545897 -0.17108591
0.07179927 0.3631044 -0.077828266 0.43059778 0.04805463 -0.137034 -0.39651507 -0.32875654 0.02879696
0.49682006 -0.5434873 -0.11613031 1.1083298 -0.13816139 -0.7829335 -0.045893565 0.022715222 0.0
-0.1642826 0.088623516 0.25478813 0.7239618 0.032411993 -0.22802271 -0.14689238 -0.6105068 -0.114740446
-0.11439131 -0.24449334 0.01198217 -0.103707746 0.06153981 -0.05031082 0.35433272 0.058959097 0.02764154
-0.09940212 -0.15381797 0.28560463 -0.1705512 0.40949675 -0.3453523 0.4019376 -0.24409457 -0.044292003
0.2362346 -0.017480766 0.35875806 0.86944413 -0.03938224 -0.50165373 -0.4377193 -0.29974872 0.0
0.16971341 -0.14925846 -0.0027357999 -0.27457768 0.33503658 -0.27037504 0.104462475 -0.1996679 0.35110667
-0.12833999 -0.18604232 -0.011293682 -0.089291155 -0.013301617 0.61121565 -0.15976728 -0.25360358 0.29793411
0.03348901 -0.051640224 0.06393576 -0.20154834 0.46982682 -0.09441136 -0.33339152 -0.10267945 0.28892225
0.8611977 -0.14053899 0.39834103 -0.16591255 -0.081854016 -0.26580122 -0.3310307 -0.19525512 0.0
