-1.0313988 -0.33382675 -0.47858164 0.420055 -0.142134 0.97076565 0.99354917 -0.23132846 0.0
0.4914269 -0.14298944 -0.28701153 1.0222973 -0.27949324 -0.60092896 0.26030192 -0.019455355 0.0
1.072423 -1.2108507 -0.509682 -0.07181082 -0.068293236 -0.18208586 0.3599138 -0.05751059 0.80472094
0.48235086 -0.9412405 0.045385726 -0.2701198 0.8443348 0.09751832 0.3482623 0.026101004 -0.6341762
-0.41739973 0.24678631 -0.14419001 -0.1269458 0.7519976 0.8451644 0.8751165 -0.8483763 -1.0400732
-0.57844895 -0.42234123 0.20351206 0.1429836 -0.40175638 0.0038726975 0.10774762 1.0036358 0.0
-0.23234427 -0.25314873 0.22407863 0.2146235 0.5453213 -0.2948772 0.2786165 0.63807386 -1.1878103
0.838359 -0.26995656 -0.7445156 -0.57035667 0.6369211 -0.29467133 0.7355936 -0.22206537 -0.28895503
-0.12454004 -0.11583966 -0.119783945 0.26012772 -0.19719476 -0.28969193 -0.083455704 0.7169748 -0.029916748
0.82637995 -0.5073063 -0.2810799 -0.1397039 -0.059892893 -0.7401006 0.25470966 0.6244398 0.0
0.01200599 -0.15162082 -0.3061272 -0.04812516 0.35921377 0.107511334 -0.10186595 0.13295971 0.028722437
-0.06238177 -0.22928157 0.21598327 -0.02818293 -0.17575186 0.20761462 -0.03590061 0.0027585526 0.11339019
0.018618017 -0.12896283 -0.15260327 -0.17700018 0.06321941 -0.16542336 0.4605923 -0.103339925 0.354741
0.4678698 0.36115193 -0.26594433 0.48458523 -0.3374211 -0.011387911 -0.47075886 -0.21148755 0.0
0.37772 0.2852861 -0.024566729 -0.216804 0.0614871 -0.30249527 0.15859473 -0.25814348 -0.122214384
-0.187006 0.02034219 -0.20863771 0.25351924 -0.37082064 0.38996717 0.37976518 -0.36639336 0.07187055
-0.3137484 -0.0813683 0.31733844 0.40865386 0.48601797 -0.5165424 0.30057725 -0.3711687 -0.25560638
0.42248675 0.033043463 0.34741178 0.12577985 0.48568398 -0.4848655 -0.21448112 -0.6791275 0.0
0.7041884 -0.30143762 -0.6113458 -0.14401142 0.2023205 0.05748974 0.081053734 -0.16722398 0.16642131
0.098988056 -0.15334147 -0.05933772 0.33788723 -0.3238565 0.0647817 -0.108524956 -0.41887054 0.56214184
0.5598234 -0.04383588 0.33748862 -0.4945621 0.50634193 -0.39514515 -0.64463234 -0.32691154 0.5423115
1.6713245 -0.15524264 0.36382225 -0.6255955 0.13529494 -0.12690005 -0.8734896 -0.23169105 0.0
