-1.0108873 0.43226528 -0.14112873 0.99869347 -0.44137636 0.78332645 -0.06818083 -0.56450826 0.0
-0.060780738 -0.7232561 0.41463226 1.1109006 -0.5330109 -0.91444314 -0.20937751 0.90862095 0.0
0.69965625 -0.017546456 -0.4858395 0.5073682 -0.08267496 -0.794402 0.26840508 0.098459624 0.045092322
-0.14905374 -1.1654438 0.5737489 0.743353 0.5238217 0.5737354 0.5576551 -0.07530258 -1.6258932
1.1167188 0.11336599 -0.49054253 0.06641114 0.30192083 0.75327414 0.1656362 -0.72282064 -1.3452836
-0.63307583 -1.0190059 0.4551966 0.69266605 -0.19318616 -0.91627574 -0.16131966 1.6479625 0.0
0.23532556 -0.2138125 0.23842108 0.15874313 1.0615782 -0.59824485 -0.02803133 0.3783379 -1.2186819
0.1017775 -0.19168527 0.7718383 0.3035726 -0.2798569 -0.33817244 0.23355117 0.32927066 -1.1165017
-0.4760408 -0.22394383 -0.3898064 0.3602577 -0.11009692 -0.08144534 0.40874884 0.34395906 0.14257313
0.7730416 -0.9856986 0.37801054 0.31679204 -0.8359256 -0.56552625 0.46889496 0.61308485 0.0
0.16579694 0.16669121 -0.6772648 -0.10503869 -0.17805012 0.26024193 0.18819904 -0.78768736 1.0482376
-0.41802683 -0.38764778 0.09448838 0.6285867 -0.15262628 -0.09698587 0.46648976 -0.017200107 -0.09214733
-0.17485973 -0.13970986 -0.21260789 -0.26806903 -0.28963837 0.58380985 -0.21467479 0.76609945 0.15476935
-0.08578799 0.13048173 0.067208305 0.92138153 -0.46559247 -0.5998674 0.079219155 0.08993494 0.0
-0.7753373 0.2056048 0.027757684 0.12446661 0.17758094 -0.8160591 1.2261765 -0.3272525 0.28046682
0.070943914 -0.5509529 1.1480418 -0.08590066 -0.6095409 0.17839536 0.71902585 -0.73541695 -0.15242742
0.49594998 -0.2730372 0.08190815 -0.6207456 0.46671298 -0.24512753 0.8611603 -0.5495259 -0.14865097
0.6749588 -0.3303428 0.40906468 1.3163723 -0.36369488 -0.564336 -0.57770383 -0.5592712 0.0
-0.13153554 -0.18790652 -0.14120124 -0.22650711 0.52727485 -0.37536085 -0.08678248 -0.25404918 0.9528767
0.53513426 -0.3104724 -0.66267747 -0.15395898 -0.02111027 0.22486138 -0.055005144 -0.6237368 1.0958117
0.35138488 -0.00072247884 -0.36911848 -0.56214696 0.3061309 0.058469743 -0.11974254 -0.49874943 0.8093646
0.6190832 -0.20135248 0.6663383 -0.106768064 -0.14189807 0.13607232 -0.26726177 -0.57044053 0.0
