3.7237935 -1.003349 1.5298098 -0.812933 0.15320234 -0.2551305 -0.49479184 -0.84713537 0.0
-1.0588162 -0.39896145 -0.15037167 0.028530253 4.4655266 0.106129006 -0.007139737 -0.3036695 0.0
-0.027503828 0.2354675 0.5236597 -0.2966419 0.044516712 0.4098277 -0.44252983 -0.48574036 1.9480461
-0.20934284 -0.30486667 0.04840955 -0.35255063 -0.049834482 -0.1067322 0.03389551 -0.18714733 2.662488
0.06371994 -0.4110926 0.27015328 -0.32104298 -0.4096338 -0.057357937 -0.24184397 -0.7604552 3.0389435
1.8571111 -0.6899801 0.050787993 0.48440966 0.16122243 0.21379924 1.3827976 0.34565184 0.0
-0.06495068 -0.21303345 -0.7412765 -0.13324404 0.09864908 -0.055502463 -0.028034635 -0.84605396 3.1540182
-0.450447 -0.09571824 -0.71298337 -0.012394666 0.05215784 -0.45211682 0.38886997 0.03773715 2.572372
-0.2883679 -0.13326605 -0.36937347 -0.54654396 -0.32552114 -0.84773946 -0.01763376 0.5078525 2.9974039
-0.11558466 -0.76443547 0.22238748 -0.20600788 1.205481 -0.84439605 1.7920469 1.1084955 0.0
-0.37189546 -0.46678478 -0.4983709 -0.07825986 -0.28772122 0.007796991 0.12992652 -0.66230917 3.0269308
-0.05774794 -0.114062555 -0.17440547 0.112955466 -0.22280477 -0.20889714 -0.4988907 0.030979302 2.5503926
-0.18687116 -0.35614404 -0.69014317 -0.10490688 -0.30420908 -0.26492566 -0.37998748 -0.22242756 3.3786843
-0.3429191 0.1530928 -0.53006047 0.7682875 0.22179224 0.41756898 2.1073523 0.732179 0.0
-0.26366645 -0.6699134 -0.33052576 -0.30596384 0.5271243 -0.4921834 -0.3291835 -0.6299285 2.8876138
-0.6057697 -0.08208133 -0.66859937 -0.40759706 -0.6027317 -0.2057416 -0.27118608 -0.6232992 3.8958106
-0.43389288 -0.29504225 -0.45205897 -0.3651932 -0.24518323 -0.43038148 -0.011857098 0.12374808 3.0386868
-0.4487421 -0.36696285 0.29186434 0.25204802 0.29767895 -0.095148124 2.3815892 -0.01782503 0.0
0.13903439 -0.049241915 -0.58427 -0.7554952 -0.3673362 -0.09172833 -0.6519509 -0.2403717 3.0745022
-0.350432 -0.5354668 0.085951276 -0.79146856 -0.33967915 -1.0449178 -0.7718157 -0.34227836 4.0050974
-0.20487374 -0.06745809 0.06482251 -0.680081 -0.737827 -0.29655778 -0.3597228 -0.26974422 3.2922463
1.2954516 0.48787344 0.04974776 -0.5200331 1.0018117 1.1590825 -0.4520711 -0.13452801 0.0
