2.001201 0.05122521 1.6882716 -0.27948385 0.9583289 1.0665003 -0.6092349 -0.47624254 0.0
0.2306731 0.4494821 0.2226048 0.35572377 2.2449563 1.1973248 1.0355475 0.090733014 0.0
1.1147426 0.62125564 0.41489115 -0.058140427 0.20184182 0.40307474 0.48635688 -0.3290476 1.6940651
0.44859478 0.4868989 0.327801 -0.44568908 0.6019325 0.1149999 0.27199888 -0.48978204 1.9134852
0.5449356 0.41828123 0.26239 -0.37350118 0.40342033 0.63555026 0.27520722 -0.4975701 2.1886084
1.2981178 0.57706463 0.4679859 0.41225967 0.7410917 0.6482556 0.921221 0.40915933 0.0
0.17719607 0.26607433 0.051745094 -0.22053576 0.22658546 0.41277668 0.15917595 -0.2724594 2.6319222
0.41318527 0.3164041 0.1470302 -0.08055046 0.48177332 0.32004267 0.4495728 -0.05429284 1.9633985
0.2968723 0.4418703 -0.21878658 0.118495435 0.42820892 0.019318331 0.20692983 -0.11864898 2.4069972
0.65053225 0.20227224 0.7459605 0.6687706 1.0241373 0.14994083 0.66275406 0.9342642 0.0
-0.15180051 0.06134185 0.007893326 -0.4224882 0.4219692 0.21262458 0.21490309 -0.39587635 2.7188513
-0.003833579 -0.50332296 -0.06895841 -0.21657391 -0.13390408 -0.2800068 -0.2712739 -0.38179988 3.192531
-0.08416146 -0.010633891 -0.22551833 -0.40629923 0.010806726 0.22004125 -0.51510715 -0.33959115 3.2587342
0.3698955 0.3875193 0.42060384 0.6373128 0.6355902 0.7674808 1.5419527 0.6815001 0.0
-0.0029054356 -0.147446 -0.5481941 -0.5913571 0.301491 -0.23399028 -0.36750644 -0.5830819 2.9749866
0.0002419837 -0.13356711 -0.114905044 -0.4766975 0.06795333 0.03214771 -0.38872924 -0.55666 3.1422439
-0.39939326 -0.3141389 -0.46154553 -0.5200617 0.045792058 -0.3096978 -0.5572987 -0.42161682 3.090781
0.5958185 -0.028372273 0.53133994 0.37077725 1.1259701 0.9686437 0.91899663 0.07480004 0.0
-0.23410003 -0.14158107 -0.5580932 -0.5038385 -0.2373083 -0.20355906 -0.32130754 -0.8892868 3.1261952
-0.23808333 0.105226256 -0.65472376 -0.6524729 -0.13168749 -0.52988327 -0.48187792 -0.79587203 3.1790905
-0.19182122 -0.06330835 -0.3845459 -0.81480956 -0.14476712 -0.056573696 -0.6191337 -0.75919676 3.2143676
1.3235618 1.280967 0.40181756 -0.25084272 1.1576598 1.2660748 0.3509419 -0.40682295 0.0
