2.4839287 -0.5849821 1.8855155 -0.36137313 0.71904165 0.6999976 -0.9192651 -0.681021 0.0
-0.25717986 -0.0074403393 -0.07788489 0.052060705 3.2817624 0.9615386 1.0411447 -0.23064347 0.0
0.72986794 0.48776174 0.48773685 -0.25877613 0.06616555 0.09043618 0.18782525 -0.49635223 1.9986434
0.097465545 0.41335028 0.089551054 -0.66236174 0.7586412 -0.054850288 -0.09092723 -0.4721356 2.0618944
0.03787509 0.10717597 0.067651175 -0.28237167 0.15236568 0.4265394 0.03293329 -0.5889665 2.6867287
1.5811497 0.10575743 0.44636986 0.39420107 0.8629062 0.4321484 0.8678241 0.3265146 0.0
-0.10507778 -0.01649003 -0.17445633 -0.359614 -0.01752818 0.1249118 -0.10527393 -0.3226243 3.1999054
0.11941046 0.09414154 -0.019124396 -0.059204973 0.31404603 -0.08168853 0.13668093 -0.10403932 2.4507713
-0.0036697024 0.26823834 -0.30802345 -0.07480423 0.25500584 -0.30145398 -0.14270616 -0.29755318 2.9273293
0.32312757 -0.23120889 0.49037135 0.5536647 1.059424 -0.17744368 0.9611187 1.2769022 0.0
-0.49102825 -0.08865714 -0.21203506 -0.42431682 0.06983052 -0.10914473 -0.07302977 -0.34868833 3.1991718
-0.18179508 -0.5327425 -0.17012355 -0.36575365 -0.44487464 -0.36405873 -0.46037823 -0.33594307 3.4218233
-0.28795564 -0.16569765 -0.38094828 -0.43431407 -0.17939225 0.0937637 -0.5265226 -0.34326202 3.3921785
-0.018093307 0.14778133 0.20838206 0.6273878 0.34166542 0.68212944 1.9772882 0.66321224 0.0
-0.118497394 -0.42151883 -0.5395582 -0.53562653 0.026487455 -0.41153723 -0.56463456 -0.61332095 3.2466085
-0.21401788 -0.28555128 -0.25847173 -0.5099363 -0.22917838 -0.18353331 -0.33523425 -0.6379157 3.4191203
-0.46578285 -0.4969229 -0.5995711 -0.5395777 -0.20427525 -0.39594167 -0.31567276 -0.38467088 3.270966
0.48898688 -0.5109682 0.49823022 0.5857571 1.2319399 0.7141378 0.91664964 -0.07816804 0.0
-0.43635133 -0.34095183 -0.57770866 -0.5659959 -0.38583913 -0.26944157 -0.34144378 -0.7794586 3.3014367
-0.28455618 -0.05194543 -0.6226957 -0.6390861 -0.19833228 -0.51169246 -0.6536865 -0.67468774 3.2775798
-0.42176628 -0.25134656 -0.4602767 -0.84465396 -0.2336262 -0.23107016 -0.5093565 -0.64014554 3.385052
1.2589861 1.1646229 0.27715346 -0.37152252 1.0676924 1.2328086 0.2212687 -0.50697213 0.0
