3.9864998 -0.9622188 1.4764814 -1.0613537 0.15103143 -0.25158933 -0.48525733 -0.8292431 0.0
-1.0512661 -0.3887867 -0.14213972 0.22997734 4.3652186 0.10468144 -0.006593425 -0.2928817 0.0
-0.06790192 0.24310057 0.54656494 -0.07516348 0.05388569 0.59238476 -0.33198255 -0.64615023 1.783929
-0.21264702 -0.20245993 0.053300366 -0.32734314 -0.05152282 -0.16969483 0.041619454 -0.23787856 2.672527
0.061023887 -0.39506075 0.23320423 -0.09881429 -0.4072041 -0.0556969 -0.23928751 -0.7409091 3.0043926
1.9573826 -0.7278678 0.046238277 0.29272223 0.12082137 0.3804203 1.4200017 0.21737698 0.0
-0.19258752 -0.20957406 -0.73416984 -0.20247777 0.09631077 0.029927487 -0.11538891 -0.8275839 3.2356498
-0.47933736 -0.095385544 -0.69836867 -0.16309069 0.029277107 -0.33721647 0.37936476 0.0062362417 2.6263862
-0.2795565 -0.13253714 -0.36554003 -0.531669 -0.40287274 -0.86647135 -0.011828883 0.4927909 3.0333223
-0.16365825 -0.6431397 0.4648305 -0.2041442 1.1950363 -0.8367326 1.6640412 1.0768397 0.0
-0.24862172 -0.4552685 -0.40870616 0.03740443 -0.29262015 0.07040395 0.069044776 -0.6386973 2.8539064
-0.05416075 -0.29263765 -0.31478018 0.13619055 -0.25899184 -0.1975053 -0.5153361 -0.06139186 2.7497845
-0.17506255 -0.33112615 -0.65829134 0.04784464 -0.2848019 -0.32175055 -0.38799953 -0.20084839 3.3020918
-0.20285149 0.0015421889 -0.527551 0.6662517 0.2202091 0.48186532 2.1116998 0.68988186 0.0
-0.1759111 -0.64266974 -0.3154908 -0.29606205 0.48016775 -0.4710483 -0.30719882 -0.6149712 2.8149376
-0.6015556 -0.08233834 -0.6751391 -0.3909717 -0.5792404 -0.19977759 -0.2624559 -0.58522755 3.8806717
-0.3560442 -0.1375305 -0.440565 -0.3505817 -0.20078671 -0.4402162 0.22355786 0.12142892 2.728094
-0.57232285 -0.36360338 0.25483274 0.28375396 0.3132386 -0.09391131 2.429743 -0.11325124 0.0
0.09080978 0.102631405 -0.57745624 -0.7365929 -0.31681195 -0.09038321 -0.8499229 -0.3316153 3.1859193
-0.33189905 -0.5254192 0.34578553 -0.7971112 -0.3010196 -1.0332767 -0.7591703 -0.21292487 3.7257705
-0.18546422 -0.07266318 -0.12145298 -0.6879598 -0.7130027 -0.2009462 -0.35270053 -0.26038963 3.3557189
1.3472149 0.6814542 0.047136676 -0.6367022 1.0495685 1.151277 -0.7306598 -0.13166775 0.0
