1.6634792 0.37242353 1.6097368 -0.08804042 1.0351346 1.1319244 -0.36739716 -0.24541138 0.0
0.43232074 0.5533598 0.3865371 0.52016085 1.9227254 1.0992733 0.985051 0.25489 0.0
1.4474822 0.64732987 0.52714455 0.10287322 0.35779983 0.5265806 0.6179008 -0.16574928 1.4285287
0.77665734 0.69342124 0.50529397 -0.27788004 0.64744097 0.33415043 0.32505336 -0.2529223 1.5790273
0.55291736 0.61911416 0.43681893 -0.14523597 0.45337844 0.7647743 0.4193217 -0.25875527 1.785854
1.217857 0.6741556 0.47424564 0.640349 0.705647 0.67438394 0.7761986 0.49919853 0.0
0.33275363 0.44755846 0.3240088 -0.008641664 0.27694494 0.5190691 0.55061245 -0.0531653 1.9653413
0.50747067 0.6413312 0.32719213 0.13704623 0.59783363 0.37860733 0.48752823 0.06916765 1.4365022
0.42805463 0.5277557 0.015671242 0.3776722 0.5144659 0.21081449 0.4472555 0.13334897 1.7880493
0.71043324 0.32306212 0.7559354 0.6412382 1.060841 0.30781135 0.635685 0.9990336 0.0
0.08349411 0.24803266 0.18273972 -0.060948517 0.5243403 0.65036523 0.43711194 -0.1861431 2.079165
0.34976727 -0.2253227 0.28204516 0.052436985 0.09070666 0.05991122 -0.009541817 -0.14874274 2.473034
0.13113247 0.3488543 0.05454328 -0.19461772 0.22039133 0.4252012 -0.2699195 -0.15823734 2.6388774
0.6077383 0.5700039 0.57034194 0.5631079 0.71780455 0.6640256 1.2772436 0.7320484 0.0
0.29126224 0.12691075 -0.35742554 -0.41142836 0.5448853 -0.0047574975 -0.14735109 -0.34906524 2.4590569
0.15160406 0.16484433 0.09672585 -0.33401245 0.3499637 0.2915172 -0.088309444 -0.39414763 2.619306
-0.20077792 -0.18716134 -0.27985343 -0.24690706 0.31069282 -0.0060381754 -0.29831192 -0.16428374 2.621349
0.65512216 0.09094309 0.7031744 0.45505574 0.9981467 0.9044759 0.91152775 0.3831215 0.0
0.013245863 0.09160406 -0.38976026 -0.31728062 -0.112368025 0.041213397 -0.16755752 -0.7038456 2.822845
-0.062272314 0.37429783 -0.51886535 -0.4644109 0.047764122 -0.30090198 -0.22410114 -0.67248905 2.867843
0.029275538 0.17080164 -0.15548913 -0.67596054 0.03391723 0.067439705 -0.4578107 -0.5621176 2.9114902
1.1683079 1.1960706 0.5960274 -0.08582646 1.0953673 1.2440783 0.45916364 -0.2415244 0.0
