3.9402213 -0.7137023 1.706812 -1.0681334 0.1400312 -0.23702459 -0.44449604 -1.0584414 0.0
-1.0186188 -0.22837546 -0.13486311 0.22001591 4.152423 0.09356293 0.08883291 -0.25078562 0.0
0.11693371 0.37545577 0.54322684 0.044136032 -0.21613835 0.6266959 -0.7006092 -0.6470556 2.144017
-0.20103808 -0.19131234 0.07082959 -0.31959435 0.09335311 -0.16825034 0.03762605 -0.23638417 2.4770787
0.053953033 -0.119166635 0.42350435 -0.09296071 -0.365453 -0.06949391 -0.23511274 -0.6631895 2.678512
2.4664593 -1.0091088 0.058835547 0.3774439 0.14542815 0.058983594 1.1732749 0.20469211 0.0
-0.31236476 -0.44169858 -0.672934 -0.3564982 0.12978584 -0.09072825 -0.1791465 -0.75515854 3.4148562
-0.3951779 -0.39963743 -0.7356662 0.00812934 0.14962734 -0.25619054 0.28670454 0.00819546 2.8115082
-0.008474546 -0.1926931 -0.29385707 -0.45929253 -0.29947904 -0.71358454 -0.24948753 0.28187603 3.0540032
-0.19268918 -0.54499686 0.44377437 -0.13837236 1.1567936 -0.7398803 1.977486 0.63858324 0.0
-0.22876477 0.042554505 -0.36807203 -0.15918218 -0.120201856 0.09956554 0.06599875 -0.6246749 2.465306
0.072807305 -0.13693357 -0.29191145 0.14503425 -0.22918905 -0.16833209 -0.49840102 -0.18031992 2.5549502
-0.2080363 -0.35741064 -0.3365588 -0.24235572 -0.26823944 -0.30353755 -0.34221968 -0.4413942 3.428662
-0.1615694 -0.3488838 -0.7859502 0.43725082 0.4416951 0.1867767 2.4221344 1.1408643 0.0
-0.15733454 -0.5641072 -0.5615477 -0.2432962 0.2213681 -0.39076093 -0.25093776 -0.5556215 3.1002645
-0.56788 -0.07263745 -0.6753244 -0.7140186 -0.48921794 -0.17425878 -0.22519027 -0.44741812 4.0402074
-0.33211136 -0.020235956 -0.39522487 -0.31700742 0.009544801 -0.3805763 0.24633141 -0.13074318 2.589943
-0.36727205 -0.26626945 0.20274292 0.1444443 0.0590459 -0.090288796 2.4767249 -0.099923894 0.0
-0.019415526 0.08261853 -0.5633719 -0.79431134 -0.25285944 -0.09348468 -0.7965899 -0.4244566 3.3047762
-0.26272824 -0.46250814 0.33946493 -0.8706298 -0.1988273 -0.9869578 -0.7060118 -0.052327197 3.6184564
-0.15073298 0.16843902 -0.13675162 -0.66265786 -0.61550564 -0.10925632 -0.6229687 -0.044581577 3.249342
1.2270253 1.0470569 -0.055092495 -0.62903905 0.84370595 1.2024089 -0.7211334 -0.12343469 0.0
