3.563699 -1.1235079 1.7347888 -0.75533783 0.17973408 -0.26973367 -0.5762369 -0.8784654 0.0
-1.078293 -0.43139654 -0.33584884 -0.10099404 4.713296 -0.08227444 -0.0046119243 -0.34469062 0.0
-0.15500125 0.006320004 0.40370157 -0.23335429 0.0067087365 0.15616913 -0.272048 -0.4553443 2.28625
-0.34768075 -0.34901297 -0.001453695 -0.6271367 0.5424116 -0.0693436 0.006363645 -0.17668207 2.4079223
0.06934086 -0.4676327 0.09208588 -0.33005914 -0.34699354 -0.041296385 -0.013992774 -0.6869559 2.9043722
1.5256168 -0.6554133 0.03061612 0.60078263 0.5343125 0.24918017 1.3064548 0.41931498 0.0
-0.29065916 -0.030917253 -0.7843889 -0.16994686 0.08987027 -0.11597647 -0.14908944 -0.86375755 3.2343864
-0.6280218 -0.05838147 -0.5521536 -0.06627831 -0.19288366 -0.38961002 0.4764973 -0.011406682 2.7121468
-0.38131467 -0.22646326 -0.37536278 -0.37420648 -0.05419011 -0.8092522 -0.13660187 0.20367616 2.967962
-0.11323929 -0.62794226 0.23619267 -0.29868352 1.4198284 -0.74896455 1.7483082 0.9888673 0.0
-0.39083138 -0.451563 -0.34426892 -0.17123507 -0.1535512 0.23680577 0.36919722 -0.8467966 2.8403156
-0.28832442 -0.10147609 -0.14527218 0.14745395 -0.52887344 -0.2938739 -0.4819465 -0.006975862 2.8156502
-0.339999 -0.4091615 -0.75990474 -0.11345692 0.079325736 -0.26880634 -0.27702132 -0.22944029 3.140364
-0.44697678 0.25452748 -0.267398 0.896405 0.120742045 0.049958136 2.126375 0.7814952 0.0
-0.4750768 -0.58811885 -0.2545216 -0.4047356 0.42601055 -0.49769965 -0.46484327 -0.61347675 3.0984874
-0.609828 -0.26687607 -0.2593712 -0.36747432 -0.66818964 -0.079972476 -0.3410594 -0.74129707 3.8560212
-0.6083003 -0.07363859 -0.34317338 -0.52339107 -0.25610653 -0.2686228 -0.20724106 -0.20656879 3.1641357
-0.2266829 -0.5788441 0.32118803 0.6416325 0.5400561 0.19152908 1.7103803 0.22838473 0.0
-0.087476395 -0.040277433 -0.5661515 -0.80518234 -0.38118586 0.10295523 -0.5596814 -0.43421814 3.1055772
-0.39705288 -0.3791075 -4.7291087e-05 -0.88453513 -0.43885455 -0.8077788 -0.5984616 -0.36717993 3.7070506
-0.09046867 0.12088788 -0.2587215 -0.46213374 -0.656413 -0.36332515 -0.24822083 -0.43197024 3.113988
1.1319915 0.98868805 0.12247834 -0.46810725 1.0263333 1.0766709 -0.6671824 -0.3452443 0.0
