1.1252648 1.1305625 1.3452994 0.20384642 1.1608267 0.66966826 0.24021187 0.30160326 0.0
0.6311371 0.79209346 0.55936384 0.45848536 1.546317 1.2866101 0.8893869 0.36804247 0.0
0.9734977 0.5887294 0.600385 0.3063914 0.68331736 0.48882988 0.79392666 0.104331315 1.4711208
0.5736792 0.616414 0.33935013 0.097383454 1.050697 0.33494756 0.26103193 0.013421531 1.5126983
0.3618638 0.9157659 0.5199022 0.071313016 0.38542223 0.9066691 0.5142005 0.075235166 1.5720016
1.1718769 0.70962846 0.5593974 0.75304955 0.6849081 0.85088897 0.5790012 0.42196837 0.0
0.7557884 0.5071325 0.22982708 0.27830747 0.700429 0.8309479 0.50010353 0.2688902 1.4869267
0.4858145 0.8783844 0.47348103 0.19599476 0.88237935 0.5835832 0.34761238 0.55390894 1.1998861
0.4849783 0.8180645 0.27319 0.36716422 0.37125206 0.63034284 0.7462186 0.5227622 1.3530356
1.0554035 0.81528455 0.7364179 0.54039073 1.0506628 0.83508843 0.47995144 0.6318067 0.0
0.39323103 0.3088457 0.32389006 0.072308116 0.8303786 0.39976338 0.790847 0.15135896 1.6027672
0.27750358 0.33079913 0.4735745 0.33057722 0.5877189 0.306045 0.426409 0.35947603 1.753456
0.33598265 0.43372926 0.42393544 0.31125826 0.77011657 0.39793885 0.3122931 0.19860224 1.8470339
0.9589346 0.93710387 0.5446877 0.43118653 0.8833347 0.8223336 0.85140806 0.712916 0.0
0.52037185 0.26489693 0.1142736 0.042375613 0.32626706 0.5359385 0.43542132 0.14665988 1.8133502
0.34911057 0.18831313 0.5591006 0.21334958 0.6621353 0.43242857 0.30263028 0.07637321 1.8871096
0.35691088 0.3097443 0.10525794 0.23220895 0.7488803 0.21617153 0.07257789 0.13270722 1.8689541
0.7194238 0.5811016 0.6033886 0.38599798 0.922549 1.104481 0.81578916 0.19901669 0.0
0.63319653 0.67208654 0.24046853 0.06513976 0.43540013 0.26634717 0.41051325 -0.20983006 2.088854
0.4230531 1.0672219 -0.028784355 -0.02756043 0.6395572 0.13712353 0.11377465 -0.106381446 2.1116626
0.35138208 0.6164026 0.44764274 -0.15961498 0.33421224 0.72104317 0.07973819 -0.097189285 2.1483998
0.9143814 1.1476896 0.83998865 0.072973065 1.029533 1.2397208 0.5870879 0.084455654 0.0
