3.5679731 -1.1069092 1.7399389 -0.79623276 0.17310148 -0.27410597 -0.56949246 -0.87021977 0.0
-1.0766001 -0.429596 -0.33464965 -0.007463291 4.6216116 0.076985866 -0.013760385 -0.33560354 0.0
-0.15484884 0.07308214 0.3724566 -0.24271125 0.06306523 0.1767045 -0.38969883 -0.4540305 2.2654543
-0.3374316 -0.35914433 0.042996902 -0.42967045 0.35777158 -0.015901418 0.015831072 -0.20929776 2.3634467
0.06400438 -0.45301595 0.1655765 -0.33681637 -0.34494722 -0.07554723 -0.015961029 -0.7273162 2.8791583
1.5048355 -0.6573143 0.025290385 0.62250394 0.5185565 0.29953444 1.2621769 0.4683844 0.0
-0.23758289 -0.055004053 -0.778578 -0.15605895 0.11660035 -0.114442915 -0.12228805 -0.8862312 3.2118032
-0.6053796 -0.018252574 -0.548407 -0.028995112 -0.25976735 -0.2997889 0.46425632 0.0778121 2.6057165
-0.49613568 -0.2258507 -0.36942142 -0.3016984 -0.23495059 -0.8369166 -0.1363671 0.22539698 3.1015794
0.042451445 -0.6393139 0.21836239 -0.2979025 1.4660916 -0.8450162 1.768166 0.87428164 0.0
-0.5320242 -0.42066398 -0.33117583 -0.188845 -0.21447116 0.26619014 0.3674106 -0.83389825 2.9369013
-0.26695004 -0.08920901 -0.15051939 0.1252799 -0.3948345 -0.23312676 -0.47887722 -0.14843106 2.7973263
-0.2474233 -0.43150654 -0.75101805 -0.09834513 0.07280452 -0.36241794 -0.30843917 -0.2124151 3.1558821
-0.5466758 0.36773401 -0.31401563 0.85311383 0.07435222 0.2776133 2.0484264 0.7928995 0.0
-0.4636164 -0.5779957 -0.275028 -0.3323337 0.43343905 -0.50266916 -0.43143535 -0.5942426 3.0305848
-0.61188847 -0.25309214 -0.2590075 -0.35680714 -0.66268855 -0.0724172 -0.3270823 -0.72339725 3.8487802
-0.6200378 -0.07435855 -0.34503323 -0.57115066 -0.28417575 -0.26124284 -0.170971 -0.21527235 3.181122
-0.21760531 -0.55133665 0.30956897 0.6033576 0.5065333 0.18157753 1.7940136 0.12376617 0.0
-0.08973207 -0.044112206 -0.5531927 -0.7981621 -0.43729606 -0.068966776 -0.5102997 -0.4141054 3.2345984
-0.39414898 -0.37320307 -0.012240622 -0.8733897 -0.42268237 -0.8470521 -0.5820576 -0.35617942 3.7240465
-0.0744606 0.18725722 -0.2629554 -0.39106575 -0.6495751 -0.32483828 -0.35203418 -0.43042287 3.0904498
1.1095008 0.89553523 0.011522348 -0.45069724 0.965635 1.2495247 -0.6617089 -0.29359448 0.0
