3.6939328 -1.0571254 1.5794151 -0.8075408 0.15028125 -0.26117674 -0.5015902 -0.8476732 0.0
-1.0683094 -0.4182507 -0.32921615 0.029242136 4.5722337 0.10790051 -0.014603132 -0.31792152 0.0
-0.14412038 0.09383898 0.38155156 -0.30573362 0.15962279 0.20511371 -0.48708364 -0.45769158 2.2258332
-0.44867033 -0.3137025 0.049288522 -0.3612782 0.017838605 -0.013030998 0.011325167 -0.1880195 2.658451
0.06704241 -0.57134813 0.27498057 -0.32633442 -0.3595099 -0.1734767 0.01105191 -0.7849154 2.8472526
1.5621843 -0.6942223 0.07713103 0.68833697 0.39004457 0.29841086 1.2436062 0.36373577 0.0
-0.104401484 -0.18996774 -0.7606025 -0.14671567 0.15119375 -0.09342054 -0.030384796 -0.86967534 3.1823661
-0.5366565 -0.10958949 -0.7224698 -0.013055138 -0.24144201 -0.42157197 0.5111611 0.33443114 2.5533304
-0.29054442 0.009325259 -0.34774962 -0.5561107 -0.33060426 -0.85538125 -0.106893495 0.5374148 2.9560976
0.11269914 -0.7239247 0.23790279 -0.26164997 1.2291967 -0.85964006 1.7134453 1.0869932 0.0
-0.39997175 -0.39266706 -0.49683043 -0.11837108 -0.33882248 0.070335455 0.15441489 -0.73161834 3.077655
-0.03719202 -0.1002299 -0.26013646 0.0461783 -0.32111236 -0.2240024 -0.374254 -0.09144268 2.643
-0.20268154 -0.38966396 -0.73276895 -0.0955489 -0.3351052 -0.38967556 -0.22877169 -0.251892 3.420413
-0.42477998 0.18696281 -0.52213377 0.79945993 0.17193913 0.21851152 2.2619252 0.78054416 0.0
-0.48598108 -0.7073181 -0.36719528 -0.20698585 0.52388054 -0.500106 -0.35237527 -0.64592975 3.0055647
-0.6110201 -0.08544846 -0.21926533 -0.3365779 -0.63356054 -0.20527443 -0.2775397 -0.67478323 3.8116677
-0.4791691 -0.2841615 -0.4112568 -0.43417957 -0.4090141 -0.42386058 -0.07374614 0.05672348 3.1785553
-0.35196748 -0.5386917 0.2699179 0.47383162 0.31706125 -0.09646554 2.2774906 -0.011111903 0.0
-0.1166234 -0.041389942 -0.3727666 -0.7773928 -0.43661743 -0.10348321 -0.53033596 -0.2518378 3.1305828
-0.375038 -0.3547911 0.08939613 -0.8342893 -0.3786417 -1.0489733 -0.5333048 -0.3272531 3.8442676
-0.21658574 0.121508494 -0.13291824 -0.42644307 -0.6971935 -0.20566991 -0.3872087 -0.29704309 3.0574663
0.95576334 0.6640204 -0.009874643 -0.41717413 0.9871429 1.4183344 -0.5620109 -0.14161561 0.0
