3.6123202 -1.2543015 1.8621236 -0.54795015 0.30859146 -0.40084302 -1.1270834 -0.7968867 0.0
-0.7843236 -0.3546289 -0.07168366 -0.0668677 4.02932 0.42701095 0.40443763 -0.6074568 0.0
0.10783347 0.12611292 0.6715787 -0.06997288 -0.35946986 0.48284075 0.059898637 -0.6079779 1.8164549
-0.41699535 -0.0681937 -0.067174576 -0.7517544 0.5681605 0.053734027 -0.23627496 0.098248065 2.217023
-0.42209294 -0.37168652 -0.28984106 -0.2850817 -0.3347396 -0.105399005 -0.1874131 -0.51669925 3.329152
1.7692981 -0.5744814 0.1653494 0.3469879 1.0309128 -0.07848971 1.2414738 0.17037734 0.0
-0.24865562 0.09867525 -0.49915355 -0.57120866 0.12885025 -0.07455232 -0.5875428 -0.5495971 3.3063304
-0.61779386 -0.40155932 -0.5750465 -0.034806535 0.32539725 0.007251304 -0.08794702 -0.23079449 2.9827633
-0.1532391 -0.24559262 -0.73983276 -0.29430768 0.3380116 -0.72397375 -0.2636631 0.13445535 3.1154177
0.04953504 -0.4001722 0.47657067 0.09063305 1.2760905 -0.66252196 1.552767 0.77170765 0.0
-0.6681096 -0.48398808 -0.36073732 -0.16121387 -0.06477445 0.32448432 -0.033041075 -0.62033576 3.0774252
-0.2060858 -0.3786804 -0.14560358 -0.2611837 -0.42589578 -0.5160589 -0.35735217 -0.034119446 3.0457363
-0.45180404 -0.1688492 -0.5371784 -0.41378155 -0.2969418 -0.23184727 -0.46887043 -0.1120366 3.4203994
-0.43752226 -0.27077377 -0.06743997 0.54263747 -0.3171843 -0.195026 2.6818569 0.91170543 0.0
-0.0037071598 -0.38212916 -0.32821378 -0.5389852 -0.10834041 -0.52133447 -0.35587925 -0.45381662 2.9887037
-0.4585064 -0.5716962 -0.102360696 -0.4824081 -0.19261907 -0.24588041 -0.24778245 -0.6172565 3.3803902
-0.41419137 -0.14463076 -0.30414093 -0.55131423 -0.14654413 -0.3248383 -0.091224164 -0.66514426 3.128454
0.24861078 -0.74165004 0.46608803 0.095578246 1.2886536 0.32257915 0.9124936 0.39233965 0.0
-0.11885805 -0.22150859 -0.68904626 -0.6201583 -0.3539691 -0.046159662 -0.29811695 -0.7275939 3.303448
-0.4522926 -0.2696265 0.13311346 -0.7749925 -0.53683835 -0.6030154 -0.5228247 -0.67859626 3.4455597
-0.06100882 -0.0653809 -0.44380516 -0.5262068 -0.4603174 -0.11543502 -0.16085175 -0.81816727 3.148324
0.8087445 1.2021375 0.2124849 -0.08072069 0.8174011 1.0147313 -0.35387194 -0.51332325 0.0
