3.874526 -0.5264944 1.6958389 -1.065309 0.13573188 -0.22881022 -0.42187214 -1.020883 0.0
-1.0003805 -0.21621051 -0.13073684 -0.06075073 4.077424 0.09037391 0.27123916 -0.22854923 0.0
-0.09438408 0.32724506 0.4862055 0.04012159 -0.21260865 0.615819 -0.6911328 -0.6331887 2.3001025
-0.19424361 -0.18544784 0.06976476 -0.6533006 0.21075654 -0.16164388 0.03504742 -0.2342775 2.5216792
0.048006874 -0.117553525 0.38267243 -0.08848627 -0.32284892 -0.008177185 -0.23354244 -0.62097496 2.631507
2.468789 -1.0083395 0.057699855 0.37283614 0.1448207 0.051857244 1.1638821 0.20272619 0.0
-0.29073218 -0.43773115 -0.6389504 -0.35591465 0.12267584 -0.08274397 -0.16621022 -0.9944161 3.4309075
-0.35145044 -0.39690623 -0.7005704 0.0077397637 0.14511187 -0.23105961 0.2744272 0.007855568 2.793228
0.029280895 -0.22910579 -0.25829 -0.42837045 -0.28908306 -0.6312513 -0.24082883 0.26813477 3.0046597
-0.19061843 -0.5230714 0.66928357 -0.1193761 0.85598606 -0.72019106 2.3694198 0.34193808 0.0
-0.22172858 0.019528113 -0.34668872 0.15276176 -0.32223248 0.29938102 0.13523127 -0.57332444 2.1661808
-0.31337297 -0.12855233 -0.27833357 0.14282617 -0.21016312 -0.1477501 -0.4812486 -0.17230774 2.9003556
-0.17864725 -0.30403024 -0.32812297 -0.27016082 -0.36629093 -0.28796056 -0.31641403 -0.27522942 3.357684
-0.16024621 -0.34789178 -0.7837977 0.4327185 0.46890506 0.17979966 2.4169765 1.1380656 0.0
-0.14805432 -0.5076383 -0.53055996 -0.51956856 0.21776105 -0.49331015 -0.2223967 -0.5228793 3.3751607
-0.55797654 -0.06729936 -0.63971573 -0.70545036 -0.442458 -0.16050662 -0.20224766 -0.38140845 4.0015516
-0.4171631 -0.020056615 -0.37017402 -0.28924677 0.012561387 -0.34909096 0.23785506 -0.13145657 2.6650264
-0.47473264 -0.2029414 0.21214 0.2272442 0.060632378 -0.08918176 2.3718505 -0.09799884 0.0
-0.020489195 0.049630612 -0.5481215 -0.75070506 -0.22113971 -0.08918957 -0.7633725 -0.12998004 2.987876
-0.22899017 -0.17065842 0.3346349 -0.80150384 -0.15532303 -1.2549 -0.6761866 -0.05104976 3.864695
-0.13326542 0.12125363 -0.12807146 -0.64801663 -0.5639831 -0.095682964 -0.61782414 -0.041043863 3.2881336
1.1537095 1.1287473 -0.05938234 -0.6177461 0.8412805 1.0187094 -0.64974934 0.15071955 0.0
