3.853867 -1.1650383 1.5209373 -0.74375343 0.1830059 -0.27726346 -0.82274956 -1.0639092 0.0
-0.8638408 -0.37136212 -0.32006678 -0.10302532 4.49492 -0.071665816 0.1331494 -0.46742347 0.0
-0.113291055 0.017814126 0.63427764 -0.3597511 -0.28140083 0.16051029 -0.2625955 -0.31089664 2.2500043
-0.34881333 -0.2572108 -0.24604753 -0.7086698 0.60782135 0.028194632 -0.099069156 0.013863577 2.3491285
0.16173217 -0.51970315 -0.15655291 -0.2190248 -0.34031525 -0.008344217 -0.008018961 -0.6823176 2.9420254
1.7133461 -0.45395657 0.27831516 0.29193446 0.58816504 0.09360204 1.2675203 0.18724315 0.0
-0.25220194 0.24405988 -0.91656506 -0.28302494 -0.042093523 -0.042807825 -0.18493567 -0.85158604 3.2719443
-0.53272194 -0.17238487 -0.5206383 0.1270953 -0.071974926 -0.24430986 0.31989655 -0.041827824 2.6343443
-0.43097898 -0.13265514 -0.457853 -0.38965368 0.0017296813 -0.8287471 -0.13941847 0.34515953 2.9268782
-0.08661489 -0.4469454 0.18749997 -0.27006134 1.5580145 -0.51951116 1.6207105 0.7199738 0.0
-0.5296543 -0.41980764 -0.43080467 -0.24272566 0.037532385 0.32882875 0.17988555 -0.7192596 2.8904362
-0.23982942 -0.24528311 -0.2823984 0.13426362 -0.42612097 -0.489219 -0.41370523 0.066844806 2.890196
-0.4583741 -0.42218107 -0.4849885 -0.2497164 0.07029708 -0.32759926 -0.31314588 -0.2469748 3.1766467
-0.5126802 0.1646915 -0.10839418 0.7611781 0.07483296 -0.1470189 2.261163 0.79720426 0.0
-0.49804366 -0.58535856 -0.058476474 -0.30127317 0.22182442 -0.6668706 -0.49442905 -0.5358084 3.1167967
-0.59755147 -0.33199254 -0.21658094 -0.40206203 -0.6622394 -0.23852605 -0.3562311 -0.8547803 3.8922505
-0.4381738 -0.08509895 -0.3516385 -0.409122 -0.06473939 -0.2792347 -0.3646096 -0.39578784 3.1466765
-0.014849553 -0.7402136 0.5418665 0.35090142 0.75456023 0.2950004 1.306133 0.33549932 0.0
-0.1334633 -0.026464807 -0.58186316 -0.81598186 -0.41887432 0.12449535 -0.43475202 -0.5629741 3.1186461
-0.52369165 -0.30152813 0.08504449 -0.8772948 -0.51351136 -0.63496023 -0.642532 -0.5368418 3.6588337
-0.10726824 0.050246496 -0.06105767 -0.586845 -0.74594724 -0.404273 -0.20329371 -0.3126144 3.1095984
0.9202523 1.1266011 0.23151559 -0.29819983 1.0256767 1.01785 -0.58174646 -0.5338297 0.0
