2.3964362 -0.40781572 1.7325988 -0.40839714 0.84586084 0.8456588 -0.78623974 -0.66881156 0.0
-0.06740799 0.08294827 -0.034610137 0.15695423 2.909888 1.1606904 1.1210878 -0.1504027 0.0
0.8967672 0.57285213 0.29296097 -0.19137983 -0.00297942 0.1622442 0.28335217 -0.5030616 1.9689791
0.18282464 0.308449 0.0046028965 -0.6230335 0.7498139 0.09990023 -0.14292306 -0.46298885 2.1417358
0.15381622 0.18836574 0.16780148 -0.41640458 0.2109221 0.48306304 0.08894345 -0.61191285 2.6185822
1.565534 0.24957487 0.39499453 0.42085108 0.89919245 0.49569908 0.88355684 0.24888907 0.0
0.060749285 0.07409526 -0.110860005 -0.30010498 0.00931041 0.17843334 -0.025276423 -0.30800387 3.0366468
0.1802653 0.07336635 0.10822829 -0.17002355 0.3639634 0.03607313 0.2496722 -0.12763736 2.380467
0.090478234 0.26701814 -0.33110023 -0.055260986 0.30741554 -0.1861088 -0.03872195 -0.28147027 2.868812
0.43214694 -0.077053234 0.7116383 0.6146672 1.1550151 -0.22231916 0.81316257 1.027029 0.0
-0.3664394 -0.088027306 -0.217607 -0.47425863 0.17346892 -0.0683746 -0.021404212 -0.44780254 3.1829352
-0.18877141 -0.5990286 -0.20423454 -0.3671844 -0.36460212 -0.3618993 -0.43366137 -0.40567288 3.479302
-0.29497537 -0.1438704 -0.373861 -0.39347163 -0.156677 0.08496685 -0.56071454 -0.44193482 3.471054
0.11228616 0.17975703 0.41104445 0.6232989 0.3436845 0.6929862 1.961216 0.59314686 0.0
-0.14872782 -0.34164432 -0.6021079 -0.55151397 0.127199 -0.35411876 -0.5360891 -0.6273799 3.210402
-0.20750566 -0.29336596 -0.23597857 -0.56917673 -0.15693595 -0.17148055 -0.38130447 -0.58765185 3.4386413
-0.50113547 -0.5146136 -0.5420301 -0.53785306 -0.11619101 -0.43250823 -0.6047741 -0.44796708 3.3258095
0.5895034 -0.34521675 0.59250015 0.45067322 1.2453089 0.77150846 0.84896237 -0.13174728 0.0
-0.38869962 -0.30476743 -0.62272507 -0.6122805 -0.36740813 -0.3117454 -0.39655694 -0.8823636 3.3281915
-0.39600673 -0.055469524 -0.64040786 -0.7104899 -0.19230348 -0.4942792 -0.51955533 -0.739451 3.2937431
-0.4217947 -0.2268727 -0.49373809 -0.8474066 -0.24699712 -0.1538103 -0.59502345 -0.6732652 3.3796618
1.2536241 1.2395322 0.36468726 -0.34186092 1.133936 1.2476391 0.2328415 -0.55434936 0.0
