3.582949 -1.2029462 1.7675158 -0.65126926 0.3104352 -0.23651817 -1.1528515 -0.727858 0.0
-0.5006012 -0.50062394 -0.053127784 -0.17461811 4.0162005 0.49884316 0.43460914 -0.6228593 0.0
0.22959301 -0.008803429 0.4806418 -0.14231881 -0.27966708 0.44765422 -0.0358568 -0.27634504 1.8687896
-0.39931554 0.04616487 -0.038036775 -0.5255852 0.4621838 0.20852488 -0.2329771 0.07596888 1.9877305
-0.35099062 -0.44431153 -0.2798875 -0.3860748 -0.18545271 0.05672492 -0.13375112 -0.7201339 3.3385198
1.6387864 -0.504098 0.006783648 0.45750436 1.1237296 -0.08452923 1.2660277 0.24459505 0.0
-0.25311938 -0.038326472 -0.35197762 -0.49866474 0.05978293 -0.015401923 -0.6368726 -0.41392627 3.2425416
-0.61430866 -0.252398 -0.34393546 -0.13251054 0.31734863 0.04428771 -0.18477885 -0.18280548 2.888017
0.1978847 -0.33425522 -0.6417499 -0.29454088 0.28614262 -0.6563395 -0.43381003 -0.019942537 3.1306984
0.054993708 -0.24156734 0.4701624 0.14472339 0.9303403 -0.6574981 1.6353667 0.97077453 0.0
-0.59040195 -0.45520714 -0.468381 -0.13265947 0.0034828219 0.1272842 -0.038270127 -0.4887878 3.0884733
-0.13708414 -0.14595851 -0.22334845 -0.32842582 -0.42835182 -0.41580886 -0.15502718 -0.24699447 2.9133143
-0.5513338 -0.1789657 -0.38807064 -0.41187117 -0.48290938 -0.33980757 -0.4854347 -0.29985076 3.5748172
-0.39738026 -0.3043741 -0.045086116 0.5200424 -0.3094443 -0.17832556 2.626419 1.0371475 0.0
-0.2596801 -0.23954862 -0.25544077 -0.7613654 0.03029525 -0.42758626 -0.2348065 -0.5641822 3.0710266
-0.53724647 -0.6435573 -0.22972967 -0.432429 -0.06628754 -0.31874818 -0.275967 -0.59195435 3.455177
-0.3467829 -0.3388575 -0.3410952 -0.5355682 -0.015942091 -0.45927304 0.0303461 -0.5824428 3.1425412
0.3115173 -0.899709 0.5787581 0.29094958 1.4750752 0.11203114 0.8562221 0.23112904 0.0
-0.12203846 -0.2153086 -0.67844045 -0.6161193 -0.3592067 -0.26610452 -0.2793569 -0.47284994 3.2434871
-0.35806605 -0.26367208 0.015603667 -0.7100563 -0.40667468 -0.3170684 -0.44231912 -0.818692 3.2813182
0.1255097 0.05953167 -0.52308506 -0.44541562 -0.36651072 -0.23334058 -0.14048557 -0.85142744 3.034988
0.5950558 1.4186437 0.39450252 0.07317741 0.8334472 0.8684123 -0.3537403 -0.66055095 0.0
