3.9711473 -0.8529304 1.7113552 -1.0696653 0.14241931 -0.24159384 -0.45724425 -1.062895 0.0
-1.028631 -0.23530903 -0.13715097 0.22406532 4.2739644 0.095336355 -0.0063011087 -0.26370886 0.0
-0.07278589 0.4210922 0.5390827 0.197564 -0.21729572 0.7105813 -0.70153916 -0.6546999 2.1179764
-0.20482552 -0.19447751 0.07556597 -0.3224502 0.08160492 -0.19083126 0.039114986 -0.2375511 2.500092
0.057936765 -0.12005115 0.39430356 -0.09164476 -0.3822531 -0.2766032 -0.23634547 -0.6872247 2.828968
2.3200288 -0.99156106 0.059709907 0.38250023 0.14575763 0.3285836 1.193856 0.20600864 0.0
-0.17125866 -0.19881092 -0.6920772 -0.34982422 0.13380274 -0.09519019 -0.18649653 -0.77829295 3.3852928
-0.4210688 -0.40106314 -0.7547329 0.008199451 0.15214893 -0.2994537 0.2929897 0.008335378 2.8232126
-0.25459713 0.042343464 -0.31547257 -0.4769471 -0.30526042 -0.7625438 -0.25443396 0.30372876 3.071173
-0.19388938 -0.80633396 0.44688824 -0.14114557 1.1615735 -0.7507762 2.0884466 0.68256235 0.0
-0.29419163 0.11478876 -0.3801948 -0.14426227 -0.122687854 0.101008974 0.06779526 -0.65435845 2.4377532
0.054552086 -0.14171782 -0.29894227 0.1601795 -0.2401544 -0.17382781 -0.50795025 -0.18481109 2.5804298
-0.22590424 -0.3900167 -0.3415482 0.012795637 -0.27330425 -0.29426673 -0.3570535 -0.4478073 3.3110223
-0.16228944 -0.35179916 -0.7869037 0.57274264 0.4489518 0.18776621 2.3936884 1.1416188 0.0
-0.16259386 -0.5972457 -0.6068009 -0.25803614 0.29190266 -0.41497886 -0.26781267 -0.57418925 3.0881252
-0.57332337 -0.07570101 -0.69540095 -0.7171412 -0.5165537 -0.1821727 -0.23867267 -0.48804116 4.060069
-0.40285614 -0.02038291 -0.40948415 -0.3326061 -0.25282398 -0.3986734 0.21872257 0.12387321 2.609391
-0.3702146 -0.3706322 0.2527021 0.14542755 0.15933798 -0.09285519 2.4696262 -0.10098136 0.0
-0.019655932 0.08492916 -0.57179606 -0.77143085 -0.27187845 -0.092624865 -0.8151707 -0.4384611 3.3266711
-0.28301752 -0.48189893 0.34210882 -0.9103074 -0.22679071 -1.0030466 -0.7227021 -0.053072914 3.6398935
-0.16112095 0.16830167 -0.13980393 -0.6707213 -0.64532936 -0.11741636 -0.61397004 -0.04664361 3.2595007
1.2193178 1.0459793 0.045399737 -0.6352737 0.8439654 1.2059923 -0.7272302 -0.1252023 0.0
