1.5039889 0.5233029 1.6082528 0.0734126 1.069284 1.0151647 -0.22851227 -0.114320464 0.0
0.61887604 0.6557007 0.50572544 0.4958751 1.7039025 1.1014667 0.86889815 0.37560162 0.0
1.513604 0.66440105 0.57812077 0.17065364 0.41591555 0.5301115 0.654453 -0.078378856 1.3826289
0.7874281 0.7782391 0.5541428 -0.18267885 0.6285006 0.46149805 0.36309367 -0.14807682 1.5080185
0.62378407 0.7356378 0.4891127 -0.08758098 0.46397588 0.8017732 0.48239455 -0.18488596 1.6524928
1.225394 0.7282842 0.4982001 0.65665007 0.661366 0.71978694 0.7704032 0.4611939 0.0
0.45328352 0.5061475 0.38457322 0.109656766 0.3509529 0.5776053 0.6467425 -0.0031478275 1.7270806
0.5304415 0.78725255 0.362721 0.23379931 0.6502758 0.48226696 0.47389498 0.15948781 1.2769362
0.47298133 0.61646396 0.076872624 0.4107642 0.53610057 0.319334 0.5549841 0.26999542 1.5593802
0.75409955 0.4111417 0.78669584 0.6051066 1.0948745 0.46838838 0.6639446 0.9060832 0.0
0.22778282 0.3216438 0.27271262 0.03609022 0.60833335 0.73028475 0.4942579 -0.086838916 1.83808
0.45438117 -0.022469876 0.3456373 0.12685172 0.18691655 0.2636477 0.18509641 -0.06387791 2.1654196
0.25168082 0.53310686 0.14206502 -0.07615865 0.34941724 0.5037253 -0.07583582 -0.028883187 2.2939644
0.7040745 0.6675355 0.63930756 0.53325754 0.8081217 0.6655008 1.1128075 0.7311809 0.0
0.42963904 0.23439603 -0.22927728 -0.23499753 0.5773856 0.123974465 -0.0343627 -0.22678715 2.2179797
0.28219837 0.22398384 0.191822 -0.21977377 0.48794064 0.41014832 0.11343454 -0.2906928 2.3442955
-0.06762915 -0.02256686 -0.17850465 -0.1180098 0.47822192 0.14502086 -0.059163563 -0.016398253 2.3331776
0.64840865 0.23184144 0.76043373 0.41863316 0.9644135 0.97443855 0.8920341 0.39789593 0.0
0.21656454 0.21072926 -0.27391118 -0.20883721 -0.024216888 0.1828369 -0.08620196 -0.5841553 2.6544292
0.06649452 0.5049592 -0.4167016 -0.33930263 0.156359 -0.16435735 -0.11516485 -0.5592695 2.6945941
0.17989722 0.29364756 -0.028790563 -0.5765408 0.11613129 0.15829945 -0.3539066 -0.4375404 2.7468345
1.1098576 1.1917301 0.6559451 -0.033405237 1.082114 1.2403647 0.5158493 -0.15820469 0.0
