-0.23959634 -0.39809573 -0.64132565 -0.6262817 5.252679 -0.7383258 -0.65525115 -1.4726621 0.0
-0.6572706 -0.8589568 -0.9813011 -1.0526294 -0.7707391 -0.24286562 5.5711412 -0.38346496 0.0
-0.44889536 -0.27691987 0.36695236 -0.70603293 0.34194553 -0.080614455 0.14598913 -0.6964968 2.7920027
0.28366387 -0.9444791 -0.8416318 -0.6455292 -0.6552195 -0.17553405 0.28292236 0.17798288 3.062526
0.27211908 -0.47846064 -0.5505994 0.37111354 -0.12477163 0.043872274 -0.39763764 -0.56997436 2.2230308
-0.69263977 -0.6453283 -0.8337059 -0.14616705 3.3289366 -1.2745173 -1.0057244 0.17868008 0.0
-0.13713948 -0.46989912 -0.5985755 -0.52278835 -0.5809656 0.23044288 0.6776061 -0.7445915 2.5399132
-0.3494188 -0.020712048 -0.045399256 -0.7433944 0.10388202 -0.33415237 -0.13777351 0.056967318 2.48559
-0.09762424 0.630151 -1.0059019 -0.47748777 0.07262922 -0.19717078 -0.19417293 0.044348143 2.567877
-0.28167552 -1.2931182 -0.9966727 -0.302633 -0.749478 -0.84805715 4.399941 0.37733662 0.0
-0.47346148 -0.42508173 -0.5285717 -0.2726715 -0.119199716 0.04665437 -0.52224123 -0.41211396 3.2429335
-0.36968285 0.13250484 -0.6039468 0.5414921 -0.107307255 -0.10599751 -0.28302258 -0.6068229 2.849269
-0.3848909 0.2811076 -0.24671233 -0.30595595 -0.2105258 0.123016395 0.5452505 -0.34503648 2.016452
0.44320074 -1.0934342 -0.084230445 0.65673214 -1.0922137 -0.37505817 0.6141204 1.3782246 0.0
-0.16430958 0.16801025 -0.7476089 -0.20146765 -0.06526729 0.05384216 -0.44717976 -0.2083303 2.7667422
-0.05800342 -0.57820123 -0.50678074 -0.34272745 -0.40144372 -0.5257161 0.22352055 -0.11061548 3.5544796
-0.2745561 -0.6064603 -0.7254036 -0.58268684 -0.26713508 -0.2547144 -0.043050464 -0.364444 4.183633
-0.09756736 -0.10320334 0.39663196 -0.05185593 0.29822108 0.023211915 -0.53895694 1.4006474 0.0
0.101653546 -0.6021529 -0.5643154 -0.07283568 -0.41603783 -0.15280129 -0.02422717 -0.09767746 3.4368446
-0.3091268 -0.12968795 0.11719878 -0.53182095 -0.16663922 -0.064647235 -0.41039905 -0.69609797 3.170462
0.17043921 -0.024308084 -0.15775649 -0.27290383 -0.32112405 0.015051848 -0.32826436 -0.39094213 2.8403382
-0.3704249 1.2825512 -0.5617236 -0.6052349 2.055055 -0.09912432 0.26226434 0.39977202 0.0
