0.5881436 -0.77452546 -0.5573679 -1.2634054 3.9959311 -0.7466066 -0.9325515 -0.9228575 0.0
-1.3698465 -1.0925527 -0.6216112 -0.65384024 -1.0618402 -0.27490336 5.0008726 -0.62166953 0.0
-0.26366165 -0.21812809 -0.08738708 -0.57416487 -0.42957997 -0.12658343 -0.34857053 -0.7529563 3.0455024
-0.7210181 -0.6999491 -0.54253227 -0.25329146 -0.26084167 -0.06818357 0.0075443294 -0.33258793 2.849776
0.10705653 -0.35675845 -0.11035446 -0.40368867 -0.22170226 -0.30878848 -0.236319 -0.6993257 2.5498607
-0.9908292 -0.83424485 -0.50385916 -0.47806776 3.425477 -0.9353801 -0.1988911 -0.26543704 0.0
-0.05289406 -0.5378103 -0.2765578 -0.5742955 -0.18189368 -0.3580179 -0.3014619 -0.38816744 2.7534091
-0.20787525 -0.3867667 -0.31668493 -0.35746002 -0.46562693 -0.04282879 -0.5740129 -0.39440054 2.7646134
-0.268136 -0.27488908 -0.60226697 -0.44514096 -0.0044170683 -0.54819703 -0.59683496 -0.3010835 3.100746
-0.8802582 -1.10861 -0.4277655 -0.4131658 -0.8708369 -0.79765594 3.0823922 0.93851227 0.0
-0.023294704 -0.4812122 -0.5441007 -0.34772453 -0.29921132 -0.28459084 -0.24037288 -0.46633443 2.9658554
-0.1758206 -0.43779296 -0.23895617 -0.6251071 -0.022150803 -0.48801738 -0.2981722 -0.6282391 3.0692873
-0.5525941 -0.23957649 -0.33540782 -0.40971714 -0.44795686 -0.7280795 -0.15337908 -0.31023178 3.3002288
-0.19726983 -0.74647325 0.60822725 0.4633826 -0.61337894 -0.9270291 0.29069343 1.6656396 0.0
-0.31206205 -0.22625841 -0.22303607 -0.60723245 0.08268046 -0.29286158 -0.6283177 -0.5488324 3.1072588
-0.22505493 -0.86215854 -0.67424864 -0.43560028 -0.3340086 -0.27144936 -0.4260674 -0.42484373 3.5392587
-0.6209434 -0.2848931 -0.5260305 -0.6632488 -0.31626847 -0.10453061 -0.20158382 -0.41797185 3.2487905
0.32443064 -0.12664983 -0.16522859 -0.48069492 1.3453417 -0.9370577 -0.3251391 0.950917 0.0
-0.25598183 -0.303109 -0.3722872 -0.82923883 -0.19973697 -0.29261324 -0.5169902 -0.64002967 3.3945312
-0.39909464 -0.41815543 -0.44335416 -0.5974395 -0.39443457 -0.26995748 -0.48080552 -0.3654529 3.3780365
-0.5074776 0.08997074 -0.6670271 -0.6031627 -0.45134085 -0.55480814 -0.2756999 -0.29143623 3.3435864
-0.005140538 0.24502131 -0.2668038 -1.1972018 2.8602128 0.48636094 -0.51617014 -0.53249454 0.0
