0.65232605 -0.7550267 -0.6384068 -1.2194939 3.8818977 -0.7155377 -0.77417487 -0.90131956 0.0
-1.1077414 -1.0071409 -0.5730339 -0.70635456 -1.1088963 -0.43999356 4.9661202 -0.6890533 0.0
-0.3369391 -0.29837734 -0.1439822 -0.5516287 -0.39115933 -0.12575893 -0.48075193 -0.7402209 3.1563885
-0.63591 -0.88543636 -0.5563988 -0.26172358 -0.3796337 0.14800563 0.07127686 -0.5569027 2.8981032
0.0006515803 -0.26068342 -0.16552177 -0.11741308 -0.3903798 -0.22429803 -0.22603443 -0.8229487 2.5160599
-1.0493929 -0.9340229 -0.48653075 -0.47068694 3.4345517 -0.8127339 -0.29430482 -0.13971527 0.0
-0.0731162 -0.5024432 -0.34471536 -0.5188892 -0.12040125 -0.3460509 -0.30728492 -0.35197604 2.710608
-0.14599594 -0.2523108 -0.30240837 -0.4438882 -0.3280763 -0.04212921 -0.44290102 -0.2640717 2.5447528
-0.11861121 -0.2438752 -0.74036264 -0.65309757 -0.04383385 -0.23262165 -0.43556553 -0.11106259 2.9515615
-0.704607 -1.1132637 -0.256683 -0.53558457 -0.945112 -0.89727175 3.1655207 0.82711905 0.0
-0.34770074 -0.49559566 -0.500095 -0.10646612 -0.37665972 -0.34140208 -0.3160734 -0.4362499 3.0105872
-0.20051777 -0.43329167 -0.15142743 -0.6949354 -0.1735147 -0.48694503 -0.46712354 -0.69014996 3.25552
-0.5204939 0.026300237 -0.23811702 -0.41445822 -0.52716213 -0.6563023 -0.04578601 -0.2384432 3.0593665
-0.099126905 -0.53935003 0.3983313 0.46096954 -0.5606982 -0.8447305 0.38712162 1.5088004 0.0
-0.26680923 -0.21038558 -0.14947198 -0.6922042 -0.09809368 -0.16268633 -0.5790381 -0.43163753 3.0255508
-0.07388018 -0.70858175 -0.5737654 -0.48398504 -0.24725987 -0.15212546 -0.5101432 -0.290922 3.2804923
-0.5842844 -0.28504053 -0.6210504 -0.76628757 -0.27085564 -0.07858787 -0.26348704 -0.53979677 3.3647666
0.08491775 0.07890619 -0.022758737 -0.5674238 1.4405644 -0.97324795 -0.44431296 0.9450456 0.0
-0.21314095 -0.37974197 -0.19515775 -0.77690524 -0.2178133 -0.19262615 -0.3983044 -0.69169325 3.2313364
-0.35214293 -0.26633546 -0.40915313 -0.6491324 -0.3737347 -0.22087157 -0.58315057 -0.4245026 3.3353188
-0.5568973 0.13936394 -0.8100318 -0.47887135 -0.4347377 -0.4694793 -0.42680934 -0.09001197 3.3112543
-0.13552342 0.35481855 -0.49649513 -0.8880732 2.8792233 0.45061415 -0.5158447 -0.566134 0.0
