-0.44877747 -0.5525391 -0.781687 -1.0149072 5.567458 -0.9287453 -0.9942715 -1.5512754 0.0
-1.007843 -0.9988614 -1.0929868 -1.1351175 -0.63469255 -0.5944337 5.7767644 -0.6184678 0.0
-0.5449901 -0.69490254 0.11504454 -0.640847 -0.22405154 0.038787454 -0.10695341 -0.38513657 3.0245655
-0.045003626 -1.1233603 -0.88860804 -0.46601498 -0.23016526 -0.42186072 0.14469439 -0.31733978 3.288643
0.8140578 -0.8034119 -0.82940584 -0.010018991 0.060926467 -0.091071665 -0.6402846 -1.1286592 2.5966606
-0.7383502 -1.0107859 -0.8322483 -0.13451017 3.701976 -1.3708767 -0.9079787 -0.3260993 0.0
-0.20963745 -0.61891925 -0.24330388 -0.63100386 -0.15543106 0.3842476 -0.26120067 -1.0187916 2.6578984
-0.82572883 -0.37457505 0.08598337 -0.3479305 0.03558623 -0.4352756 -0.29808986 -0.18282878 2.5907705
0.4904208 0.52311206 -1.2015969 -1.1161917 0.33719918 -0.67264426 -0.2757045 0.20670244 2.3700655
-0.7215717 -1.4089606 -0.4226355 -0.471164 -0.5185529 -1.1223744 3.7746212 0.47837865 0.0
-0.13704737 -0.2209431 -0.61578393 -0.0553153 -0.35255095 -0.3887295 -0.47585037 -0.6456987 3.0251791
0.004882963 -0.45660394 -0.5747553 -0.09346487 -0.066945896 -0.18535845 -0.44602004 -0.86591023 3.0842476
-0.45112917 0.38628173 0.03299657 -0.2974922 -0.23023225 -0.21810675 0.3886075 -0.7247515 2.3076656
0.19516495 -1.1645335 -0.07518322 0.8644257 -1.2789375 -0.540382 0.7123363 1.6822187 0.0
-0.45875728 0.53505224 -0.5988554 -0.50334436 -0.0473952 -0.08542833 -0.38192195 -0.33498597 2.8945415
-0.19350906 -0.44888484 -0.468355 -0.83450496 -0.38392383 -0.42504385 -0.23042329 -0.43455997 3.6378193
-0.122199245 -0.5034703 -0.36376607 -0.30253434 -0.57376415 -0.40316278 -0.1842804 -1.0265634 3.7312064
-0.018228013 -0.027039036 0.12949607 -0.5201328 0.26505658 -0.15304379 -0.48596197 1.9009104 0.0
-0.10309678 -0.5210189 -0.80280614 -0.52841437 -0.71239835 0.115625896 -0.42220867 -0.5041728 3.6723263
-0.3428458 -0.17366654 -0.37107685 -0.35533953 -0.13345778 0.013261094 -0.40999994 -0.8312206 3.1950583
-0.1400187 -0.28456938 -0.74789006 -0.6066557 -0.53476477 0.10203036 -0.24097668 -0.67681485 3.7333515
-0.23723091 0.8424492 -0.3066534 -0.96906656 2.419918 0.4707247 0.2064156 -0.081895165 0.0
