0.8260024 -0.7627854 -0.9507495 -0.96842813 3.529229 -0.2589744 -0.95943606 -0.6593978 0.0
-1.0500726 -1.2701194 -0.30427387 -0.5631521 -1.0388542 -0.13082458 4.1442804 0.06730602 0.0
-0.34350294 -0.48000216 -0.39773566 -0.56684285 -0.0012265253 -0.6796108 -0.16093966 -0.32924187 3.1634898
-0.47551283 -0.50942117 -0.38262036 -0.4303757 -0.14442648 -0.119489454 -0.37591234 -0.6537231 3.0318053
-0.5658877 -0.2594291 -0.32554352 -0.43672615 -0.46947742 -0.5495723 -0.059412323 -0.32249752 2.7613146
-1.0622649 -0.92391926 0.17102522 -0.52171814 2.542599 -0.6308946 0.23238376 0.16382009 0.0
-0.48701906 -0.3558275 -0.35851726 -0.61776483 -0.122036606 -0.6719748 -0.3868138 -0.44945812 2.936889
-0.33854225 -0.38752404 -0.46136186 -0.20840847 -0.1469262 -0.4332963 -0.09002631 -0.5421233 2.6393561
-0.43185365 -0.5417912 -0.2676564 -0.3994432 -0.31782064 -0.39225358 -0.3711628 -0.14468339 3.0900223
-0.70694256 -0.88210785 -0.49287686 -0.15838255 -1.0384752 -0.8702926 2.0599768 2.0406513 0.0
-0.5362361 -0.44588915 -0.56857455 -0.39169675 -0.3079372 -0.28631556 -0.44514573 -0.2781332 3.1807578
-0.46927226 -0.2665253 -0.3145284 -0.35922867 -0.2832415 -0.48919716 -0.55216396 -0.32004803 3.118534
-0.4397016 -0.41892228 -0.21250358 -0.46227315 -0.5875512 -0.17452796 -0.43593982 -0.37628812 3.1762779
0.46091136 -0.4621911 -0.1801073 0.47557104 -0.9389664 -0.9432208 0.18997931 1.9230622 0.0
-0.6199386 -0.42333335 -0.3331302 -0.38081533 -0.27344397 -0.35484907 -0.45177037 -0.42798838 3.295572
-0.45766222 -0.45578405 -0.40410575 -0.36623964 -0.30047947 -0.28240025 -0.5416211 -0.50024664 3.345764
-0.52735424 -0.48621738 -0.34462556 -0.4055395 -0.31610107 -0.27268034 -0.405935 -0.54345626 3.351977
0.8946262 -0.590069 0.28171578 -0.44951588 1.4580256 -0.4413447 -0.07719159 -0.44406202 0.0
-0.12107932 -0.417596 -0.40548968 -0.48565447 -0.27893916 -0.4425091 -0.4614201 -0.512387 3.1524725
-0.3595086 -0.5246863 -0.4293307 -0.38408023 -0.3462244 -0.41892102 -0.3071086 -0.35599056 3.2270753
-0.58456093 -0.43855196 -0.43557 -0.47711775 -0.34048992 -0.21431541 -0.35312158 -0.5726442 3.2851079
-0.17037971 -0.3501946 -0.2357994 -0.8959542 0.17074478 2.6792748 -0.2974264 -0.3860336 0.0
