0.8054256 -0.75141525 -0.68067104 -0.8305308 3.530728 -0.5177794 -0.7282396 -0.94384575 0.0
-1.172441 -1.2364475 -0.21700124 -0.70253193 -1.3041743 -0.32494712 4.5550146 -0.21341209 0.0
-0.22861013 -0.19737145 -0.55319357 -0.5228524 -0.26652047 -0.15777776 -0.57810885 -0.33274275 3.0533166
-0.48012307 -0.50748867 -0.20441934 -0.11940084 -0.31261125 -0.22614631 -0.28481147 -0.42641056 2.7492034
-0.3587725 -0.31618327 -0.33741805 -0.53002995 -0.4536595 -0.42676422 -0.0093701165 -0.4561854 2.7680445
-1.0795066 -0.71896255 0.017052474 -0.3510197 2.518813 -0.5596242 0.12102842 0.103281125 0.0
0.006223715 -0.46646392 -0.42264396 -0.56475735 -0.19049223 -0.36213967 -0.1940075 -0.2779212 2.6859362
-0.24674045 -0.43407652 -0.66693413 -0.35346287 -0.50565165 -0.03176112 -0.154499 -0.25153777 2.7261
-0.24550124 -0.006160022 -0.09257035 -0.42213812 -0.27852312 -0.57350785 -0.621014 -0.38988313 2.8940837
-0.4851051 -0.7706586 -0.31200522 -0.2138522 -0.57529736 -0.52375066 2.2389011 1.2223858 0.0
-0.34382036 -0.22697146 -0.2627178 -0.61428404 -0.4972496 -0.22732021 -0.35735878 -0.6148328 3.1245196
-0.4155686 -0.030488936 -0.65390563 -0.46869224 -0.285105 -0.20418045 -0.6996662 -0.4166653 3.2294173
-0.42229092 -0.24041778 -0.4284559 -0.36988816 -0.54401815 -0.11975011 -0.51569 -0.5109698 3.259696
-0.11780334 -0.7316871 0.55884546 0.5843201 -1.1564838 -0.99594086 0.83971137 1.5504926 0.0
-0.38918847 -0.1821801 -0.60861254 -0.6343963 -0.21870717 -0.39603168 -0.5998347 -0.30347598 3.3561919
-0.43033952 -0.5663872 -0.42367053 -0.38759577 -0.40954775 -0.2580992 -0.52306277 -0.4070605 3.3964868
-0.4754598 -0.5726458 -0.4054213 -0.59299195 -0.44715843 -0.4396047 -0.2610809 -0.2685613 3.3777962
0.17445183 -0.21723571 0.21400797 -0.1500151 0.9275567 -0.6002949 0.06347011 0.71886075 0.0
-0.4518328 -0.4591266 -0.16222344 -0.6720834 -0.54077625 -0.6484367 -0.29218397 -0.6303498 3.5221531
-0.41377327 -0.45065254 -0.40296853 -0.5781455 -0.3808866 -0.5275653 -0.5005173 -0.19044988 3.3878558
-0.50929475 -0.45587024 -0.3759481 -0.54541963 -0.5357729 -0.46318015 -0.3130193 -0.22022761 3.3833344
0.37374207 0.7202746 -0.17601627 -1.2632841 2.0192654 0.7847087 0.089890644 -0.16022784 0.0
