0.53002214 -0.75230086 -0.60323626 -1.1418875 3.9458952 -0.5316359 -1.0261046 -0.94199276 0.0
-1.2940127 -1.1927514 -0.5845433 -0.74592626 -1.001214 -0.4382518 5.067962 -0.65928984 0.0
-0.3035695 -0.37733278 -0.34152037 -0.716703 -0.27899137 -0.06510981 -0.3215926 -0.69744 3.1770747
-0.6555107 -0.72148776 -0.37437052 -0.4700559 -0.14727837 -0.09336018 -0.091258176 -0.29266173 2.8312457
-0.20807229 -0.3667516 0.1886294 -0.52634454 -0.114323385 -0.3361206 -0.2694922 -0.7591397 2.6745906
-1.2255386 -0.89092076 -0.48703393 -0.43993095 3.5790653 -1.0071687 -0.24366301 -0.36839586 0.0
-0.09384835 -0.5665381 -0.2555931 -0.5794147 -0.073096216 -0.27259135 -0.25231802 -0.46764424 2.718838
-0.15057454 -0.503971 -0.46189892 -0.46895483 -0.4828372 -0.15015629 -0.5501194 -0.3576419 2.9416192
-0.28023937 -0.21646665 -0.6218117 -0.26175746 -0.11927114 -0.6330845 -0.44781476 -0.25563976 2.9922888
-0.7079507 -1.0675925 -0.5608383 -0.13405114 -0.75601304 -0.7647441 2.9200861 0.8510276 0.0
-0.018211909 -0.40438786 -0.5196144 -0.16157292 -0.2911187 -0.38064536 -0.15460059 -0.50748837 2.8658404
-0.27933636 -0.32132173 -0.1717403 -0.52352816 0.12590076 -0.45943838 -0.47694278 -0.52826524 2.9801111
-0.42245448 -0.5147053 -0.52361745 -0.28050768 -0.35263923 -0.64728105 -0.15131085 -0.34928262 3.3244443
-0.13989261 -0.72034556 0.63713366 0.76296955 -0.70743734 -1.0598547 0.35674405 1.4025906 0.0
-0.36982167 -0.16896781 -0.448909 -0.5970652 0.15836976 -0.41484994 -0.59588903 -0.57080376 3.2210095
-0.37887493 -0.8172744 -0.72674716 -0.5233413 -0.2718358 -0.3450198 -0.36485633 -0.3826394 3.5686734
-0.6283247 -0.40691867 -0.48775905 -0.68315035 -0.36007124 -0.23601075 -0.11797242 -0.35277447 3.3283913
0.27510765 -0.30903667 -0.17139032 -0.13059543 1.2613759 -0.8576692 0.070550874 0.6770677 0.0
-0.20148613 -0.20930591 -0.28777725 -0.62780774 -0.25416636 -0.22822392 -0.4346931 -0.6673462 3.198245
-0.27035388 -0.38424882 -0.34170088 -0.8400894 -0.3258303 -0.25079292 -0.43384865 -0.43190747 3.3501027
-0.455437 -0.09394346 -0.57459295 -0.6578342 -0.4334344 -0.45640832 -0.255948 -0.3135837 3.347212
-0.052231926 0.2792045 -0.17459166 -1.2324623 2.8160658 0.55200213 -0.5378207 -0.5403992 0.0
