-0.2152482 -0.57490516 -0.9062371 -1.1540657 5.0867963 -0.6994613 -1.0453198 -1.3560424 0.0
-1.3048518 -0.751982 -0.5952658 -0.6860763 -0.7603316 -0.64448583 5.253048 -0.7200801 0.0
-0.71051854 -0.59846044 -0.20418176 -0.21681517 -0.42793784 -0.09278826 -0.21001978 -0.7846221 3.2620878
-0.13330115 -0.8828039 -0.88032854 -0.6357257 -0.23028237 0.04290265 0.0133487675 -0.54304385 3.1192818
0.54166794 -0.91105676 -0.24675769 0.16447885 0.01821846 0.09363235 -0.60213584 -1.041698 2.2673945
-0.73633236 -0.6180399 -0.8017127 -0.36697984 3.4829493 -0.91189784 -0.9322178 -0.19971392 0.0
-0.27734765 -0.355149 -0.25728384 -0.34784344 -0.11899191 0.40838006 -0.018646037 -1.3274704 2.4696736
-0.53665775 -0.46392006 -0.46142685 -0.3121423 -0.14409143 -0.50052935 0.008886599 -0.49565285 2.8903155
0.7128334 0.6746129 -1.3213348 -1.0447621 0.1682643 -0.7979001 -0.27365014 -0.040018976 2.4278147
-1.1136976 -1.0113657 -0.5597703 -0.5297223 -0.6129786 -1.206208 3.6856093 0.37531722 0.0
-0.3625631 -0.28280413 -0.29499456 -0.20579208 -0.45240906 -0.3194688 -0.13879924 -0.6537179 2.913819
-0.30888522 -0.563829 -0.62250096 -0.34621784 -0.12068336 -0.4640745 -0.5725212 -0.7143056 3.5098755
-0.2762598 0.13759552 0.06398423 -0.16057767 -0.43050998 -0.16353968 0.044014324 -0.7750975 2.6077335
-0.17414485 -0.9382313 0.15026374 0.87426263 -1.2464443 -0.2558451 0.78413963 1.3877002 0.0
-0.62752664 0.34223682 -0.56743526 -0.5262218 -0.24736285 0.03394633 -0.27481958 -0.46275494 3.0766687
-0.11699377 -0.56531173 -0.4811673 -0.75070053 -0.30645043 -0.48567912 -0.5261349 -0.3151611 3.6416779
-0.24068864 -0.27364945 -0.48810816 -0.66021967 -0.117319666 -0.43759617 0.13403232 -0.81157005 3.4406416
-0.06282382 0.612603 -0.22116818 -0.54042315 0.5622918 -0.56924343 -0.3997136 1.4616948 0.0
0.21517271 -0.16619283 -0.82059675 -0.8945863 -0.84701055 0.057229906 -0.54493535 -0.27493802 3.3464873
-0.19356395 -0.1413831 -0.65418357 -0.6460008 -0.16434559 0.08104159 -0.24363172 -0.81096864 3.2870903
-0.088183515 -0.19665258 -0.88063705 -0.45705375 -0.3692244 -0.23904411 -0.33802828 -0.7639591 3.7339063
-0.4307134 0.53313804 -0.4103032 -1.0030473 2.986243 0.24948537 0.15435418 -0.5273775 0.0
