-0.22813061 -0.5284796 -0.71803814 -0.8905102 5.41636 -0.89927554 -0.94464374 -1.5611436 0.0
-0.9517703 -0.97887385 -1.0904706 -1.1440519 -0.8942305 -0.53043884 5.87361 -0.77927333 0.0
-0.70994663 -0.6132533 0.35756618 -0.57162315 -0.19575584 -0.16103175 -0.038852897 -0.34695098 2.8458102
0.2191785 -1.2840667 -0.6794133 -0.42313182 -0.7825151 -0.23417445 0.27415064 -0.42738968 3.340975
0.55290216 -0.5325017 -0.79698235 0.119152814 -0.13975212 -0.016981507 -0.41236448 -1.0803496 2.4392905
-0.75638366 -1.0011171 -0.98800004 -0.13844731 3.7325387 -1.3576977 -1.1371585 -0.13921125 0.0
-0.2188089 -0.5766391 -0.4126322 -0.59871936 -0.3387119 0.36938834 -0.091819726 -0.99155253 2.7160327
-0.7520675 -0.09049325 -0.055949315 -0.8488265 0.49424246 -0.42831397 -0.2327088 -0.098092355 2.6061518
0.19730446 0.7557128 -1.1295602 -0.96414536 0.25841334 -0.5664404 -0.26435056 0.10625548 2.4272492
-0.69552904 -1.3928571 -0.7083746 -0.388723 -0.45717224 -1.0795428 3.961163 0.4383737 0.0
-0.3730158 -0.6261969 -0.6078467 -0.14666678 -0.28760967 -0.34952527 -0.32075432 -0.3061903 3.0081322
0.19523443 -0.123827524 -0.47533125 0.037260585 -0.07201881 -0.18795848 -0.22232091 -0.77299976 2.7190957
-0.45808613 0.24718468 -0.09548904 -0.49562207 -0.50091004 -0.038428776 0.4574685 -0.6509345 2.471569
0.1803773 -0.971761 -0.22823063 0.8205304 -1.1033993 -0.38243416 0.8129785 1.545992 0.0
-0.57962656 0.42510784 -0.54527277 -0.3233197 -0.31089932 -0.066095024 -0.29645634 -0.3204382 2.8901417
-0.19649918 -0.37829244 -0.15275115 -0.83619326 -0.29999322 -0.6442506 -0.16484134 -0.37540138 3.5930445
-0.03256382 -0.47672248 -0.49083742 -0.6113559 -0.53271466 -0.38806853 -0.1826237 -0.88426125 4.0211797
0.10047592 0.17040688 0.094953425 -0.18360478 0.19644001 -0.22591178 -0.60497653 1.6163979 0.0
-0.086930424 -0.62936205 -0.71357775 -0.40310255 -0.554322 -0.12367734 -0.2898845 -0.38535732 3.7301075
-0.55463743 -0.29033256 0.25749066 -0.3797775 -0.35820848 -0.1552193 -0.3391707 -0.8346001 3.0863228
-0.093399376 -0.21705846 -0.63077086 -0.5963141 -0.27838483 0.06523105 -0.5443027 -0.42005304 3.62584
-0.45503283 1.4038122 -0.5895594 -0.94016117 2.1425848 0.16817412 0.5254592 0.11971516 0.0
