-0.2381425 -0.38812658 -0.6195825 -0.59605294 5.232964 -0.7254099 -0.63622326 -1.4649948 0.0
-0.6358447 -0.84897107 -0.97320586 -1.0448148 -0.76055735 -0.22644281 5.545517 -0.35986853 0.0
-0.4323303 -0.25747696 0.3615762 -0.69607085 0.33678907 -0.07577733 0.14346752 -0.693066 2.7784283
0.27783754 -0.918837 -0.83330107 -0.63843566 -0.6428066 -0.17080426 0.27323556 0.17606631 3.0384457
0.26879713 -0.46929282 -0.54331076 0.3660972 -0.11837118 0.043340787 -0.39219317 -0.5382571 2.2064817
-0.68694115 -0.64360124 -0.8210496 -0.14546858 3.3277435 -1.2674122 -0.9969278 0.17861505 0.0
-0.13050677 -0.45986873 -0.5958292 -0.5052246 -0.57445323 0.22644657 0.67453754 -0.7257409 2.5315857
-0.34255075 -0.019436475 -0.044536013 -0.7346187 0.10290097 -0.3267591 -0.1364462 0.05577703 2.465754
-0.09627923 0.6160014 -0.9822101 -0.44831035 0.07123278 -0.18278007 -0.18422113 0.043412343 2.541334
-0.28072655 -1.2845509 -0.9962154 -0.29597256 -0.74898374 -0.8291837 4.398299 0.37249932 0.0
-0.45551518 -0.41053018 -0.50846606 -0.27075568 -0.11717428 0.045703333 -0.5182865 -0.4028202 3.2279758
-0.5532338 0.123291135 -0.5934343 0.53116757 -0.10240278 -0.100668535 -0.26882616 -0.5797813 3.0317206
-0.38042986 0.27808586 -0.24169116 -0.29702926 -0.19505316 0.12149012 0.53264683 -0.32603383 2.002936
0.4428802 -1.0922903 -0.083909914 0.65509206 -1.0726911 -0.37237257 0.61352515 1.3748507 0.0
-0.14836563 0.30884573 -0.7967248 -0.19314356 -0.06327334 0.048844557 -0.43848366 -0.20259142 2.7324643
-0.049896896 -0.5712383 -0.50364405 -0.31639713 -0.38819465 -0.5155073 0.2221293 -0.09912647 3.520649
-0.2595262 -0.5887945 -0.72251225 -0.5766524 -0.25111294 -0.24763127 -0.27857202 -0.33661777 4.186314
-0.09710613 -0.103060566 0.394418 -0.051781308 0.29772657 0.023055974 -0.532137 1.3990637 0.0
0.10071635 -0.58769274 -0.5422943 -0.062498834 -0.3923378 -0.14847805 -0.019372765 -0.083795585 3.409376
-0.2957171 -0.122839205 0.11499545 -0.5233187 -0.15971379 -0.05979048 -0.39585933 -0.67810726 3.138284
0.16502729 -0.022999521 -0.14395489 -0.25443357 -0.30695817 0.01335569 -0.31309125 -0.37574077 2.7911913
-0.360465 1.2788706 -0.5603722 -0.60257125 2.052093 -0.098933764 0.26128218 0.39799342 0.0
