-0.44309694 -0.53767097 -0.761345 -0.9375325 5.5633273 -0.91013426 -0.96387064 -1.5665834 0.0
-0.9734542 -0.98669165 -1.0966405 -1.1493226 -0.9023009 -0.5562317 5.8916183 -0.8120692 0.0
-0.71601707 -0.6447474 0.38890874 -0.55966836 -0.21196032 -0.16517134 -0.039763898 -0.36433703 2.8394125
0.21253572 -1.0863732 -0.737958 -0.43830138 -0.7917236 -0.23865621 0.10963579 -0.30767226 3.2923481
0.76522076 -0.6111026 -0.809696 0.08846016 -0.09749429 0.020645143 -0.39217845 -1.0761027 2.3295994
-0.73194623 -1.0059476 -0.9581008 -0.13848983 3.7235503 -1.3628725 -1.145774 -0.13985457 0.0
-0.2303766 -0.5987937 -0.470356 -0.6150422 -0.34800813 0.39132947 -0.0943655 -1.0049477 2.761136
-0.7917004 -0.054270677 -0.041903175 -0.72279704 0.36033273 -0.4327686 -0.20357548 -0.104749784 2.5816927
0.24251477 0.7072994 -1.1573482 -1.0156341 0.39813167 -0.43573096 -0.27278188 0.18371874 2.300909
-0.7054352 -1.399172 -0.71034676 -0.4486377 -0.4744715 -1.0962017 3.979789 0.44223118 0.0
-0.28270617 -0.43380785 -0.58221436 -0.058206003 -0.3063885 -0.36070132 -0.33745334 -0.49066654 2.976866
0.0015198692 -0.12875544 -0.52016425 0.032724332 -0.19329037 -0.19130622 -0.41567594 -0.8120308 2.9785864
-0.4072936 0.29287505 -0.092863515 -0.31119254 -0.5129233 -0.04041315 0.4638174 -0.67664784 2.3489861
0.18471387 -1.2271689 -0.016611172 0.9527246 -1.1250057 -0.50692564 0.64707565 1.6238505 0.0
-0.5953763 0.43369797 -0.56932485 -0.60222244 -0.043346874 -0.07221699 -0.32717857 -0.32684758 2.9332044
-0.21805258 -0.42866635 -0.19513167 -0.83063483 -0.33050978 -0.35980958 -0.17833765 -0.40424353 3.377061
-0.09932839 -0.49143207 -0.5044564 -0.5858989 -0.5555421 -0.39563757 -0.16769674 -0.93322825 4.0204816
0.10244718 0.18539332 0.09646534 -0.5636433 0.16172598 -0.13208924 -0.43573081 1.6806724 0.0
-0.085359626 -0.5601706 -0.7598818 -0.44999263 -0.6090695 0.09251372 -0.33684528 -0.4298408 3.608567
-0.5717876 -0.17087518 -0.046637073 -0.4036285 -0.36953962 -0.14625442 -0.36634895 -0.7565235 3.304753
-0.10806532 -0.24212937 -0.6752073 -0.62507695 -0.39960933 0.07076971 -0.49166572 -0.46315306 3.7146192
-0.25062668 1.2873605 -0.096155986 -0.95029306 1.9959466 0.22076893 0.4285995 0.0932575 0.0
