-0.25179997 -0.48968813 -0.8496421 -0.7092507 5.398708 -0.85279137 -0.83350724 -1.536816 0.0
-0.86152244 -0.9450402 -1.049997 -1.1186893 -0.85916716 -0.4299463 5.7850065 -0.64400166 0.0
-0.60532534 -0.5014856 0.41082373 -0.5292594 0.1353006 -0.13355123 0.13822992 -0.44788864 2.6986976
0.3360497 -1.1825067 -0.912811 -0.70715296 -0.76598763 -0.21938954 0.20944433 0.18300529 3.3143687
0.40546113 -0.56035215 -0.6141776 0.119502164 -0.12199898 0.045386866 -0.44046098 -0.9095485 2.4418142
-0.74099237 -0.9800372 -0.9446524 -0.15159987 3.7099767 -1.3350499 -1.0805458 -0.15044776 0.0
-0.20663579 -0.45790488 -0.61338747 -0.5946987 -0.63699645 0.10247584 0.39035317 -0.9180317 2.8354282
-0.41091067 -0.034641825 -0.053166904 -0.81910825 0.11277306 -0.40118915 -0.43704006 0.32255605 2.794658
-0.10925207 0.751381 -1.010065 -0.7988096 0.084589764 -0.36601144 -0.3169064 0.05278474 2.7081954
-0.6042212 -1.3652759 -0.6974922 -0.3629401 -0.75352013 -1.0191702 4.2238297 0.421435 0.0
-0.6408933 -0.56502795 -0.7254193 -0.28883278 -0.13703018 0.19086541 -0.5554772 -0.29654938 3.2999542
0.06604874 0.23797189 -0.69707257 0.6341545 -0.14536662 -0.16147104 -0.4277366 -0.88283944 2.6070256
-0.547356 0.58074 -0.29181823 -0.37819728 -0.39795104 0.050963085 0.4715219 -0.5478054 2.2323523
0.22712168 -0.8071286 -0.075339794 0.90143275 -1.2655603 -0.21710056 0.61902696 1.1330428 0.0
-0.4085568 0.34609142 -0.92010254 -0.28507355 -0.084081404 0.11915516 -0.52496296 -0.29488215 3.0694075
-0.1975629 -0.63833225 -0.13173637 -0.6578835 -0.52797407 -0.61470485 -0.11636648 -0.27035713 3.8162599
-0.0134878 -0.59271365 -0.74918836 -0.6343989 -0.44246924 -0.32063323 -0.08458328 -0.69667757 4.268153
-0.09988037 0.019677702 0.22843376 -0.17053331 0.11746056 -0.14905286 -0.59752786 1.840169 0.0
0.10962893 -0.7343572 -0.54084444 -0.25315732 -0.6718343 -0.19314867 -0.149057 -0.34025043 3.6134198
-0.46693143 -0.20152162 0.1369111 -0.6065156 -0.23563409 -0.122221224 -0.55092424 -0.6722757 3.338418
0.19106723 0.0023542861 -0.33278328 -0.48338568 -0.2371939 0.043981045 -0.48302114 -0.31641814 3.099358
-0.42386058 1.3119448 -0.57566375 -0.6274396 2.1633089 -0.3315182 0.5351663 0.37964895 0.0
