1.2043544 -0.636593 -0.77275443 -0.768402 3.0292835 -0.25553194 -0.6679672 -0.961918 0.0
-0.9780675 -1.1902215 -0.15687728 -0.4319713 -0.8074087 0.3123906 3.4655666 0.49703157 0.0
-0.5111105 -0.26539248 -0.2706003 -0.4875569 -0.22331387 -0.38852337 -0.3549936 -0.54726315 3.1951666
-0.3366026 -0.47013697 -0.3477761 -0.5105449 -0.15878361 -0.41438544 -0.4838751 -0.3529311 2.9925487
-0.4180565 -0.23582858 -0.2652451 -0.45665964 -0.37112555 -0.6370961 -0.026731174 -0.5176741 2.6158767
-0.83360285 -0.7407112 0.28403974 -0.30562124 1.6674602 -0.38614583 0.61580616 0.4539598 0.0
-0.57506514 -0.5732234 -0.41036454 -0.4361245 -0.30180877 -0.6148003 -0.5457461 -0.48919377 2.872167
-0.26385272 -0.60402495 -0.39520496 -0.53096735 -0.32751277 -0.44767803 -0.2944523 -0.25011143 2.8550532
-0.390869 -0.5616505 -0.55040634 -0.32577404 -0.27421626 -0.44766802 -0.34284335 -0.42358518 3.3661113
-0.62809724 -0.8339433 -0.35080633 -0.032097574 -0.39489508 -0.6799405 1.5882237 1.8441274 0.0
-0.4992006 -0.40908274 -0.5508313 -0.43941242 -0.39669397 -0.31828734 -0.28631994 -0.51634425 3.1384518
-0.5537418 -0.38945732 -0.2299082 -0.42263663 -0.51243603 -0.38988322 -0.43648276 -0.43480113 3.2389452
-0.4506417 -0.49006975 -0.43953657 -0.469495 -0.5055339 -0.33032995 -0.48450038 -0.54978305 3.3270152
0.5506547 -0.34562647 -0.04219316 0.44889084 -0.8256195 -0.5790566 0.38335505 1.4181339 0.0
-0.33842385 -0.43481725 -0.3710089 -0.24960034 -0.41724658 -0.293712 -0.2694492 -0.4055836 3.1891088
-0.44893935 -0.48176613 -0.41473702 -0.48191538 -0.3771295 -0.4360015 -0.21635148 -0.50295055 3.424177
-0.51795644 -0.49914673 -0.3530081 -0.30131283 -0.24726422 -0.3994092 -0.2864365 -0.3657319 3.2884202
0.89168006 -0.8011517 0.16483854 -0.321397 1.4100364 -0.1664724 0.10780144 -0.46822667 0.0
-0.21881942 -0.34031424 -0.3924498 -0.4544436 -0.5386468 -0.24197455 -0.36813107 -0.60846204 3.1590185
-0.15127923 -0.5655932 -0.33850482 -0.48850203 -0.28624967 -0.46271977 -0.18947858 -0.48573035 3.2260132
-0.47857726 -0.40412247 -0.4730377 -0.6011832 -0.3057277 -0.21070285 -0.34408027 -0.5063709 3.2381098
0.122307874 -0.22504443 -0.06319546 -0.8014677 0.19955704 2.4464571 -0.3879559 -0.4130631 0.0
