-0.312074 -0.5622287 -0.8300992 -1.0689646 5.257016 -0.9396202 -1.0146823 -1.3054527 0.0
-1.0308748 -0.9977205 -0.8094255 -1.1366041 -0.68626 -0.6006701 5.62443 -0.6578385 0.0
-0.6027363 -0.6938147 -0.012936663 -0.4888065 -0.24388933 0.062392946 -0.23528159 -0.41649503 3.067936
-0.05325498 -1.1241994 -0.9167624 -0.49765635 -0.2311203 -0.27954715 0.17517717 -0.32838705 3.2269082
0.8848424 -0.8296374 -0.51856524 -0.1512256 0.13382532 0.025732636 -0.6989262 -1.1544398 2.4879463
-0.7174978 -0.84347653 -0.9906826 -0.1365132 3.6075351 -1.3255734 -0.91821134 -0.24335632 0.0
-0.24743153 -0.5791012 -0.40240398 -0.6124048 -0.16883595 0.4741116 -0.15534292 -1.2392734 2.7477713
-0.712794 -0.40621918 0.13923989 -0.32119426 0.07570983 -0.67907304 -0.13647167 -0.3134182 2.6519966
0.67605895 0.49295568 -1.4057918 -1.2195547 0.3409988 -0.7097005 -0.2337506 0.6070332 2.0993469
-0.8084985 -1.415196 -0.41478574 -0.51812226 -0.5275984 -1.1190742 3.8548248 0.41609818 0.0
-0.124037765 -0.24094547 -0.5700198 -0.0035563472 -0.43012965 -0.33806056 -0.52021056 -0.6587761 3.0094383
-0.24394685 -0.5339837 -0.6063069 -0.08289745 -0.11413589 -0.19289646 -0.49545902 -0.8425817 3.2263951
-0.4142254 0.088812836 0.076362126 -0.14469874 -0.19786495 -0.14494456 0.33954287 -0.75074035 2.3738027
0.0116062155 -0.96115255 0.27304807 0.711008 -1.2037035 -0.3210996 0.90285385 1.2903553 0.0
-0.5301965 0.600917 -0.57073385 -0.46603686 -0.09134916 -0.08076061 -0.43742153 -0.061661784 2.6797328
-0.21558067 -0.51448685 -0.4814232 -0.9643493 -0.42304665 -0.47409418 -0.5033086 -0.2526526 3.798187
-0.14011776 -0.32582232 -0.35558838 -0.4186828 -0.3549229 -0.428123 0.013747226 -1.083507 3.5415645
-0.09832718 0.36187175 -0.10010399 -0.5869229 0.47293457 -0.23133889 -0.5421201 1.6079423 0.0
-0.1078013 -0.5365508 -0.8363322 -0.73438424 -0.784234 0.15482897 -0.49076298 -0.36751077 3.7317414
-0.22367662 -0.12589522 -0.42116895 -0.5863329 -0.31022513 -0.14103574 -0.37106413 -0.8484556 3.354787
-0.211782 -0.19291028 -0.80134296 -0.60503715 -0.5641713 -0.11919019 -0.28842086 -0.6889772 3.853302
-0.28730962 0.63733214 -0.3053852 -0.9894823 2.6146657 0.5260475 -0.15125683 0.02060168 0.0
