-0.22588472 -0.51789236 -0.6703185 -0.83830917 5.3992677 -0.88669413 -0.9225618 -1.5546492 0.0
-0.9269309 -0.96977574 -1.0832721 -1.1372635 -0.8847853 -0.5016788 5.852001 -0.74081993 0.0
-0.6888663 -0.57870275 0.26371127 -0.5638197 -0.17761704 -0.15314806 -0.03466701 -0.1935492 2.8290985
0.21470581 -1.2565848 -0.6562509 -0.44805875 -0.7724208 -0.22912616 0.23219448 -0.4187894 3.3303328
0.41083953 -0.5847748 -0.7709913 0.12079131 -0.13383481 0.24429888 -0.41656867 -1.0318418 2.4051404
-0.75461197 -0.99547654 -0.97696716 -0.13785917 3.7312214 -1.3516484 -1.1291742 -0.15288402 0.0
-0.30093667 -0.55145407 -0.3532046 -0.5814808 -0.3543449 0.33412978 -0.089002304 -0.9714881 2.7096937
-0.44190595 -0.09616331 -0.055466853 -0.84088373 0.31327456 -0.42126912 -0.44186452 0.13860604 2.708697
0.12971482 0.7834091 -1.0932975 -0.91802186 0.19556047 -0.51491183 -0.35712835 0.05533844 2.5116234
-0.63551 -1.3854811 -0.70547915 -0.38122338 -0.43737453 -1.0603099 3.9405634 0.4338808 0.0
-0.5333125 -0.610183 -0.77137285 -0.017199472 -0.13066477 -0.11488441 -0.3019562 -0.32548147 2.9995198
0.22078572 0.06525049 -0.48492432 0.24368542 -0.05554393 -0.18092217 -0.19997475 -0.97638744 2.637619
-0.59625894 0.62723446 -0.3036318 -0.4058033 -0.47119 -0.036796656 0.4466482 -0.626867 2.357559
0.1875809 -0.96679425 -0.09368193 0.97422826 -1.3158785 -0.37270358 0.8263654 1.3185338 0.0
-0.55815 0.40123904 -0.5660246 -0.3128239 -0.30774346 -0.05966789 -0.26403785 -0.313318 2.8754592
-0.17356473 -0.65386105 -0.14597698 -0.78464335 -0.54685044 -0.64185977 -0.15023367 -0.34408748 3.884382
-0.020669056 -0.6420629 -0.4752839 -0.64915174 -0.50710636 -0.3793466 -0.1009949 -0.83004844 4.066337
-0.0035634749 0.1676613 0.18498194 -0.10402599 0.053008825 -0.2313398 -0.6095951 1.7624673 0.0
0.008873097 -0.7748246 -0.66341305 -0.3542314 -0.49635813 -0.20582613 -0.24300957 -0.47444963 3.7389045
-0.5349887 -0.2998033 0.16116795 -0.35316068 -0.17219098 -0.14565572 -0.310809 -0.84846133 3.0837443
-0.078693815 -0.19094159 -0.516631 -0.5639573 -0.26665652 0.059301656 -0.53616697 -0.39069235 3.5355768
-0.4615388 1.1502632 -0.7058988 -0.6394855 2.241059 -0.08836487 0.6450551 0.330085 0.0
