-0.23543279 -0.7456028 -0.4390183 -0.090010405 -0.21109259 -0.21043809 -1.2099909 4.592579 0.0
-0.78214693 -0.09028406 0.007143798 -0.23902708 -1.2597208 -0.0823518 -0.22100732 4.9345236 0.0
-0.16279599 -0.098776855 -0.8472139 -0.6918029 -0.53150463 -0.5709653 -0.6368208 4.0248814 -0.588673
0.1626028 -0.27735832 -0.32016802 1.036682 0.5687891 -0.34062243 -0.4372291 -0.52411306 0.87379664
-0.49462852 0.30510932 0.049673468 -0.30299535 0.3542108 0.26884982 0.10869564 -0.32653385 0.7938697
0.10901741 -0.19670773 -0.9491986 -0.11558079 -0.92897856 -0.77006906 3.856908 -0.17302972 0.0
-0.34804678 0.52908564 -0.06788435 -0.34247077 0.42098603 -0.3438605 -0.16039665 -0.13677265 1.8249636
-0.7441654 -0.003930869 0.22632867 0.15670078 -0.04108435 0.33091286 -0.15176834 -0.21477252 1.6559578
-0.31494 0.26772356 -0.256175 0.036633678 0.61633766 -0.0750096 -0.100821994 -0.61317325 1.1827354
-0.81688076 -0.4262355 -0.53267497 0.13515235 -0.78437966 -0.6119213 0.33216944 3.6583116 0.0
-0.019568292 -0.10790732 0.29949293 0.40148434 -0.49129736 -0.039390307 -0.45608553 0.2843125 1.2752932
-0.11989131 -0.18949299 -0.0073456815 -0.021078665 -0.07635574 0.38715515 0.5066641 -0.21164754 0.7333732
-0.7241244 -0.13440935 -0.3865261 0.15305816 -0.09669558 -0.06741156 0.43149674 1.0026287 1.0170811
-0.18894297 -0.3900453 -0.5292101 -0.038639333 -0.75206476 -0.3167798 0.032071043 3.2670903 0.0
-0.14706047 0.006246605 -0.22207054 0.5718315 -0.0412931 -0.045151692 -0.06406612 -0.110007234 0.8490033
0.62413645 -0.04852033 -0.42357087 -0.1433523 -0.23710689 -0.26319742 -0.42225006 -0.159213 2.284232
-0.05834152 -0.14436306 -0.116253264 -0.03284785 -0.13516028 -0.70829177 0.27129322 -0.088144064 1.4233344
-1.0799086 -0.9280902 0.43948653 -0.5020795 -0.09640667 -0.9369393 3.0262291 0.8015966 0.0
0.10034351 0.5817217 0.7968777 0.01686464 -0.6320957 -0.53787327 0.27591658 -0.4722906 0.48995185
0.16834104 -0.3646761 0.08178305 1.1030409 -0.09712322 0.2419377 -0.0365356 -0.03524187 0.10159224
-0.69609416 -0.24413896 0.7587247 -0.1987932 -0.18599626 0.48258105 0.07937482 0.0019179191 1.2425944
0.21169162 -0.442298 -1.0630759 0.23909049 1.5198781 0.42293495 -0.52413416 0.21063243 0.0
