-1.3405126 -1.7488841 -0.97507554 0.29093936 -0.3687201 -0.8866542 -0.9020939 4.37164 0.0
-0.91862357 -1.1800032 -0.26819018 -1.0097386 -1.2038659 -1.1193155 -0.38389236 5.1488957 0.0
-0.13867608 -1.2109382 -0.79753804 -1.2792085 -0.9081925 -0.83185816 -0.853958 3.7807205 -0.59842014
0.33694756 -0.7879749 -0.60322696 0.84609574 0.64125156 0.15440984 -0.2967349 0.19747734 0.2851866
-0.8996607 0.1860161 -0.16247454 0.01345095 0.3385515 -0.28863317 -0.12429676 0.27703738 1.2403029
-0.07912349 -0.88024735 -0.50985545 -0.48099357 -1.1288984 -1.1214885 3.9897728 -0.6777274 0.0
-0.38258177 -0.14045613 -0.45824918 -0.33456302 0.18876138 -0.06716216 -0.083772965 -0.30208772 1.8601698
-0.85616463 -0.29479423 -0.24466327 0.54161894 -0.20118968 0.48315087 -0.32995355 -0.3997651 1.6717775
-0.38420865 0.26354295 -0.04445334 0.137052 0.6292956 0.015652152 -0.19443384 -0.7961173 0.87682927
-0.66877115 -0.95754224 -0.56918097 0.5858472 -1.0848897 -1.1545309 0.24401139 3.2739506 0.0
-0.3051123 -0.017529598 0.8845534 0.59965163 -0.18270822 -0.4841814 -0.44465056 -0.60599166 1.264901
-0.051020436 -0.38669038 -0.5717455 -0.20289084 -0.28921303 0.0066083446 0.10876461 -0.37181476 1.9496175
-0.64458823 -0.7507464 -0.11453982 0.08020678 -0.24692212 0.03791716 0.12955168 0.6118362 1.578667
-1.2360668 -0.77257645 0.021273177 -0.65675735 -1.0297135 -0.63436395 0.3370841 3.4232805 0.0
-0.91582376 -0.25998008 0.015978709 0.64672107 0.39560595 -0.32373127 -0.3961501 -0.60537547 1.8875554
0.4240263 0.033502445 -0.77045125 -0.59091276 0.4176202 -0.18557258 -0.40481457 -0.62719023 2.233968
-0.7609805 -0.17890586 -0.5150443 0.014039842 -0.4146817 -0.39201206 -0.3795158 0.2046988 2.332528
-1.4498446 -0.82451236 0.55866283 -0.27852455 -0.2584585 -1.3245438 2.7243772 0.93223965 0.0
0.7827155 0.049188532 0.053266402 -0.4710131 -0.47036412 -0.7016929 0.21948633 0.11906499 0.8675544
-0.5370572 -0.3463466 0.04520727 0.5083223 0.060304344 0.18973693 -0.52556247 -0.27538595 1.2008402
-0.038332235 -0.6175757 0.1504145 0.18912353 -0.5438309 0.17508799 0.39881876 0.28209758 0.89003026
0.18091303 -0.41276988 -0.8943531 0.13476488 1.3870723 0.5705507 -0.4012602 0.3538217 0.0
