-0.297158 -0.83458483 -0.49099573 -0.06618939 -0.22138833 -0.25181964 -1.2157788 4.597221 0.0
-0.81993276 -0.12964462 0.007695238 -0.29519522 -1.2635128 -0.118872106 -0.23876928 4.9493227 0.0
-0.16676219 -0.14163546 -0.851875 -0.7548172 -0.57982063 -0.60126406 -0.6775366 4.04612 -0.6397853
0.19432384 -0.29505223 -0.3369132 1.0381378 0.60559356 -0.35794565 -0.4521792 -0.524849 0.8981137
-0.5442949 0.32753938 0.051209297 -0.31287912 0.370287 0.2817663 0.115005694 -0.3301943 0.8027363
0.115191124 -0.24681892 -0.9697038 -0.11801507 -0.983296 -0.83925414 3.9101663 -0.20951338 0.0
-0.39137957 0.5320102 -0.0858003 -0.35033327 0.46352994 -0.3806175 -0.17093326 -0.13908796 1.8352526
-0.793153 -0.005170894 0.23587155 0.15784179 -0.05874446 0.35872737 -0.18268967 -0.24530709 1.6680894
-0.3710483 0.2726265 -0.27505854 0.042310525 0.66060156 -0.076977886 -0.10215402 -0.6213238 1.201041
-0.85330653 -0.48065862 -0.5734685 0.13655476 -0.8243053 -0.6154399 0.3326563 3.6634567 0.0
-0.022040607 -0.12616499 0.30107248 0.4209109 -0.5123602 -0.047757022 -0.48658854 0.28580764 1.3173825
-0.13163576 -0.23224542 -0.008061472 -0.026053654 -0.10305627 0.41597554 0.5302868 -0.2223034 0.7877643
-0.7462722 -0.17541827 -0.4157494 0.16358563 -0.10130648 -0.084407695 0.45625982 1.0361813 1.0445912
-0.24456921 -0.44255134 -0.5454163 -0.056710526 -0.7855915 -0.34497812 0.034241885 3.3400362 0.0
-0.19500889 0.0066314717 -0.23469864 0.6073672 -0.03426064 -0.051067133 -0.07539129 -0.14021452 0.9488613
0.63959175 -0.05369076 -0.4714585 -0.16678232 -0.251608 -0.27278334 -0.43634108 -0.19179223 2.340039
-0.058458894 -0.17004862 -0.136423 -0.040681805 -0.13559118 -0.720003 0.27198857 -0.10072238 1.5019859
-1.1388739 -0.93948454 0.44156533 -0.51238185 -0.1036903 -0.9941704 3.0544126 0.80535966 0.0
0.10290095 0.5987857 0.8275245 0.019807776 -0.66302556 -0.6102294 0.30029365 -0.5148127 0.50634557
0.17384197 -0.40853506 0.08229535 1.1098948 -0.1186166 0.27546898 -0.057124987 -0.048319507 0.10446687
-0.7014385 -0.24282536 0.7610202 -0.21785635 -0.23598722 0.4841673 0.098689064 0.0021266479 1.2789361
0.21184002 -0.45026731 -1.1166911 0.24440631 1.5230881 0.43091515 -0.5244994 0.21111389 0.0
