-1.2383494 -1.5834318 -0.9268398 0.30354783 -0.29019955 -0.6970665 -0.958548 4.233122 0.0
-0.8601696 -1.0037555 0.011336253 -0.9157274 -1.1149145 -0.9482067 -0.3706066 4.8604803 0.0
-0.057745636 -0.9977888 -0.6066313 -1.2385569 -0.9504195 -0.80662245 -0.966122 3.799643 -0.9782992
0.2378001 -0.4275803 -0.52286285 0.5021987 0.7089798 -0.20330958 -0.36498106 0.14556691 0.82515806
-0.7197253 0.13123426 0.058903694 -0.11574119 0.4762725 0.028662128 0.14678833 -0.13641562 0.9732298
0.15481877 -0.8194991 -0.6549746 -0.43852288 -1.3580949 -1.341707 4.1041956 -0.62010527 0.0
-0.30981937 -0.3822227 -0.37237647 -0.0918009 0.45296976 -0.42005736 -0.2164798 -0.090216085 1.809814
-0.98079544 -0.033029534 -0.22742695 0.64389664 -0.22439483 0.61964834 -0.52347445 -0.6927694 1.8632795
-0.9390382 0.6840906 -0.07326941 0.09160426 0.7062447 0.29193854 -0.50570965 -0.494273 0.70081073
-1.0450424 -0.8786902 -0.7688559 0.44102892 -1.0913221 -1.0012138 0.7480151 3.3057437 0.0
-0.20924859 -0.16216312 0.36940432 0.50061876 -0.13170467 -0.10611611 -0.2997162 -0.07518342 0.9378213
-0.12512276 -0.73715776 -0.38643345 -0.09127548 -0.5040213 0.39824668 0.63597876 -0.2991919 1.5434928
-0.7185467 -0.660804 -0.3574117 0.1583921 0.023081224 -0.25297317 0.46690565 0.91176647 1.1250468
-1.0384456 -0.89600116 -0.36094192 -0.49296412 -1.0115788 -0.5421399 0.08439268 3.565399 0.0
-0.8674656 -0.04665507 -0.40441114 0.44678167 0.30506817 0.02901688 -0.35603467 -0.47873366 1.871483
1.0215358 -0.2451074 -0.64595205 -0.22752115 0.12526537 -0.07388308 -0.8068752 -0.5927656 2.0744436
-0.49250737 -0.30551982 -0.47255328 0.13372295 -0.39997104 -0.40769237 -0.082801215 -0.32023576 2.472181
-1.5407182 -0.87493074 0.51269335 -0.25956732 -0.14878723 -1.3924807 2.7641256 0.85461724 0.0
0.2992715 0.5810513 0.5670723 -0.04455876 -0.88915104 -1.0469577 0.28169537 -0.5558865 1.0025921
-0.4146333 -0.4950569 -0.234201 1.1054091 -0.2233598 0.57424 -0.71244913 -0.3218885 0.82162875
0.042150747 -0.5064815 0.14185542 0.36247587 -0.84712845 -0.0576154 0.25154108 0.011072099 1.2352829
0.25644806 -0.082178175 -1.4151505 0.46073642 1.6448599 0.38457137 -0.5875366 -0.06701688 0.0
