-0.6261692 -0.9584647 -0.46431854 1.2171161 -0.5498709 -1.0259289 -0.3409896 2.4066772 0.0
-1.1157796 -0.31074125 1.108857 -0.61407393 -0.026594281 -0.31495374 0.6704461 2.30798 0.0
-0.44522035 -0.31838822 0.053120155 -0.21376613 -0.571447 -0.2939487 -0.33247244 1.8720086 0.40268824
-0.19862689 -0.22170022 -0.52639705 0.07338028 0.48190102 -0.062000584 -0.18662524 0.22422574 1.1166767
-0.39548415 -0.44364285 -0.08741689 -0.22017008 0.15911731 0.19310234 -0.22364183 0.18616498 1.229786
0.6987401 -0.66671276 -0.12997451 0.052383505 -0.49587372 -0.47394493 1.7316802 0.96965784 0.0
-0.3536439 -0.34699792 -0.28942114 -0.09622321 0.17897016 0.258646 -0.13522246 -0.33217862 1.6324599
-0.38729805 -0.25254244 -0.15063813 0.09876008 0.096255876 -0.24868172 -0.35075638 0.19434215 1.5999433
-0.6768938 -0.0037053444 -0.39185604 -0.03335468 -0.060116366 -0.11872846 0.21950455 -0.04965328 1.3945688
-0.30196923 -0.63526046 -0.69027054 0.23749527 -0.07679106 0.11409592 1.2108552 1.5822518 0.0
-0.49435863 -0.41484532 -0.44721487 -0.40477788 -0.06328619 -0.002904399 -0.26910442 0.16780275 2.0327685
-0.35489354 -0.114270344 -0.25091624 -0.2475868 -0.3225719 0.32974732 -0.1797954 0.122304864 1.391864
-0.087587215 -0.3466807 -0.43562385 0.018042998 0.43563318 -0.2752584 0.046820447 0.122410715 1.1911005
-0.4181741 -0.9199971 0.13148923 -0.024211675 0.28926447 0.044395525 -0.11293723 1.7369868 0.0
-0.27083656 -0.12812103 -0.35169044 -0.10387867 -0.3036603 -0.18671145 0.015312585 0.17103754 1.481086
-0.47680888 -0.38358358 -0.4277941 -0.21301802 -0.18463719 -0.22921686 -0.105990455 -0.027832877 2.4117124
-0.3986782 -0.48456165 -0.07885775 -0.014611283 -0.16850606 -0.36073908 0.119239986 0.119180836 1.6925482
-0.59122795 -0.41710973 0.23167132 0.09461943 -0.27423343 -0.927785 1.5269778 1.2113006 0.0
-0.08596475 -0.40424144 -0.053778198 0.33787796 -0.02829345 -0.44589615 -0.051725317 0.57319117 0.37991264
-0.28079867 -0.39270708 -0.094433546 -0.14429359 0.12948 -0.119685724 -0.26478714 0.24376006 1.1879765
-0.119252324 -0.6473251 -0.19630204 -0.22021388 0.11907803 -0.21322976 -0.1492017 0.5100236 1.2101458
0.40625867 0.9861998 0.013282588 -0.34166393 0.8250027 0.64503545 1.118795 -0.24397056 0.0
