-1.4451759 -1.47053 -0.6186343 0.0010432991 -0.3892277 -1.0606155 -0.76448715 4.260881 0.0
-0.90586525 -1.1563904 -0.35586137 -0.8924369 -1.130543 -1.2329028 -0.15479894 4.9496465 0.0
-0.41679642 -1.1728919 -0.78929764 -0.7401644 -0.775959 -0.43603846 -0.9753842 3.819132 -1.021937
0.27920118 -0.71580863 -1.0364676 0.6752642 0.5323107 0.26718283 -0.37442744 0.29005608 0.63350964
-0.60810775 0.34043553 -0.4368506 0.13880853 0.06948855 -0.3049994 -0.4364626 0.26437706 1.3517714
-0.36643937 -0.66027963 -0.58208877 -0.30361784 -1.2060976 -0.96327275 3.9596136 -0.6133568 0.0
-0.63313836 -0.011314272 -0.6113807 -0.21866971 0.5576324 0.13300191 -0.1656077 -0.11963069 1.5181628
-0.74042875 -0.2879161 -0.31374252 0.25820798 -0.04674318 0.21700233 -0.25752497 -0.27731305 1.8688612
-0.37677288 -0.16962783 0.11937976 0.0018457901 0.3785662 0.1030044 -0.18368784 -0.54410243 1.2275691
-0.48569864 -0.9199252 -0.63508815 0.3176901 -1.14767 -1.131294 0.27583578 3.3923423 0.0
-0.22699481 -0.2780201 0.5852407 0.7301596 -0.13441604 -0.44633582 -0.13887589 -0.5824221 1.1268982
0.25608215 -0.43954197 -0.55643 -0.57964516 -0.47540838 -0.00507945 0.12688841 -0.106837824 1.8418572
-0.5060649 -0.51060027 0.10001979 -0.36729026 -0.45652846 -0.3923285 0.23880416 0.4768635 1.579411
-0.87453234 -0.89596564 -0.10550265 -0.49967656 -0.5516199 -0.99326587 -0.1911657 3.4322326 0.0
-0.70919514 -0.29273218 -0.1488184 0.17923553 0.44195214 -0.1586716 -0.21765666 -0.45949793 1.7699502
0.3823599 -0.064421736 -0.88022923 -0.26956224 0.14485605 0.019981738 -0.37162372 -0.34396675 2.157425
-0.38557816 -0.19203115 -0.20561446 -0.27967688 -0.45914078 -0.38077572 -0.3464204 0.21624775 2.125298
-1.1479337 -0.7828048 0.41213185 -0.27464497 -0.58393824 -1.0634855 2.4831593 1.0786381 0.0
0.43018076 -0.054594535 -0.20061354 -0.31309494 -0.6232191 -0.46351722 0.388198 0.53517467 0.7568494
-0.7425898 -0.15585065 0.0018742624 0.33666563 0.21937273 -0.08932022 -0.7036403 -0.104239136 1.3430432
0.074952304 -0.59970295 0.12673941 0.10053431 -0.39204013 0.45090416 -0.20618412 0.15349323 1.1058632
0.116796836 -0.25050625 -0.7023249 0.04912205 1.5883274 0.5114109 -0.42125168 -0.02759516 0.0
