-1.0204207 -1.5185205 -0.889103 0.2459643 -0.28509226 -0.6521826 -1.2470039 4.5266523 0.0
-0.81519645 -0.8782197 0.011419344 -0.9033892 -1.0471776 -0.8280624 -0.359903 4.7901797 0.0
-0.18950884 -0.95236194 -0.610978 -1.1990558 -0.9201731 -0.79125553 -0.94437313 3.8937585 -0.98618495
0.26622072 -0.36379886 -0.44014293 0.6202445 0.86222637 -0.24618927 -0.5404482 -0.053325664 0.8899881
-0.6871358 0.4027907 -0.20756777 -0.16554773 0.62460035 0.18278591 0.13638595 -0.13425122 0.64278924
0.15432927 -0.7526992 -1.0862974 -0.15935473 -1.3296851 -1.2993958 4.217145 -0.5775157 0.0
-0.29223347 -0.32946524 -0.2950592 -0.36822623 0.75631166 -0.66924214 -0.45195007 0.14049307 2.2083566
-0.6906109 0.00063041394 -0.03957798 0.7263905 -0.30034238 0.3916534 -0.4890244 -0.51720315 1.4297533
-0.8836124 0.79227805 -0.40128353 0.09085936 0.8979175 0.15651807 -0.44406667 -0.4339825 0.7532218
-1.0788646 -0.8898457 -0.8484918 0.14683872 -1.0730048 -0.94104767 0.7936459 3.5149064 0.0
0.005100226 -0.2853226 0.6334401 0.5781343 -0.3455073 -0.13550538 -0.68741757 -0.11244131 1.2974238
-0.21575375 -0.68256044 -0.30974305 -0.0800234 -0.50288826 0.57060593 0.61759526 -0.30744103 1.4459488
-0.65152144 -0.62004423 -0.5729875 0.22665404 0.022076173 -0.27278027 0.6434211 0.89969426 1.1012225
-0.9592967 -0.86690533 -0.34628934 -0.4305657 -0.99028224 -0.54244804 0.08201253 3.5325212 0.0
-0.86534256 0.26411954 -0.26380914 0.50898737 -0.038180083 0.0632895 -0.1599725 -0.50631917 1.769538
1.1464971 -0.0922378 -0.8672925 -0.22340123 -0.08130165 -0.019243896 -0.832411 -0.55159426 2.0801823
-0.33868197 -0.34380305 -0.34158808 0.08708296 -0.5510377 -0.23426431 -0.03554734 -0.30645964 2.3103535
-1.5104636 -0.76643145 0.69780064 -0.515119 -0.15178378 -1.3621107 2.9180834 0.6759926 0.0
0.2518464 0.8044767 0.902389 -0.052632824 -0.8781634 -1.1932856 0.26185298 -0.7755843 0.8090759
-0.24534258 -0.7463597 -0.32474467 1.2075188 -0.3057306 0.65421647 -0.6044601 -0.26494083 0.8395212
-0.030735252 -0.6122941 0.4423489 -0.020430865 -0.7748904 0.004715956 0.17254898 -0.27302438 1.5918452
0.047657754 -0.22793743 -1.393208 0.44654396 1.818397 0.3061131 -0.5561526 0.020776402 0.0
