-1.4544318 -1.5244362 -1.1378651 0.20083086 -0.8950292 -0.96160084 -0.49580005 4.3758183 0.0
-1.0429196 -1.3385131 -0.23214546 -0.9280331 -0.604492 -1.2042885 0.066366 4.6743445 0.0
-0.44466704 -0.84197956 -1.2997501 -0.5158611 -0.4135761 -0.39284348 -0.85497695 3.5167172 -0.4058605
-0.036133226 -0.46452323 -0.71825856 -0.01425461 0.2331669 -0.65531594 0.1323222 0.82690215 0.91359514
-0.7312545 0.4341512 -0.42518827 -0.015336804 -0.042409603 0.26195836 -0.52730054 0.30987546 1.1579446
-0.6974935 -0.5925599 -0.7924314 -0.4451775 -0.9313917 -1.107512 4.0337505 -0.43719128 0.0
-0.4054993 -0.032887913 -0.15614668 -0.57506245 0.008731498 0.27552867 0.1202586 -0.16107005 1.4352685
-0.4000964 -0.35212827 -0.50165546 -0.23151202 -0.520504 -0.13170637 -0.21564254 0.10087347 2.2485874
-0.5058951 -0.0052846237 -0.39081213 -0.26205292 -0.14977019 0.19779332 0.08381324 -0.2829335 1.490184
-0.5850472 -0.71590436 -0.6737256 0.4322937 -0.82064027 -0.9711105 0.19827075 3.1944075 0.0
-0.4309781 -0.32396752 0.007977621 0.20212907 -0.16124773 -0.23397721 -0.15284038 -0.47581297 1.8480258
0.3064631 -0.3473894 -0.677089 -0.45014775 -0.47862935 0.4064022 0.002455718 0.0062999222 1.4735843
-0.3365496 -0.45524046 -0.34651387 -0.3519825 -0.36366475 -0.2973555 -0.028283544 0.5637204 1.7198339
-0.9645109 -0.94082046 0.13951847 -0.7942997 -0.60974634 -0.9396559 0.06367443 3.294888 0.0
-0.5754132 -0.38044634 -0.43430224 0.045839146 -0.19739315 0.07736102 0.20910724 -0.5094955 1.9284178
-0.35385123 -0.078434385 -0.7137629 -0.30524984 0.31508064 -0.37259784 -0.20375887 -0.42080668 2.4232748
-0.32289776 -0.30761486 -0.5689257 -0.414091 -0.28040087 0.12894645 -0.33191916 0.16469383 1.985483
-0.94554037 -0.990844 0.013593663 -0.29201716 -0.47180927 -0.47093982 2.537232 0.9301562 0.0
0.33969513 -0.039519534 -0.28979638 -0.0056577474 -0.5142474 -0.23859008 0.33304733 0.37081388 0.72235787
-0.5674337 -0.5390153 0.028750656 0.5864806 -0.48543578 -0.1264378 -0.6896311 0.2554647 1.5082964
-0.21313588 -0.7354976 0.16849263 -0.20050044 -0.06281287 -0.34385505 -0.04925248 0.22897361 1.7543906
-0.42021996 -0.33823556 -0.76793736 -0.33083817 2.262642 0.19818911 0.04516302 -0.74412984 0.0
