0.06557769 -0.39793557 0.14220347 0.9307603 0.29593232 -0.6884167 0.00026991792 1.3307234 0.0
-0.1152009 0.062324863 1.0918623 0.19087861 0.1620261 0.09441874 0.6318844 1.4623789 0.0
-0.22158483 -0.06884152 0.16866498 0.04738512 -0.286083 0.25392258 0.09170216 1.0054585 0.55853635
-0.019540858 0.21082851 -0.2579471 0.3457318 0.3221652 0.14534165 0.041796204 0.25555003 0.652574
0.07205159 0.121656284 -0.17193228 -0.014974431 0.5045814 0.15339473 -0.009668364 -0.084560916 0.7216247
0.48815244 0.11391862 0.5483963 0.4967579 0.07284379 0.008719942 0.89067394 0.71246123 0.0
0.12443626 0.08903237 -0.16150355 0.34414816 -0.14583936 0.1107126 0.22127667 -0.024341974 0.7149408
-0.13584682 0.23085278 -0.021921847 0.16310526 0.20937917 0.29114693 0.09803625 0.009517081 0.70618653
-0.11683586 0.24926262 0.16290097 -0.011163385 0.18510419 -0.06072294 0.2196688 -0.15944754 0.7155106
-0.029783495 0.29486626 -0.20191565 0.32205093 0.34284455 0.6699314 0.8149862 0.55492854 0.0
-0.17390269 -0.036108457 -0.3032649 -0.18149567 0.2020748 0.048711073 0.045362644 0.23592925 0.8205105
-0.009297795 0.11840025 -0.2907504 -0.15492511 0.046528857 0.30518597 0.13543211 0.071574084 0.80102634
0.06708281 -0.11015622 -0.11983832 -0.0424774 0.11045413 0.09937995 0.27812198 0.34058538 0.7729994
0.20147865 -0.107010186 0.25329837 0.08340475 0.31636196 0.43909225 -0.024877476 0.7341844 0.0
-0.045381904 0.08595579 -0.19619554 -0.28446275 -0.01308429 0.25652778 0.15789223 0.22731923 0.68801636
-0.19935627 0.15516987 -0.20941086 0.062092267 0.06288822 0.18830991 0.24718063 0.19281633 0.7389257
-0.2079755 0.052581478 -0.08290395 -0.1168956 0.09989116 0.0002283166 0.10647565 0.324839 0.71845824
0.1908958 0.19600166 0.09400736 0.3346178 0.16923049 -0.004912993 0.8958779 0.31603092 0.0
0.19107354 -0.24291132 -0.0876428 0.2716645 0.09738023 0.07706844 0.10412085 0.18847768 0.1929293
0.26978114 -0.057123404 0.031540703 -0.1522923 0.2990051 0.102171965 0.17844726 -0.053578984 0.11563824
0.124129444 -0.23563844 -0.1691167 0.30159438 0.29807326 0.014026066 0.01306009 0.32772666 0.13076928
0.5521206 0.67385685 0.10003304 -0.2856834 1.3114077 0.6022241 0.20853435 -0.0530842 0.0
