-0.8901959 -1.4210768 -0.83251303 -0.06846028 -0.27721366 -0.58699137 -1.243503 4.683795 0.0
-0.74879473 -0.71085715 0.010930777 -0.7982112 -1.2815067 -0.66782564 -0.34390897 5.0011835 0.0
-0.18684179 -0.7714712 -0.8104098 -1.1391221 -0.8742913 -0.7675416 -0.90785724 4.08622 -0.9390388
0.41765356 -0.3950928 -0.42860898 0.59802735 0.81434697 -0.24307752 -0.5299957 -0.22363348 1.0224482
-0.85499763 0.3905193 0.060088728 -0.36443797 0.37320408 0.3516635 0.14910808 -0.060132284 0.5135479
0.14940763 -0.7190357 -1.072718 -0.12068647 -1.2859495 -1.2351679 4.162822 -0.5162242 0.0
-0.46124172 0.5433414 -0.25856492 -0.38993335 0.7301218 -0.6148663 -0.43029633 -0.15056686 1.8905697
-0.8382364 -0.018795513 0.28666675 0.48229745 -0.2395217 0.52178353 -0.43782535 -0.48161742 1.2867181
-0.8039166 0.6134792 -0.3848028 0.08346355 0.8667819 -0.08699585 -0.4153034 -0.3572555 1.0406115
-1.048468 -0.84738266 -0.81245494 0.14343666 -1.0421041 -0.632343 0.4833801 3.5457933 0.0
-0.038634088 -0.26365003 0.3086452 0.54752564 -0.3469961 -0.11882842 -0.6605439 0.29865813 1.2688636
-0.20459718 -0.60581005 -0.012493885 -0.07069803 -0.42260107 0.53601193 0.43031365 -0.0016099158 1.1049595
-0.69710934 -0.62391716 -0.5864808 0.22393487 0.14989872 -0.24341387 0.43597108 1.0989567 1.0451094
-0.8246845 -0.8048725 -0.62886924 -0.3442217 -0.9652757 -0.515925 0.07890357 3.6985893 0.0
-0.7363589 0.19268532 -0.2586487 0.51870203 -0.03775636 0.11283219 -0.16240406 -0.43960488 1.6478918
1.060582 -0.08657653 -0.8183324 -0.33728904 -0.07755179 -0.01762358 -0.7958015 -0.46123534 2.1016235
-0.13829775 -0.366185 -0.3111823 -0.11142607 -0.09937001 -0.5064741 -0.034346692 -0.20921224 1.9363649
-1.4639255 -0.73219067 0.72729087 -0.56398064 -0.14622526 -1.3153992 2.9956548 0.5283467 0.0
0.22225079 0.5627501 1.1418276 0.042929757 -0.83081836 -1.1070267 0.24493653 -0.69704825 0.670921
-0.22602394 -0.69815755 0.08140698 1.1366224 -0.304955 0.7096349 -0.46598002 -0.213263 0.44401413
-0.4340171 -0.574146 0.9728263 -0.06666912 -0.66981256 -0.091982886 0.27377245 -0.0012802891 1.2815149
-0.08691988 -0.2116669 -1.4085741 0.27115878 1.6169921 0.49205497 -0.45276827 0.3279201 0.0
