-0.7228841 -1.2844254 -0.75308716 -0.06802433 -0.26562023 -0.4998979 -1.2381854 4.6672173 0.0
-0.98210496 -0.51489574 0.01022592 -0.6609057 -1.2781303 -0.48152122 -0.32088292 5.006368 0.0
-0.18284856 -0.5594823 -0.8699504 -1.0534676 -0.80868506 -0.7327525 -0.85876745 4.128442 -0.87964934
0.383829 -0.37377703 -0.4094502 0.73364925 0.76970375 -0.43273392 -0.51424396 -0.21706219 0.9975643
-0.78472227 0.42961007 0.05753642 -0.3537595 0.21238811 0.33716276 0.14270823 -0.3445842 0.89421904
0.14220516 -0.58701336 -1.0523336 -0.118448645 -1.222033 -1.1433123 4.111859 -0.43503878 0.0
-0.6128934 0.54335177 -0.20975435 -0.38211706 0.6697718 -0.56117845 -0.40299702 -0.14831491 1.8886625
-1.0121759 -0.014716415 0.27623922 0.16454685 -0.16778807 0.48841316 -0.37091282 -0.4274838 1.713112
-0.6941788 0.29222897 -0.36102927 0.07336606 0.8612587 -0.08499725 -0.10636237 -0.65352494 1.2725027
-1.0082829 -0.7608887 -0.76043534 0.1420566 -0.9967036 -0.6290934 0.3345263 3.683216 0.0
-0.034729242 -0.22923474 0.30719423 0.5042966 -0.60160863 -0.09964078 -0.6232852 0.29162103 1.491939
-0.18816093 -0.50504565 -0.011502488 -0.058502752 -0.32341406 0.54738015 0.63128555 -0.2682512 1.035691
-0.8374416 -0.4918583 -0.54937965 0.21096858 -0.12106529 -0.19911553 0.42201436 1.2596046 1.1574309
-0.65485555 -0.7176084 -0.6121334 -0.24462792 -0.9282296 -0.4779579 0.07438926 3.6257725 0.0
-0.5723463 0.008322552 -0.2539165 0.76488 -0.037062734 -0.08171942 -0.1403945 -0.3539503 1.4518131
0.7355558 -0.07906775 -0.70938504 -0.2973527 -0.31573266 -0.3127884 -0.4947261 -0.39049014 2.5336807
-0.12720153 -0.3162833 -0.25136796 -0.09204791 0.16980745 -0.76663107 -0.110420294 -0.16768461 1.8451761
-1.395729 -0.9843913 0.76492506 -0.5537908 -0.1369903 -1.2472575 3.1647074 0.5173589 0.0
-0.09496401 0.6688202 0.9537452 0.046686396 -0.7959618 -0.9886337 0.41507545 -0.7150035 0.8973564
-0.18864769 -0.63061273 0.08424856 1.1365181 -0.25447935 0.4531426 -0.31318447 -0.16096243 0.4230425
-0.4189904 -0.49188906 0.6486003 -0.25420406 -0.58551437 0.4962839 0.22664203 0.0031578874 1.3743742
-0.08672676 -0.4821081 -1.3479676 0.26585937 1.5354301 0.46290094 -0.22868736 0.21296665 0.0
