-0.7467193 -0.98436254 -0.5344591 1.3108844 -0.7132203 -1.0965228 -0.41510883 2.53184 0.0
-1.218754 -0.4912582 1.165269 -0.81802684 -0.07241914 -0.37476608 0.5843041 2.5695856 0.0
-0.3520373 -0.36883688 -0.003871821 -0.1185466 -0.7242069 -0.29716778 -0.21160507 1.8918418 0.2937744
-0.25790814 -0.4253608 -0.46251166 0.23253788 0.4521909 -0.05597931 -0.16555715 0.14865671 1.1384652
-0.418147 -0.55675215 0.10320946 -0.17012511 0.07766709 0.2511041 -0.19377166 0.21396443 1.1064382
0.6671029 -0.6490028 -0.2941676 0.11164393 -0.5343454 -0.5411737 1.8026074 0.9775069 0.0
-0.40723804 -0.42075178 -0.5737223 -0.15390365 0.27101302 0.42703414 -0.13055442 -0.21298592 1.6518341
-0.3681102 -0.2679778 -0.13529181 -0.10565227 -0.004989922 -0.12754762 -0.41818416 0.25914612 1.6878324
-0.7487409 -0.02006038 -0.41901404 -0.09304757 -0.09454586 -0.23501636 0.27642733 0.06413007 1.457242
-0.32959428 -0.60698503 -0.7120315 0.040013332 -0.19834824 0.0954447 1.20004 1.7885617 0.0
-0.47684404 -0.19765715 -0.42742684 -0.3986574 -0.21265115 -0.17208788 -0.2605528 0.21744023 2.023663
-0.37137747 -0.21356079 -0.2585586 -0.32859477 -0.28969648 0.29611155 -0.15947552 0.13069046 1.4778624
0.038130745 -0.5223139 -0.420475 -0.01625612 0.37156188 -0.1477382 0.13790837 0.12149203 1.1303656
-0.46179903 -1.0924096 0.049527947 -0.13900991 0.23216134 0.07368817 -0.14779875 1.9916005 0.0
-0.12897429 -0.067593105 -0.31906715 -0.1312191 -0.29671758 -0.1283896 -0.07015565 0.09140092 1.3948555
-0.5143379 -0.40924925 -0.41955605 -0.23943612 -0.2647555 -0.28886542 0.023297261 -0.12698749 2.4833713
-0.43383324 -0.49305525 -0.21440786 0.015189875 -0.11989161 -0.25022784 0.106894754 0.09490122 1.6957368
-0.7818053 -0.54067683 0.20182101 0.06035721 -0.3657939 -0.8818892 1.77673 1.2184228 0.0
-0.24018297 -0.42669883 0.083321236 0.34659266 -0.07115082 -0.46837893 -0.095332 0.61520827 0.4289732
-0.3879421 -0.37026295 -0.23927991 -0.06050511 0.01421436 0.111804016 -0.22124787 0.34598136 1.0945265
-0.11709427 -0.659002 -0.102491036 -0.3074989 0.0122766355 -0.35880074 -0.13415538 0.67801505 1.2110049
0.33661345 0.9385165 0.013662157 -0.32808006 0.80137026 0.50484216 1.1877272 -0.26803288 0.0
