-0.47714332 -1.0499165 -0.61658555 -0.067159824 -0.24393146 -0.36282998 -1.2276541 4.634345 0.0
-0.9026162 -0.2704042 0.008952943 -0.45347974 -1.2712722 -0.25056514 -0.27946344 4.9796033 0.0
-0.17514049 -0.29455552 -0.86144865 -0.90140986 -0.69218284 -0.6680219 -0.76866436 4.08973 -0.7579722
0.27924293 -0.3346436 -0.37376612 1.0411099 0.68805695 -0.39599138 -0.48422348 -0.5263508 0.9497507
-0.6613463 0.37843135 0.05448545 -0.33401537 0.4053144 0.31001794 0.12900881 -0.33777726 0.82110274
0.12886342 -0.39158168 -1.0128455 -0.11411054 -1.1039193 -0.9800368 4.012125 -0.30919737 0.0
-0.4969594 0.5380171 -0.13814317 -0.36690792 0.56388324 -0.46802527 -0.35405844 -0.14392553 1.8697338
-0.9030963 -0.009028695 0.2565664 0.16023795 -0.12146364 0.42278704 -0.26640257 -0.32127163 1.6930748
-0.5179785 0.28289104 -0.3179158 0.05672328 0.76079416 -0.08114763 -0.10389294 -0.63826144 1.2380012
-0.9325829 -0.61384517 -0.66643333 0.1394562 -0.9120003 -0.6226698 0.3336503 3.6739607 0.0
-0.028079068 -0.17340682 0.3043155 0.4634233 -0.5580848 -0.070661284 -0.55514586 0.28888732 1.4075933
-0.1592169 -0.3512893 -0.009741258 -0.04008909 -0.18957038 0.48145398 0.58184975 -0.24568841 0.9112997
-0.7934936 -0.30143514 -0.48225304 0.18731016 -0.111386456 -0.13333912 0.51116234 1.1080244 1.1029398
-0.41331893 -0.57246417 -0.57997185 -0.12362899 -0.85855705 -0.41037753 0.06614348 3.485171 0.0
-0.34610522 0.0074899397 -0.24473992 0.6866959 -0.035724763 -0.06560749 -0.104989626 -0.2296438 1.1899637
0.6722619 -0.06597971 -0.5863161 -0.22694655 -0.28393254 -0.29339695 -0.46650738 -0.2800952 2.4579623
0.18845339 -0.23610605 -0.18891022 -0.062852226 -0.13647303 -0.7444584 -0.049815517 -0.13213474 1.6758648
-1.2690957 -0.9631261 0.44583014 -0.53402305 -0.120263904 -1.1217461 3.1126313 0.8130793 0.0
-0.08941686 0.635101 0.89362836 0.027476758 -0.73076653 -0.78897923 0.3567772 -0.6135776 0.8122593
-0.13197027 -0.51477873 0.08334883 1.1239867 -0.17813188 0.35874918 -0.14154658 -0.091761574 0.38399377
-0.7124512 -0.3536624 0.7657171 -0.23650692 -0.38294148 0.48741442 0.15368444 0.0026243043 1.356272
0.21214259 -0.46694493 -1.2343814 0.25560078 1.5296468 0.447637 -0.5252445 0.21209797 0.0
