0.017076928 -0.4602897 0.11079693 0.9561462 0.32135868 -0.70837694 -0.035975434 1.3859103 0.0
-0.15025313 0.040755324 1.0761167 0.15943235 0.12700509 0.09453941 0.684819 1.4824506 0.0
-0.25575483 -0.09784476 0.15709111 0.05839405 -0.29518148 0.19622569 0.071798734 1.0355667 0.57019746
-0.058070295 0.22828732 -0.26285094 0.34610802 0.32499966 0.11844952 0.06518156 0.22184952 0.648803
0.07832401 0.070161775 -0.13666081 -0.015762245 0.49215648 0.12908931 -0.020254966 -0.06939117 0.72135836
0.48421404 0.047091838 0.56683797 0.51148015 0.065569974 -0.015426142 0.9314788 0.6806603 0.0
0.122766025 0.08813411 -0.17354801 0.34032288 -0.10453485 0.09216333 0.1825944 -0.018394474 0.7119559
-0.13815331 0.26455468 -0.050395858 0.13590828 0.2052959 0.26144916 0.08122468 0.0137585765 0.7139608
-0.14155458 0.2670447 0.1187446 0.01940884 0.16469972 -0.101359576 0.21265087 -0.13355918 0.7063285
-0.034300398 0.24812266 -0.18088652 0.3175341 0.26745385 0.6528249 0.8063324 0.6484991 0.0
-0.18265899 -0.074286975 -0.34009928 -0.15180402 0.17628144 0.087216556 0.036191292 0.24636859 0.82994103
-0.015409975 0.08788815 -0.280297 -0.12452662 0.03116769 0.28699136 0.1865151 0.026385725 0.782452
0.05475063 -0.14539723 -0.09691635 0.0037928189 0.14562857 0.04556289 0.28989083 0.32073262 0.75209767
0.20159064 -0.14247832 0.18707299 0.083872855 0.30727446 0.3831279 0.010854642 0.8117945 0.0
-0.045766257 0.03401909 -0.16113678 -0.26506943 0.008577567 0.20549521 0.14947183 0.20874666 0.7085053
-0.25361538 0.17142083 -0.23423491 0.04056179 0.062259328 0.18196242 0.19095366 0.21829037 0.80442584
-0.22922297 -0.06847669 -0.060875732 -0.11648663 0.07301865 -0.021163987 0.16426224 0.34974307 0.7499222
0.13320445 0.17613551 0.06514987 0.3095126 0.19300824 -0.019551208 0.8993923 0.3877872 0.0
0.18676923 -0.25236794 -0.08411934 0.25981343 0.077988185 0.048788633 0.092397355 0.19849183 0.2095041
0.23225036 -0.054607965 0.03144037 -0.1779892 0.3107927 0.085836954 0.14185916 -0.026014807 0.16049539
0.11678467 -0.25776604 -0.15744737 0.3213356 0.28955725 -0.016852498 -0.02646829 0.301011 0.16792122
0.56110007 0.6228022 0.06685081 -0.26913625 1.3215216 0.5743056 0.22338931 -0.05289015 0.0
