-1.0087271 -1.5100425 -0.8841809 0.2447298 -0.28441858 -0.6464109 -1.2467082 4.5255876 0.0
-0.8093707 -0.8626871 0.011377271 -0.89399976 -1.0384483 -0.8129127 -0.35852432 4.779136 0.0
-0.18928221 -0.9355789 -0.606905 -1.1938769 -0.9162072 -0.78922564 -0.94147044 3.890188 -0.982115
0.26346064 -0.36267105 -0.43902844 0.6187762 0.86119604 -0.24683033 -0.53968 -0.053215247 0.888543
-0.7676707 0.4055482 -0.20697649 -0.16460352 0.62003475 0.23070896 0.13590978 -0.13393253 0.64152247
0.15390761 -0.74419945 -1.085151 -0.12424712 -1.3259362 -1.2938468 4.191274 -0.57207257 0.0
-0.4677237 -0.08366508 -0.29169816 -0.39043483 0.76788247 -0.6658767 -0.45032912 0.15180135 2.2057831
-0.6868924 0.00059543556 -0.03685919 0.72446024 -0.29766095 0.38966164 -0.48453182 -0.5147577 1.4233866
-0.87645954 0.7868388 -0.39982894 0.09018531 0.8948033 -0.11691598 -0.44154727 -0.42956796 1.0266502
-1.076538 -0.90222824 -0.84539187 0.14664932 -1.0703613 -0.9395277 0.79282326 3.5147655 0.0
-0.038433187 -0.28814337 0.69887334 0.4799619 -0.36567873 -0.13421796 -0.6840555 -0.11359293 1.3864976
-0.21480009 -0.67572284 -0.30407867 -0.07918768 -0.49550238 0.5616753 0.62295663 -0.3035463 1.435746
-0.6431036 -0.61149824 -0.5709016 0.22554234 0.025172338 -0.2742825 0.6409877 0.86759937 1.1299834
-0.94713193 -0.8615319 -0.34421888 -0.422506 -0.9881383 -0.5401605 0.0817454 3.5270302 0.0
-0.8534114 0.21382199 -0.26354063 0.55211157 -0.0381411 0.06283719 -0.17625043 -0.5006528 1.7723877
1.1379511 -0.0904758 -0.86270696 -0.35276803 -0.084031925 -0.021440893 -0.8292515 -0.53380924 2.1808367
-0.15726663 -0.39634624 -0.33888626 0.04690441 -0.5443122 -0.22236174 -0.0344937 -0.31874216 2.2059543
-1.5064783 -0.7635982 0.6969836 -0.5669041 -0.1518584 -1.3581041 2.9534674 0.674465 0.0
0.2489779 0.7769335 0.8967511 -0.051469825 -0.82075065 -1.1848954 0.26038882 -0.77207977 0.80294186
-0.24292225 -0.7421604 -0.27556705 1.1744038 -0.30291802 0.71276903 -0.5913247 -0.256942 0.79653186
-0.030382322 -0.6067031 0.4384217 -0.028495397 -0.7657423 0.00481104 0.17040431 -0.27056313 1.5932391
0.06191718 -0.23354752 -1.3897475 0.43105847 1.8205677 0.30540994 -0.5542465 0.021289486 0.0
