-0.750616 -1.3081183 -0.766864 -0.06810328 -0.26767963 -0.5146283 -1.2391449 4.6702094 0.0
-0.9896496 -0.5458208 0.010349911 -0.68385315 -1.2787539 -0.5108646 -0.32492855 5.008802 0.0
-0.18356408 -0.5929534 -0.8707255 -1.0684617 -0.82017046 -0.7389229 -0.86744136 4.131971 -0.89160246
0.3950545 -0.3775437 -0.41284937 0.73845756 0.777569 -0.43622935 -0.5170565 -0.21823576 1.0020173
-0.7969855 0.43457896 0.057821363 -0.35560656 0.21462338 0.3397385 0.1440173 -0.3452082 0.89586043
0.14348108 -0.60894686 -1.0559896 -0.11885008 -1.2333481 -1.1593974 4.121025 -0.4487095 0.0
-0.6246524 0.5438367 -0.21784234 -0.383527 0.68030244 -0.5704887 -0.40775505 -0.14871949 1.8903897
-1.0226833 -0.0153822135 0.2780959 0.46859685 -0.17785455 0.49484494 -0.38220483 -0.43679985 1.4123936
-0.71284693 0.29309082 -0.36521584 0.07509677 0.87099844 -0.08535523 -0.10658918 -0.654927 1.2756786
-1.0154434 -0.77584517 -0.769587 0.1422948 -1.0047623 -0.6296792 0.33460853 3.6840546 0.0
-0.03540481 -0.23510683 0.30745667 0.50817627 -0.6057191 -0.10280321 -0.629862 0.29187027 1.499835
-0.19103159 -0.5219355 -0.011677059 -0.060540747 -0.33944482 0.5316431 0.65001214 -0.27039665 1.0477759
-0.8415452 -0.51347405 -0.555909 0.21325587 -0.121983394 -0.20648181 0.42632753 1.2666101 1.1624539
-0.6827379 -0.7324589 -0.61513644 -0.2602181 -0.9348199 -0.48460904 0.07518583 3.6388006 0.0
-0.59903014 -0.001071559 -0.2547655 0.77239436 -0.037186507 -0.06378244 -0.14414066 -0.3680978 1.478232
0.7384977 -0.080375396 -0.7041414 -0.30185512 -0.31878617 -0.3146088 -0.49736774 -0.40242597 2.5392506
-0.12914209 -0.32477492 -0.25795978 -0.09528513 0.1702215 -0.76864415 -0.118667394 -0.17134501 1.8613503
-1.4078181 -0.98634213 0.76859397 -0.5556192 -0.13861714 -1.2593095 3.1694727 0.51932216 0.0
-0.09545794 0.6719649 0.959602 0.04791789 -0.80215317 -1.0090592 0.4208097 -0.72506404 0.90549946
-0.19485475 -0.6423215 0.084334 1.1376613 -0.26283807 0.46276656 -0.33652467 -0.16936566 0.4267735
-0.4220248 -0.50681657 0.7279444 -0.25587273 -0.6084792 0.43268573 0.23476058 0.0032111758 1.2465156
-0.08676133 -0.48350725 -1.35877 0.26680976 1.5359532 0.46433267 -0.22877268 0.21304557 0.0
