-0.9683529 -0.8825514 -0.80746424 1.0662086 -0.6941657 -0.9928932 -0.5703667 3.09195 0.0
-0.9920763 -0.818385 0.18911552 -1.2798374 -0.3042353 -0.69732213 0.38185486 3.7557232 0.0
-0.2985934 -0.42484725 -0.66995734 -0.46268064 -0.5537433 -0.46211445 -0.48235017 2.7143102 0.028210593
-0.07274406 -0.25759995 -0.84576344 -0.10422447 0.46745652 -0.3735803 0.08728997 0.41265348 1.103358
-0.55336696 -0.3919312 0.085046105 -0.6326819 0.07264002 0.23446086 -0.052658677 0.44049123 1.0339334
-0.0033549059 -0.807372 -0.40039194 0.11221487 -0.53986293 -0.8328082 2.720194 0.32674316 0.0
-0.34382913 -0.3291845 -0.3858427 -0.5766008 0.14744557 0.4303895 -0.10902193 -0.26655307 1.7426326
-0.46711788 -0.19369894 -0.58863336 0.22979568 -0.09854309 -0.0610152 -0.30120185 0.020745007 1.7401482
-0.49916828 -0.22829466 -0.27662075 -0.29851547 -0.16860197 0.13419253 0.14372167 0.07357457 1.3626752
-0.5702039 -0.65327084 -0.83321714 0.14462245 -0.08164703 -0.0953155 0.9195219 2.0854747 0.0
-0.42064354 -0.17042856 -0.19349253 0.2856706 -0.13509877 -0.012274342 -0.12682348 -0.37841675 1.6107848
-0.46136352 -0.50411844 -0.48420286 0.27385655 -0.44210967 0.33842233 -0.23817258 -0.0013627214 1.6546366
-0.08511595 -0.7488072 -0.6968899 -0.21658492 0.08153538 -0.12000245 -0.0834369 0.40074912 1.6495066
-0.5847486 -1.0113046 0.2571177 -0.6894251 -0.0029060466 -0.7010569 -0.26202562 2.7236967 0.0
-0.18783009 -0.19911577 -0.17189947 -0.23953266 -0.3090349 -0.10297341 -0.12068616 0.05187328 1.5579911
-0.5038495 -0.36891395 -0.26423964 -0.3199224 0.087704286 0.056832433 0.26065594 -0.51071334 2.2700639
-0.3265591 -0.5932804 -0.30819058 -0.21533872 -0.16257954 -0.16332054 0.1963577 -0.044567596 1.8674484
-0.83306336 -0.67014426 0.5292321 -0.45737773 -0.25809336 -0.8132892 2.322222 0.6872843 0.0
-0.5840359 -0.55212826 -0.2593828 0.28170353 -0.29966593 -0.48986465 -0.07307737 1.4093381 0.55474186
-0.51610243 -0.5336422 -0.17015125 0.029733166 -0.02361754 -0.09061607 -0.2634338 0.085294604 1.5521293
-0.04674963 -0.6960055 -0.53593695 -0.53064036 -0.19668709 -0.60780925 -0.031309854 0.26718798 2.2597382
-0.029979117 0.1048353 -0.500077 -0.32886901 1.554886 0.3912187 0.49520266 -0.52225155 0.0
