-0.29431343 -0.8307056 -0.48873082 -0.06616985 -0.22095303 -0.24995884 -1.2155391 4.5964704 0.0
-0.8183356 -0.1277218 0.007671629 -0.2926325 -1.263356 -0.11708387 -0.23800775 4.9487095 0.0
-0.1665964 -0.13954309 -0.8516818 -0.7521029 -0.5777396 -0.59998065 -0.6758035 4.0452404 -0.63758767
0.1928983 -0.29429916 -0.33620414 1.0380777 0.60402644 -0.35721257 -0.45155132 -0.5248184 0.8970955
-0.542147 0.32658058 0.05114489 -0.31246433 0.36960837 0.2812204 0.11473781 -0.33004218 0.80236787
0.11492921 -0.24451584 -0.96884763 -0.117913455 -0.9809895 -0.8362756 3.9079504 -0.20786385 0.0
-0.38948652 0.531889 -0.08497418 -0.35000476 0.4616896 -0.37902355 -0.17048441 -0.13899149 1.8348262
-0.791066 -0.0051126634 0.23546936 0.15779446 -0.057883393 0.35753292 -0.18129542 -0.24396344 1.6675862
-0.36854336 0.2724221 -0.27425128 0.042059418 0.6587109 -0.07689553 -0.102098614 -0.6209848 1.2002789
-0.85176945 -0.4782779 -0.57172245 0.1364965 -0.82261574 -0.6152941 0.33263618 3.6632442 0.0
-0.02193252 -0.12535277 0.30100703 0.42008975 -0.5114721 -0.04737852 -0.48528847 0.2857455 1.3156129
-0.1311284 -0.23030163 -0.008030557 -0.025826586 -0.10178774 0.4147431 0.52928907 -0.22185259 0.7854386
-0.74534357 -0.17349939 -0.4144991 0.16313659 -0.10111164 -0.08362733 0.45520893 1.0347726 1.0434395
-0.24197605 -0.4402448 -0.54473674 -0.05581909 -0.7841767 -0.34376463 0.03414933 3.3369884 0.0
-0.19274901 0.0066151065 -0.23449919 0.6058559 -0.034231562 -0.050808016 -0.07488597 -0.13881624 0.94451076
0.63894546 -0.05346658 -0.46937642 -0.16574238 -0.25099155 -0.27238035 -0.43574953 -0.19032274 2.3377056
-0.058454033 -0.16890201 -0.13552423 -0.04032393 -0.13557334 -0.71951514 0.27195987 -0.10016875 1.4986508
-1.1363744 -0.93901086 0.4414792 -0.511952 -0.103378676 -0.9917374 3.0532424 0.8052038 0.0
0.10279398 0.59807074 0.8262349 0.019676574 -0.66171783 -0.6070551 0.2992449 -0.51298195 0.5056573
0.1736111 -0.40662238 0.08227412 1.1096107 -0.11764099 0.27399558 -0.056080498 -0.04769377 0.10434647
-0.7012168 -0.24097821 0.76092523 -0.21749347 -0.23367797 0.48410165 0.097805135 0.002117589 1.2774135
0.21183385 -0.4499351 -1.1144226 0.24418429 1.5229551 0.43058234 -0.5244844 0.21109396 0.0
