-0.5871374 -1.161082 -0.68132496 -0.06758995 -0.25452766 -0.4257929 -1.2328999 4.650724 0.0
-0.9414579 -0.3730118 0.009567309 -0.54731834 -1.2746906 -0.34723675 -0.29942608 4.9929447 0.0
-0.17894664 -0.4058164 -0.86568195 -0.97435904 -0.74807996 -0.69958717 -0.8123964 4.109007 -0.8164531
0.32731646 -0.3536387 -0.39117318 1.0424159 0.727672 -0.4139259 -0.49898377 -0.5270111 0.97332454
-0.7203039 0.4031698 0.055987574 -0.34372956 0.42170194 0.32328388 0.13567494 -0.34115803 0.8292907
0.13535948 -0.4793163 -1.0323681 -0.11625576 -1.1613805 -1.058403 4.0616016 -0.3666777 0.0
-0.5518051 0.54067326 -0.17018123 -0.37442273 0.61447114 -0.5124198 -0.37769806 -0.1461001 1.8791586
-0.955996 -0.011523847 0.26620537 0.16127992 -0.16664319 0.45436683 -0.3142754 -0.3618093 1.7041528
-0.59951764 0.28751436 -0.338754 0.06449866 0.8093905 -0.08304697 -0.10511832 -0.64583546 1.2551044
-0.9696334 -0.68331474 -0.7118112 0.1407482 -0.9533435 -0.62586796 0.3340873 3.6785774 0.0
-0.031222839 -0.19933824 0.30574906 0.48339543 -0.57940304 -0.083890714 -0.58817625 0.29024863 1.4490824
-0.17306328 -0.42110944 -0.010583988 -0.04841722 -0.24753669 0.5133229 0.6060149 -0.2567041 0.971408
-0.8151355 -0.3878145 -0.5146712 0.19876936 -0.11611732 -0.16290168 0.5372754 1.1410834 1.1300758
-0.5201034 -0.6408344 -0.59580946 -0.17385302 -0.89265734 -0.44282892 0.07013889 3.5546567 0.0
-0.44494218 0.007900589 -0.24927837 0.72467256 -0.03638649 -0.07322224 -0.12138453 -0.28502685 1.3141737
0.68711185 -0.07221823 -0.64511967 -0.25974238 -0.29938573 -0.3029218 -0.48038664 -0.33064547 2.5115438
0.18900058 -0.27321553 -0.2178705 -0.076044075 -0.13686167 -0.7554449 -0.07414529 -0.14882718 1.7583445
-1.3308042 -0.97368294 0.4477138 -0.5438009 -0.12834206 -1.1827372 3.1385179 0.81648874 0.0
-0.09228164 0.65171486 0.9242602 0.03171322 -0.7626155 -0.88303185 0.3847796 -0.66189396 0.8536804
-0.15774858 -0.56967396 0.08381518 1.1302243 -0.21286209 0.40278113 -0.21048282 -0.12149794 0.4030145
-0.7173359 -0.41699636 0.76778644 -0.2451816 -0.47338924 0.48884556 0.18658698 0.002877681 1.3916487
0.21227543 -0.4744534 -1.2898327 0.26067105 1.5325328 0.45517448 -0.5255714 0.21253112 0.0
