-0.41727087 -0.90656507 -0.31850362 1.2732221 -0.3129891 -0.7454949 -0.4168206 2.053694 0.0
-0.8582929 -0.0060924664 1.2138578 -0.51285756 0.00071673706 -0.04820212 0.9691588 1.6475602 0.0
-0.39695176 -0.20745666 -0.017602785 -0.35560206 -0.6287035 -0.2109665 -0.00524739 1.5867808 0.6254798
-0.37923643 -0.11714693 -0.6057819 0.18229076 0.5619034 -0.058817666 -0.17445032 0.12003194 1.2509243
-0.45328602 -0.3167035 -0.12564093 -0.20319046 0.23623277 0.16536917 -0.2437423 0.24571648 1.2107509
0.7645816 -0.4818338 0.19245595 0.06810945 -0.32020342 -0.27319854 1.3971123 0.84070253 0.0
-0.3617331 -0.2912256 -0.23485918 -0.004631073 0.08399584 -0.0054766773 -0.07686217 -0.20974758 1.7006453
-0.3027607 -0.23693956 -0.044287235 0.11237009 0.16107063 -0.2358577 -0.16314164 0.07155347 1.5186265
-0.41523185 -0.06072623 -0.36589897 0.10210201 0.052971188 -0.3982789 0.27316114 -0.08464844 1.2864268
-0.2598964 -0.42778584 -0.5116283 0.3506212 0.12851621 0.28249383 0.8453353 1.3963907 0.0
-0.6062329 -0.5193792 -0.5451432 -0.34325865 -0.09491169 -0.098390676 -0.35770497 0.24874231 2.2229052
-0.33053374 -0.30221775 -0.47192907 -0.18290396 -0.36764145 0.26821676 -0.08686031 0.15045036 1.6161264
-0.24418437 -0.52134126 -0.3890288 -0.11047315 0.44192004 -0.26910412 -0.022115959 0.38913938 1.405413
-0.3389341 -0.7316942 0.21080041 0.007887074 0.40423808 0.06250423 -0.15407035 1.5279256 0.0
-0.322368 -0.11412928 -0.474502 -0.40865773 -0.29379532 -0.16170281 -0.055417515 0.36258247 1.7255012
-0.5345739 -0.43953684 -0.48887882 -0.20657508 -0.036960132 -0.12832367 -0.07917956 -0.14871204 2.5400143
-0.41177493 -0.49500763 -0.19825926 -0.11721528 -0.34782773 -0.4419665 0.26247096 0.3213544 1.862145
-0.38874668 -0.26964626 0.15482892 0.24527313 -0.03588426 -0.6191652 1.0693151 1.1288011 0.0
-0.2941393 -0.49483636 -0.08801387 0.38073125 -0.017082708 -0.20886402 0.007616539 0.37914076 0.7053029
-0.19043134 -0.44178933 -0.20014182 -0.15644693 -0.06396573 -0.09186028 -0.1680564 0.22591081 1.3992414
-0.04132088 -0.48515266 -0.3321281 -0.024910582 0.027147645 -0.30107245 -0.043846678 0.41577148 1.2092539
0.45462137 0.9332707 0.17391586 -0.41862577 0.94181687 0.85682636 1.0016539 -0.08735571 0.0
