-1.5821999 -1.2495261 -1.1047124 0.38581568 -0.83806854 -1.0934952 -0.6690168 4.202187 0.0
-0.7596771 -1.4098341 -0.16599946 -1.0149714 -0.5309404 -1.02523 0.18709424 4.3956475 0.0
-0.51806206 -0.8787667 -0.80992526 -0.49538183 -0.8336392 -0.76938975 -0.8524392 3.692929 -0.33085924
-0.008699376 -0.31516975 -0.61861485 -0.21388328 0.18112752 -0.44071922 0.09925991 0.7231671 0.9272887
-0.63014734 0.2090715 -0.33753008 -0.45990932 0.07674827 0.12443681 -0.1466421 0.30866688 1.1840875
-0.5114032 -0.8615184 -0.6692228 -0.34425992 -0.88755727 -1.1979775 3.8386676 -0.17259422 0.0
-0.4664106 -0.24909504 -0.29220974 -0.43274483 -0.19996653 0.37237647 0.2758159 -0.4198774 1.7012696
-0.41957942 -0.06314535 -0.6223898 -0.29242438 -0.59799784 -0.13933319 -0.17723423 0.05228547 2.250066
-0.19880201 -0.26630643 -0.07689958 -0.3103727 -0.30804062 0.17036091 -0.0069835605 -0.22972172 1.4264212
-0.6043372 -0.80979514 -0.7067717 0.5331333 -0.35561737 -0.64562213 0.3606657 2.7010198 0.0
-0.44261962 -0.5549258 -0.13197595 0.29953846 -0.17625155 -0.14454491 -0.26653096 -0.17494477 1.8708329
-0.1822459 -0.10008267 -0.6389444 -0.39214298 -0.4434132 0.41517437 -0.070566654 -0.1537419 1.7086008
-0.2915871 -0.45563114 -0.26812062 -0.25196624 -0.41705954 -0.10687243 0.14393453 0.078430146 1.7611152
-0.8228426 -1.1168662 0.017665492 -0.863587 -0.49088097 -0.8947585 0.3583739 3.1363144 0.0
-0.7394327 -0.2602536 -0.47167557 -0.15068074 -0.2079243 0.1454924 0.4342206 -0.35780916 1.811288
-0.32210502 -0.20971662 -0.7898547 -0.21290636 0.31194976 -0.22540745 -0.30583438 -0.5085255 2.4946377
-0.30318886 -0.5230762 -0.521477 -0.6783776 -0.15900122 -0.27993295 -0.38400468 0.09389304 2.4055035
-0.7676484 -0.6967773 0.28896698 -0.4718476 -0.5100443 -0.6226647 2.5312965 0.6433993 0.0
0.2097913 -0.44558942 -0.21172881 0.11543541 -0.35505995 -0.27258897 0.38790858 0.54456407 0.6446479
-0.68379974 -0.44309437 0.033513565 0.6241831 -0.4405983 -0.18001047 -0.4123753 0.23443154 1.3639983
-0.2633291 -0.751742 0.16101168 -0.52357656 -0.24623588 -0.18053576 -0.07724812 -0.12194079 2.1665883
-0.3793803 -0.2964865 -0.9691261 -0.4014664 2.2507865 0.4072306 0.15214127 -0.95036477 0.0
