-1.5696231 -1.1696689 -1.1149508 0.55218196 -0.8491425 -1.1002105 -0.7235051 4.063515 0.0
-0.65352756 -1.4110298 -0.23523176 -1.0097867 -0.4522345 -0.9405965 0.15641125 4.3384237 0.0
-0.55716044 -0.8760483 -0.6894522 -0.49816388 -0.9230708 -0.80064094 -0.8930321 3.5850484 -0.13078578
0.014762391 -0.38493678 -0.5702458 0.0023215741 0.15750207 -0.3931008 -0.009525474 0.6740192 0.85459054
-0.57694787 0.116292894 -0.27373943 -0.5811962 0.07144357 0.04067124 -0.013348653 0.40573224 1.1166712
-0.40989104 -0.87999135 -0.63955164 -0.40737554 -0.8524434 -1.2411327 3.7907975 -0.11963288 0.0
-0.39935723 -0.3280223 -0.34441927 -0.47618678 -0.12833178 0.4558986 0.14877163 -0.56149596 1.843519
-0.33306018 -0.07893017 -0.5794978 -0.2738981 -0.46911559 -0.1373305 -0.24905157 -0.11818385 2.2497418
-0.2570095 -0.20631288 -0.16849934 -0.36697087 -0.24118766 0.19329445 0.0010054328 -0.15925942 1.4232407
-0.43250468 -0.7526257 -0.88302344 0.500813 -0.3367251 -0.7271092 0.5098378 2.6176164 0.0
-0.55640864 -0.53881454 -0.10986962 0.1712105 -0.085241966 0.03796919 -0.27401963 -0.30276018 1.9314991
-0.028051909 -0.031004703 -0.518027 -0.27436367 -0.38071743 0.25946194 -0.49347696 -0.13251458 1.7282283
-0.35831845 -0.5447649 -0.3157265 -0.28886184 -0.2782846 -0.025956376 -0.06269528 0.026238218 1.9143568
-0.79900765 -1.0638769 0.070034795 -0.9232059 -0.34082556 -0.9144652 0.29632202 3.0551279 0.0
-0.72888714 -0.21525264 -0.35165396 -0.23387735 -0.21350145 0.3121706 0.38254777 -0.514873 1.790987
-0.4822713 -0.24155784 -0.72559696 0.009450097 0.26449284 -0.23302291 -0.25679547 -0.5395132 2.4701633
-0.41319335 -0.54163027 -0.43016168 -0.7777494 -0.1992484 -0.25001854 -0.36058712 0.086905085 2.467919
-0.88005096 -0.7032615 0.4805458 -0.56659096 -0.45731783 -0.5842112 2.4346364 0.66515 0.0
0.016827654 -0.42147142 -0.3417582 0.18359846 -0.4423798 -0.3374462 0.5689822 0.5444228 0.7675555
-0.6435328 -0.28725305 0.015864437 0.3423494 -0.32810637 -0.20427223 -0.441741 0.009606213 1.5541657
-0.23086943 -0.76385504 0.086920135 -0.6427903 -0.30388343 -0.27217916 -0.109346576 0.049864605 2.2455342
-0.22091335 -0.1263061 -0.7554416 -0.4806694 1.897463 0.56497395 0.35740966 -0.8560565 0.0
