-1.0352386 -0.82355475 -0.77728254 0.80451167 -0.44543615 -0.9962065 -0.5122467 3.2009761 0.0
-0.6611494 -0.94913805 -0.02550482 -1.1762381 -0.12320785 -0.7559191 0.35410178 3.7354572 0.0
-0.39175525 -0.59899956 -0.62926096 -0.62663084 -0.8084559 -0.57150006 -0.5066698 3.0617507 -0.04852544
-0.17628127 -0.19416659 -0.5659873 -0.018316276 0.2632055 -0.063351326 0.08068797 0.35545406 0.8543755
-0.49877825 -0.23250076 -0.05315101 -0.62088466 0.256571 0.18241203 -0.014050072 0.5750203 0.7312662
-0.2577823 -0.74315876 -0.40250474 -0.08043261 -0.5123983 -0.7904218 2.9815385 0.17569377 0.0
-0.40250733 -0.29033113 -0.33168414 -0.67253965 0.078488916 0.39560765 0.100469604 -0.23523875 1.6766716
-0.37761468 -0.18913583 -0.6727601 -0.084886044 -0.19964042 -0.08792153 -0.20217052 -0.0064482745 1.9842407
-0.49100232 0.011706865 -0.28563133 -0.2104851 -0.25864214 0.0088529065 0.07532806 0.021856915 1.3376325
-0.54071516 -0.62679845 -0.81489044 0.21375337 -0.081989706 -0.33806452 0.71666825 2.257241 0.0
-0.50434726 -0.31352064 0.04582675 0.35863566 -0.18235214 0.19100636 -0.048800547 -0.55930287 1.5315322
-0.32313764 -0.303265 -0.3514783 0.06697971 -0.568451 0.28136358 -0.3582315 -0.11450651 1.7387828
-0.265863 -0.6249773 -0.7088085 -0.06330302 0.013694986 -0.25954136 -0.04183353 0.33939812 1.7036885
-0.6307808 -0.91273874 0.14976257 -0.83965707 -0.051159132 -0.7372745 -0.120499074 2.8135383 0.0
-0.29480812 -0.09999356 -0.20384596 -0.2865211 -0.21065183 0.15151736 0.107291184 -0.31385466 1.4946185
-0.37768856 -0.1830731 -0.36901554 -0.37841752 0.29977491 0.16618507 0.11225105 -0.4341021 2.0487795
-0.5289515 -0.31589288 -0.25072023 -0.28172284 -0.16140823 -0.2993246 0.016687768 0.051873762 1.8887943
-0.88853055 -0.61777115 0.6808916 -0.6372919 -0.3968805 -0.74510074 2.3605456 0.6518756 0.0
-0.049717154 -0.53945154 -0.09408956 -0.017768767 -0.40023318 -0.3965216 0.095814615 1.2233665 0.40895796
-0.4725965 -0.26073152 0.114140406 -0.012127849 -0.15955964 -0.39415875 -0.15837896 0.06562657 1.4211498
0.038379073 -0.58715606 -0.52285695 -0.41284025 -0.19533443 -0.4407545 -0.13466664 0.3184874 2.0515802
-0.060175445 -0.09481261 -0.5249208 -0.1872463 1.5296948 0.51895714 0.5035198 -0.52252215 0.0
