-1.261876 -1.5950876 -0.6519294 -0.07265043 -0.7925273 -1.2269818 -0.4707723 4.4685187 0.0
-0.9157859 -1.1867687 -0.398221 -0.6711642 -0.89043045 -1.265126 -0.14926794 4.8300686 0.0
-0.49506846 -1.289937 -0.71157044 -0.7472913 -0.76373786 -0.50078416 -0.9616739 3.8161273 -0.9128693
-0.15101114 -0.55373424 -1.031416 0.79782456 0.5532837 -0.10378144 -0.22304459 0.41449675 0.6644243
-0.60579246 0.32677966 -0.36838508 0.12025822 0.056840606 -0.31625283 -0.35650077 0.44806698 1.0397224
-0.39968985 -0.70390236 -0.51781756 -0.26304397 -1.1672678 -1.2980856 4.0220346 -0.41212592 0.0
-0.45205718 -0.108071834 -0.7535131 -0.0037187182 0.49146444 0.23810959 -0.15713559 -0.1896949 1.4588012
-0.75445664 -0.26246125 -0.26296577 0.006942497 -0.063296385 0.23835078 -0.16032709 -0.2934856 1.933433
-0.5113326 -0.08358369 -0.01693522 -0.035181504 0.27880493 0.18884112 0.008808262 -0.61253285 1.1966314
-0.44886103 -0.9162204 -0.6930475 0.47768676 -0.94339126 -0.8769915 0.2547269 3.176706 0.0
-0.50816405 -0.3277099 0.49537888 1.1754607 -0.16898783 -0.5468922 -0.15236413 -0.79219544 1.097429
0.290145 -0.39804825 -0.7057356 -0.4994942 -0.639025 0.029806253 0.2226478 -0.088843465 1.8364587
-0.28647253 -0.6444953 0.16493887 -0.28365663 -0.46943638 -0.6074428 0.12744083 0.45351365 1.6494199
-0.78744084 -0.854686 -0.14101404 -0.5823912 -0.51769835 -0.8472272 -0.1896761 3.346227 0.0
-0.502882 -0.23672487 -0.45959058 -0.04470943 0.18044189 -0.12642214 0.29621354 -0.19574675 1.5577604
0.02988676 0.0052181357 -0.77444035 -0.45235077 0.26352322 -0.15049021 -0.4061603 -0.2840369 2.2576387
-0.21695538 -0.15619984 -0.2980652 -0.30458435 -0.23777515 -0.17687006 -0.23992327 -0.17450844 2.0105307
-1.0355136 -1.0838574 0.18973002 -0.20026407 -0.4551518 -1.0443697 2.591729 1.0514123 0.0
0.19812709 -0.13606873 -0.20626645 -0.29045367 -0.488834 -0.2991957 0.53569275 0.7998508 0.2991067
-0.7034639 -0.09799335 0.09123236 0.09506783 -0.003316201 -0.004275852 -0.74824524 -0.0746506 1.477469
-0.18148625 -0.6566161 0.07877612 0.28099856 -0.16936569 0.12252798 -0.18853521 0.17966238 1.2744343
0.09419077 -0.2629368 -0.6455849 -0.100061536 1.7576164 0.37195745 -0.40752104 -0.15087168 0.0
