-0.52388525 -1.0986086 -0.6449499 -0.06735323 -0.2486487 -0.3899519 -1.2300143 4.641715 0.0
-0.9199096 -0.31258267 0.009224646 -0.49357867 -1.2728107 -0.29025 -0.2882855 4.985609 0.0
-0.17684476 -0.3403076 -0.86335284 -0.9335686 -0.7168254 -0.68206 -0.788064 4.0984015 -0.78377783
0.29995823 -0.34307024 -0.381509 1.0416976 0.7056273 -0.40397158 -0.49081716 -0.5266482 0.9602976
-0.68728215 0.3893812 0.055157006 -0.33835635 0.41261566 0.31592473 0.13197 -0.3392959 0.82478064
0.13175005 -0.4289218 -1.0215929 -0.11507186 -1.1294416 -1.0145917 4.034335 -0.33388397 0.0
-0.5209565 0.53921187 -0.15175405 -0.3702739 0.58613396 -0.48752657 -0.36451805 -0.14490098 1.8739728
-0.9265522 -0.010077959 0.2608642 0.16070645 -0.14016715 0.43673098 -0.28699383 -0.338897 1.6980553
-0.5532397 0.28496417 -0.32713887 0.06010272 0.7823123 -0.0819977 -0.10444308 -0.64166194 1.2456758
-0.94909334 -0.6442191 -0.6865041 0.14003667 -0.93039614 -0.6241084 0.33384708 3.6760397 0.0
-0.029454062 -0.18464272 0.30496034 0.47231534 -0.56758845 -0.076341376 -0.56978834 0.2894997 1.4261322
-0.1653115 -0.38118342 -0.010112238 -0.043647345 -0.21378528 0.49555692 0.5926131 -0.2505906 0.93790025
-0.8031697 -0.33549464 -0.4965951 0.19238786 -0.11349309 -0.14592844 0.52276397 1.1227952 1.1148549
-0.45840585 -0.60231036 -0.5870528 -0.14415844 -0.8737528 -0.4246902 0.06791423 3.5162988 0.0
-0.3875794 0.0076722074 -0.24677387 0.70354956 -0.036021322 -0.068934515 -0.11208196 -0.25312185 1.2443894
0.6789106 -0.06872033 -0.61211056 -0.24117436 -0.29079214 -0.29764962 -0.4727087 -0.3018339 2.4819539
0.18869966 -0.25215548 -0.201447 -0.068485655 -0.13664797 -0.749387 -0.05959396 -0.13940924 1.712526
-1.296529 -0.96786696 0.4466776 -0.5384053 -0.12383782 -1.1488197 3.1242642 0.81461316 0.0
-0.0905965 0.6425313 0.9072982 0.029310316 -0.7449445 -0.8300383 0.36912957 -0.6351578 0.83066237
-0.14301682 -0.5388202 0.08355855 1.1267922 -0.19301572 0.3779552 -0.16925995 -0.10413364 0.3924478
-0.7146473 -0.38090762 0.7666484 -0.24037567 -0.42132723 0.48805854 0.16772117 0.0027355575 1.372094
0.21220241 -0.47031212 -1.2590574 0.25787228 1.5309463 0.45101652 -0.52539235 0.21229298 0.0
