1.6671064 4.1537895 0.0128882155 -0.9807448 0.379666 -0.9026283 -0.5778197 -1.3053077 0.0
2.4657886 -1.1164299 0.20843963 -1.5205312 0.7957132 0.0039544194 2.380493 -1.4515222 0.0
-0.51647234 -0.7702547 -0.74746484 -0.86299247 -0.49983272 -0.20085725 0.5201515 -0.83897614 4.1390357
-0.057777148 -0.29713672 -0.022853056 -1.0442439 -0.34710464 0.9724533 -0.48572904 -0.799684 4.007986
-0.2472769 -0.5204181 -0.3156324 -0.3031478 -0.37468138 -0.35314894 -1.1751312 -0.8036824 4.2783628
2.1392267 2.317614 0.9047432 -0.14264266 -0.7796281 -1.222778 -0.50993174 -0.79755 0.0
-0.90778464 -0.6845859 0.65810215 -0.7999285 1.4432948 0.094547905 -1.2401276 -1.0020066 3.015957
2.123966 -0.6581638 -0.6653977 -0.7443908 -0.7732673 -1.1052369 -1.083692 1.0327126 1.8168743
-0.7864067 -0.112410255 -0.64389575 0.1760246 -0.37281013 -0.50492173 -0.40052608 -0.95621794 3.7726974
1.5438863 -1.1224749 -1.1666615 1.690336 -0.6724554 -1.1411992 2.6502597 -1.4395634 0.0
-0.61623615 -0.47629285 -0.44313428 -0.6377653 -0.59739125 -0.3669474 -0.79861444 -0.45532522 4.1364937
0.10833521 -0.26280057 -0.56772393 -0.9786701 -0.40947652 -0.5253622 -0.5974782 -0.5591786 4.1181126
-0.39019907 -0.36380005 -0.3773752 -0.71055746 -0.4470051 -0.5852832 -0.65069383 -0.56149036 4.1917133
-0.8543247 -0.6466793 -1.0571346 0.15210328 -0.8603998 -0.80259156 3.5361593 -1.0523874 0.0
-0.7997899 -0.39489985 -0.62425894 -0.60563713 0.022255031 -0.5476428 -0.46808428 -0.6394937 4.126721
-0.82510835 -0.47843328 -0.5021182 -0.5515701 -0.46745056 -0.24837244 -0.32717282 -0.68481326 4.2413654
-0.6609611 -0.5478619 -0.44156253 -0.44912374 -0.5863027 -0.5219841 -0.54200256 -0.48800358 4.291944
3.9687455 -0.8816953 -0.66306967 -0.95255303 -0.56840295 -0.2663452 -0.7981206 -1.0144247 0.0
0.3724419 -0.7626864 -0.7254395 -0.7997058 -0.44085288 -0.4015173 -0.4928828 -0.76515985 4.0695834
-0.42586505 -0.3113866 -0.43742192 -0.8287613 -0.5939621 -0.55740416 -0.5631061 -0.73004186 4.4206076
-0.38030902 -0.36997014 -0.71040034 -0.73821336 -0.49876922 -0.54699814 -0.5519692 -0.68964636 4.3611054
0.4158519 4.3022833 -0.71798676 -0.7491561 -0.092442565 0.69654506 -0.73595303 -0.7102931 0.0
