1.9421716 3.7836313 -0.63402194 -0.7466846 -0.1424723 -0.7863371 -0.7984245 -1.6031693 0.0
3.3233752 -1.4724605 -0.43030605 -1.6842837 1.4907465 -1.1240408 1.1702515 -1.8675866 0.0
2.254778 -0.93683654 -1.0881505 -1.8219973 -1.2188871 0.19829647 -0.8204206 2.185244 2.1228855
-1.329233 -1.0298811 2.2737005 0.374849 1.2689956 2.6346152 -1.0552341 -1.0515362 0.9015393
-0.9090462 1.4460773 0.42788303 -0.92372984 -0.9168139 -0.86536264 -1.4157642 0.6055119 3.2702372
3.547394 2.8179748 -0.3819075 -0.9270452 -1.641126 -1.2198156 -0.85893524 -0.9639069 0.0
-0.5707149 0.6944939 -0.7516641 -1.0925581 0.93571556 -0.31820408 -0.77995586 -0.56439775 4.1692886
2.2181933 -0.6609917 -0.21721283 -0.7707907 0.33251184 0.9688115 -0.44862396 -0.41153082 1.3622428
-0.7143985 0.28091916 -0.011625435 -0.47630993 -0.38897768 -0.6013081 0.97979826 -1.1323915 3.452264
2.0233712 -0.8103951 -1.0948174 2.4336174 -1.1217417 -1.3031588 1.7658783 -0.91722196 0.0
-0.17481111 -0.09143696 -0.30752108 -0.02110367 -0.64459646 -0.4491089 -0.5658898 -0.35021612 3.4203124
-0.17220524 -0.37654948 -0.3171376 -0.9014778 -0.5826493 -0.5232667 -0.51923966 -0.53471243 4.0586476
-0.1587676 -0.4751249 -0.6690324 -0.28989574 -0.43188387 -0.36598188 -0.7516864 -0.5595999 3.9493084
-0.9446969 -0.7095364 -0.8375827 -0.65291226 -0.5272911 -1.0400662 4.3052506 -0.86643964 0.0
-0.7561209 -0.8126499 -0.76810247 -0.7637553 1.7729838 -0.6773821 -0.49040774 -0.64340174 3.344106
-0.5892348 -0.52303976 -0.49764827 -0.5327182 -0.46843964 -0.494152 -0.4051122 -0.43374562 4.0606217
-0.5801541 -0.4005439 -0.45718375 -0.6128949 -0.4957823 -0.33153436 -0.46218303 -0.50284 4.046818
4.430734 -0.5968186 -0.7281792 -0.68387324 -0.680323 -0.62745327 -0.72756547 -0.78579116 0.0
-0.42979744 -0.37063015 -0.078880474 -0.72160524 -0.23424771 -0.48773673 -0.6381829 -0.80691826 3.9898176
-0.4055914 -0.3273299 -0.52108103 -0.68478537 -0.30108196 -0.55513275 -0.46657282 -0.6575964 4.2278733
-0.65888053 -0.3274108 -0.2273896 -0.6340538 -0.51435 -0.59724563 -0.30292666 -0.4655321 4.013306
0.16438808 3.9885328 -0.8459601 -0.7485872 -0.4664697 0.5445076 -0.8946205 -0.7587632 0.0
