1.7276566 1.7544004 1.3170148 0.30060667 1.6045461 1.4699044 0.26162952 0.3189061 0.0
1.6533536 0.9129208 1.0047626 0.41088998 1.4234227 1.4543899 0.91074705 0.37485498 0.0
1.195646 1.0122524 1.4656615 0.2917419 1.0370845 0.1745753 0.34842572 0.33401054 1.8215626
0.98858196 0.64810705 0.22873913 0.26438725 1.687679 0.41142306 0.3210493 0.30920923 1.8274018
1.1252128 1.3657138 0.7255394 0.25892583 0.9031287 0.29186398 0.43189988 0.29752558 1.8536813
1.4229556 1.4531375 0.8166512 0.2678562 1.2037481 0.5547438 0.7006702 0.38640532 0.0
0.20663959 0.24996297 0.3353875 0.36614937 1.1452599 0.23175897 0.31448776 0.21810514 1.8546776
0.21808197 0.15974434 0.5706779 0.21914 0.2686709 0.32485023 0.21682915 0.24786143 1.8810246
0.32612878 0.27884337 0.22818734 0.14012147 0.7866664 0.2309416 0.23499969 0.22841735 1.8844045
1.5298327 0.64657307 0.68094957 0.27972665 0.78126013 0.410342 1.4438219 0.2493606 0.0
0.27768365 0.16394515 0.20752938 0.3357007 0.17827809 0.1409562 0.16859387 0.22767994 1.8820835
0.15953007 0.14383402 0.113702185 0.26212242 0.19275776 0.18691096 0.23813194 0.16505536 1.8855591
0.81723946 0.13832043 0.27390274 0.2099304 0.16694832 0.13236547 0.22319227 0.25281346 1.8827487
0.5270971 1.0208116 0.50460064 0.46497566 0.55224913 0.8087796 1.2980719 0.4077024 0.0
0.19693123 0.15851608 0.2230903 0.23388568 1.3310151 0.19275208 0.20075071 0.26299655 1.869895
0.19495545 0.14284524 0.21325086 0.23421662 1.2004267 0.15926291 0.16978055 0.24036796 1.8712474
0.044475935 0.14636497 0.15334156 0.20241989 0.2385591 0.19390695 0.18685062 0.2312258 1.8915021
1.5923495 0.25448743 0.29079366 0.3209773 1.3926173 1.1991315 0.23968472 0.31366587 0.0
1.5936157 0.68258935 0.14312658 0.28456426 0.76850426 0.9219772 0.17551848 0.28188244 1.8362478
1.026204 1.60145 0.2313917 0.29177263 1.3425313 0.69299376 0.24277884 0.29332015 1.8238939
1.0017561 1.3871598 0.2290993 0.29695496 1.5366127 0.7617923 0.23265731 0.29652098 1.8239081
1.4977547 1.740355 0.81399286 0.29638606 1.7194893 1.5954175 0.33399513 0.30614048 0.0
