1.6213771 4.1438985 -0.00011957106 -0.8019239 0.25675854 -0.8150047 -0.65272593 -1.2324293 0.0
2.601276 -1.2347028 0.05082094 -1.6359769 0.74770725 0.1301205 2.2781696 -1.3999989 0.0
-0.4249889 -0.8637137 -0.618866 -0.98668545 -0.6847259 -0.17907001 0.123555616 -0.5770041 4.436099
-0.34579375 -0.2131199 0.29117748 -1.0077922 -0.12525345 1.8041341 -0.41859055 -0.8168879 3.499137
-0.34679896 -0.23101932 -0.2531475 -0.5288315 -0.26513252 -0.66501915 -1.0760132 -0.80244714 4.32128
2.1716015 2.5293028 0.85307026 -0.45945284 -1.123797 -1.2986627 -0.7144587 -0.8669773 0.0
-0.8411424 -0.15762219 -0.076651014 -1.2342024 2.2191484 -0.28585348 -0.9624445 -1.0704061 2.9653478
2.3117006 -0.93458116 -0.8124786 -0.4755693 -0.29008114 -0.44632274 -0.7814573 0.56380236 1.7565621
-0.9048365 -0.47133908 -0.3426526 0.17531171 -0.08878398 -0.75920904 -0.3459709 -0.995045 3.7808297
1.9082175 -0.977875 -0.9355927 2.0218403 -0.84752023 -1.3422685 2.140549 -1.2573704 0.0
-0.011961582 -0.50374633 -0.101206295 0.58501065 -0.47992748 -0.882327 -0.2737644 -0.14490871 3.2659378
-0.05395992 -0.34334922 -0.4565877 -1.1536497 -0.6307696 -0.3558133 -0.57266587 -0.6677707 4.2598352
-0.38822845 -0.6882703 -0.6275789 -0.7402674 -0.21393546 -0.14527956 -0.8953736 -0.766187 4.32702
-0.94537073 -0.60220873 -1.0734568 -0.07293403 -0.7214609 -0.8947086 3.6979327 -1.043719 0.0
-0.7609743 -0.752432 -0.72172844 -0.7203126 0.23992737 -0.38747838 -0.5314115 -0.59032965 4.1709113
-0.6274406 -0.16531104 -0.5654974 -0.4163387 -0.5270738 -0.4639756 -0.56752396 -0.4070809 4.1040936
-0.489949 -0.3196255 -0.6791462 -0.706814 -0.43547514 -0.6092291 -0.21015254 -0.4770179 4.2703047
4.002582 -0.7354717 -0.6136404 -0.8315134 -0.5871994 -0.34531793 -0.77392834 -0.8351429 0.0
-0.123319134 -0.458587 -0.35636595 -0.8308477 -0.5342676 -0.3448545 -0.417101 -0.6946535 4.1742268
-0.31629553 -0.39634618 -0.6750694 -0.7128126 -0.64005345 -0.30000377 -0.53900975 -0.7126407 4.412821
-0.62857974 -0.37531886 0.015984975 -0.593076 -0.46397686 -0.44278288 -0.40696645 -0.5298271 4.1054764
0.353938 4.165419 -0.6660782 -0.46206045 -0.15600601 0.7120456 -0.601485 -0.49526086 0.0
