1.4725022 4.33201 0.10322187 -0.9155775 0.26801935 -0.9308525 -0.5259631 -1.2687993 0.0
2.6024823 -1.2539213 0.05352122 -1.7099861 0.7188977 0.004815038 2.3755136 -1.5243448 0.0
-0.54916805 -0.91664857 -0.77239114 -1.0532238 -0.6541544 0.0057979487 0.50315446 -0.72654283 4.2428036
-0.23977774 -0.2604495 0.48778984 -1.1836109 -0.33110046 1.9975954 -0.50891304 -0.8828103 3.4499774
-0.27642035 -0.47821903 -0.28274933 -0.29460198 -0.26219264 -0.55739087 -1.296843 -0.84463465 4.3367095
2.1930676 2.4899552 0.79521894 -0.2606311 -1.021874 -1.346665 -0.68147427 -0.8244768 0.0
-0.95929766 -0.62477404 0.2664488 -1.1232922 2.3031085 -0.02450325 -1.2857609 -1.190375 2.7597046
2.4143064 -0.9672711 -0.8409256 -0.56289744 -0.70081705 -0.89669734 -0.99749386 0.908077 1.5528314
-0.9106659 -0.29123113 -0.5778205 0.25449848 -0.076054566 -0.7542507 -0.48619342 -1.0820183 3.768766
1.7789539 -1.1902972 -1.1563504 1.9248797 -0.8381494 -1.3351042 2.3543077 -1.4002811 0.0
-0.33122322 -0.32094577 -0.20243351 -0.22528249 -0.5043427 -0.7251178 -0.4880095 -0.24910964 3.767638
0.32887194 -0.36160958 -0.4137812 -1.2224606 -0.71354485 -0.49546444 -0.68040264 -0.6987367 4.160334
-0.37616533 -0.64605296 -0.60353667 -0.77073663 -0.3989836 -0.35193822 -0.79184574 -0.65089124 4.2974935
-0.93257004 -0.6415963 -1.1096033 0.06470139 -0.8077642 -0.8811416 3.6566541 -1.0597403 0.0
-0.8480056 -0.7654151 -0.736737 -0.6896056 0.41877306 -0.5691762 -0.47085416 -0.6210606 4.152792
-0.7600335 -0.26718673 -0.5616378 -0.4341428 -0.5317098 -0.3249268 -0.4494437 -0.5530381 4.1701217
-0.69829786 -0.42563745 -0.55882 -0.6479862 -0.47453862 -0.5705922 -0.31616932 -0.4292632 4.2883716
4.015428 -0.8149592 -0.6056803 -0.91962355 -0.6031852 -0.31656802 -0.795462 -0.9601809 0.0
0.24634112 -0.67112464 -0.48111257 -0.8264698 -0.63099486 -0.38897082 -0.49172232 -0.70760506 4.092177
-0.38551962 -0.33335268 -0.6809127 -0.8177796 -0.7052934 -0.3248298 -0.573008 -0.7186825 4.457977
-0.5087987 -0.2981165 -0.24667196 -0.67147267 -0.5093424 -0.52521986 -0.5130118 -0.6105497 4.2380414
0.33411446 4.265036 -0.7062643 -0.5769003 -0.14382659 0.7244287 -0.69538474 -0.5670819 0.0
