2.0026817 3.8150802 -0.055092208 -1.0385596 0.59557617 -0.8272107 -0.7005707 -1.3948745 0.0
2.2826297 -0.8651727 0.4011802 -1.2775327 0.83997965 0.15197507 2.4291553 -1.3597366 0.0
-0.448051 -0.7185535 -0.67856675 -0.8670815 -0.4324797 -0.20071131 0.46249244 -0.8354769 4.158828
0.12910976 -0.30630377 -0.15713379 -0.9346185 -0.28029898 0.17523435 -0.42981213 -0.73941267 4.1544514
-0.25347316 -0.4924607 -0.21998622 -0.39950037 -0.4395536 -0.3618047 -1.0519103 -0.8041636 4.3123584
2.1043925 2.1220045 1.0450302 -0.076538645 -0.55270225 -0.9925353 -0.2748425 -0.76637435 0.0
-0.8651006 -0.71423835 0.6144088 -1.0937259 1.335951 -0.32541227 -1.0647902 -0.9422545 3.281439
1.8994544 -0.7147581 -0.94560546 -0.8805906 -0.60884756 -0.71230376 -0.6168898 1.0884688 2.0209622
-0.9625103 -0.108392745 -0.64776105 0.28414094 -0.28047213 -0.63042593 -0.3337426 -0.9997673 3.743284
1.2850095 -0.919156 -0.9019405 1.9452981 -0.6067691 -1.080251 2.8141649 -1.0313928 0.0
-0.38015172 -0.66965455 -0.44831315 -0.0842049 -0.09118189 -0.56195027 -0.6191162 -0.36539227 3.8404384
-0.29968908 -0.045636218 -0.44910046 -1.0447443 -0.6962716 -0.5951172 -0.489391 -0.652112 4.31421
-0.40777677 -0.6266087 -0.43182456 -0.64804804 -0.39248332 -0.55758125 -0.66232544 -0.7383378 4.281746
-0.82101893 -0.54701775 -1.0727714 0.1491785 -0.7442919 -0.60329175 3.3697207 -1.0456278 0.0
-0.8227033 -0.51465285 -0.5892571 -0.44544384 -0.13584833 -0.599372 -0.2616194 -0.6752617 4.166844
-0.5897373 -0.31389213 -0.65270084 -0.55012363 -0.45309544 -0.444213 -0.5761556 -0.665307 4.255259
-0.6355755 -0.6477248 -0.4870081 -0.49886408 -0.4203524 -0.60936326 -0.44137508 -0.60354805 4.3430333
3.8105714 -0.77720547 -0.65733886 -1.0275716 -0.4677784 -0.16786464 -0.79458207 -1.0402505 0.0
0.048740942 -0.58048147 -0.41629356 -0.86159825 -0.5251554 -0.5118515 -0.41432387 -0.7637852 4.207109
-0.46762276 -0.38167658 -0.53166693 -0.7994972 -0.6682633 -0.46058735 -0.5579714 -0.746566 4.4492655
-0.34809354 -0.5481025 -0.43314433 -0.76134795 -0.5069965 -0.40793732 -0.5453281 -0.696639 4.336134
0.6536718 4.0552845 -0.63208723 -0.6860842 -0.014812025 0.85706586 -0.55649686 -0.77436143 0.0
