1.4744396 0.8103016 -0.09286558 -0.8341651 0.35204297 0.13960716 -0.64297825 -1.2105213 0.0
0.47679013 0.11640217 0.0327255 -0.51351357 0.55981755 0.15484035 -0.11977311 -0.70938563 0.0
-0.05080128 -0.090268224 -0.1296656 -0.4856893 -0.08445842 -0.25502378 -0.30393222 -0.6990277 2.10445
-0.075496726 -0.110391155 -0.1785242 -0.4637905 0.03690435 -0.14440757 -0.30943382 -0.6747628 1.9303097
-0.12210874 -0.13627931 -0.16316156 -0.49324825 -0.11920219 -0.19325148 -0.3708266 -0.7184081 2.3129666
0.18189977 0.1657488 0.10626973 -0.23707525 0.21057759 -0.086859405 0.07210865 -0.41270658 0.0
-0.08752061 -0.27527937 -0.11781354 -0.25656402 0.022178225 -0.24246463 -0.07172677 -0.2889996 1.323505
-0.0779307 -0.054719325 -0.06857383 -0.1840151 -0.06038916 -0.15342964 -0.049926095 -0.1636089 0.81730026
-0.11074162 -0.17118518 -0.13884458 -0.18681383 -0.06028389 -0.1943957 -0.077902116 -0.28306252 1.2323506
0.18080403 -0.038630866 0.0044352547 -0.16733475 0.16220176 -0.08747136 0.15481676 -0.20693131 0.0
-0.22541402 -0.17508776 -0.27089986 -0.22162455 -0.10760604 -0.11630968 -0.21839616 -0.380258 1.7035813
-0.15005326 -0.2037572 -0.17524967 -0.38295543 -0.19194975 -0.3123187 -0.31613222 -0.29297772 2.0279024
-0.088205345 -0.21149655 -0.26287815 -0.32416093 -0.24505562 -0.20286405 -0.3699311 -0.42156044 2.1150548
-0.0020022965 0.144788 -0.046710227 -0.10598051 0.08166926 0.096399024 0.059057478 -0.22715385 0.0
-0.1407286 -0.19831157 -0.2464137 -0.39020208 0.0135959685 -0.1994774 -0.22934762 -0.50878704 1.892327
-0.3446452 -0.25812793 -0.27058938 -0.50452465 -0.12040563 -0.25717518 -0.2894698 -0.43738443 2.4841068
-0.23246671 -0.31041119 -0.3362272 -0.44919318 -0.22367036 -0.3482409 -0.34002855 -0.44952595 2.6926212
0.29050693 -0.02424037 0.0378383 -0.20821284 0.17028415 0.16246171 -0.043445762 -0.38392478 0.0
-0.08497025 -0.18923718 -0.29121968 -0.647069 -0.16848429 -0.16911705 -0.29830733 -0.69447666 2.4743075
-0.15393808 -0.070557564 -0.38324383 -0.6287617 -0.106674954 -0.19166842 -0.37136358 -0.69108677 2.49419
-0.1509544 -0.09945692 -0.34192705 -0.650739 -0.065854356 -0.16444346 -0.36441967 -0.6424294 2.37239
0.74007314 0.728398 0.368048 0.16326211 0.71104586 0.7757238 0.10579087 0.09114988 0.0
