1.4536428 0.8281255 -0.09458968 -0.8329657 0.34822586 0.15867859 -0.63425016 -1.2195103 0.0
0.47787073 0.11706332 0.030669097 -0.5123949 0.55718327 0.16319013 -0.119721755 -0.7109435 0.0
-0.04611894 -0.09048206 -0.13110514 -0.47790793 -0.08294158 -0.25580814 -0.30938616 -0.6966301 2.097629
-0.076938614 -0.11149574 -0.18609263 -0.4601076 0.041422393 -0.14136064 -0.30344287 -0.6783965 1.9200326
-0.13115858 -0.13619174 -0.16739228 -0.48163074 -0.12028476 -0.200315 -0.36342964 -0.720841 2.319265
0.18113643 0.16620944 0.104609266 -0.239592 0.20999438 -0.08347201 0.07246173 -0.41202354 0.0
-0.093815394 -0.2818171 -0.124279596 -0.25963375 0.023898223 -0.23949523 -0.06987631 -0.2856734 1.3310587
-0.07736751 -0.054582536 -0.06309409 -0.17862506 -0.058366388 -0.15693675 -0.04770549 -0.16227156 0.80689853
-0.11336852 -0.1736235 -0.13711819 -0.18846995 -0.06096925 -0.1915838 -0.0775021 -0.28076968 1.2333037
0.18400835 -0.03940972 0.005067202 -0.1674523 0.15977588 -0.08590933 0.15136647 -0.20537342 0.0
-0.22485508 -0.18154049 -0.26972213 -0.22610669 -0.111937605 -0.11612722 -0.2132404 -0.38401294 1.7182735
-0.15389135 -0.20532925 -0.17993492 -0.38682428 -0.19400117 -0.30266526 -0.3132107 -0.29527682 2.0286896
-0.08433793 -0.21313357 -0.26288557 -0.3297725 -0.23192802 -0.20313405 -0.36983365 -0.41759202 2.1029024
-0.003021999 0.14604707 -0.045926213 -0.107142314 0.08204268 0.09742532 0.06030035 -0.22985825 0.0
-0.14220063 -0.19561155 -0.24414244 -0.3850461 0.015195723 -0.19313228 -0.23312347 -0.50754404 1.8909984
-0.34386846 -0.26585928 -0.27384427 -0.5084078 -0.116679996 -0.26046416 -0.28479615 -0.4302671 2.4853454
-0.23927197 -0.30633506 -0.32855633 -0.45226294 -0.22513759 -0.35015336 -0.33773205 -0.45192355 2.6953814
0.28827757 -0.02402636 0.038187042 -0.20880553 0.17152509 0.16229561 -0.044535104 -0.38385096 0.0
-0.0938716 -0.19382991 -0.2919437 -0.6434306 -0.17766553 -0.17450954 -0.30617332 -0.68919504 2.5274317
-0.15817301 -0.07600369 -0.38444617 -0.62343425 -0.11516574 -0.1987021 -0.37321576 -0.6855679 2.560346
-0.15476443 -0.10545158 -0.34613898 -0.64411116 -0.07660376 -0.16953501 -0.36828917 -0.6318053 2.4411325
0.64330864 0.6435688 0.29611132 0.05589019 0.6483621 0.71354127 0.030210916 -0.012306377 0.0
