1.4587055 0.8109919 -0.09041284 -0.8227522 0.34912497 0.15198117 -0.6428515 -1.2158612 0.0
0.46415505 0.11429696 0.026696509 -0.5121891 0.560606 0.15819415 -0.11943695 -0.70642936 0.0
-0.050133947 -0.08861088 -0.13670257 -0.4880554 -0.08596002 -0.25636604 -0.3067475 -0.7003887 2.1149478
-0.07847758 -0.12013832 -0.18721245 -0.46537444 0.039586395 -0.14092273 -0.3054274 -0.667964 1.9096841
-0.12423257 -0.12634687 -0.16004212 -0.48069838 -0.113315 -0.19281141 -0.36451417 -0.71760535 2.286788
0.18368754 0.16474977 0.10596943 -0.2388514 0.21246979 -0.084971696 0.07532589 -0.41418034 0.0
-0.08839293 -0.2765682 -0.114118636 -0.25428873 0.02523497 -0.23562245 -0.06941125 -0.28840363 1.3041862
-0.07940239 -0.05797891 -0.06687611 -0.18473586 -0.062091358 -0.15549321 -0.049378514 -0.1646994 0.81749094
-0.11418085 -0.16752687 -0.13853423 -0.18727547 -0.06455837 -0.1914868 -0.08171162 -0.27894682 1.2278954
0.18149406 -0.03951283 0.0039740894 -0.16714935 0.16039781 -0.085412 0.153878 -0.20564955 0.0
-0.2267817 -0.17343825 -0.27486622 -0.21835949 -0.1054011 -0.116596945 -0.22197339 -0.38022184 1.7125149
-0.15281324 -0.20551969 -0.18105663 -0.3830893 -0.1936662 -0.30363792 -0.31345358 -0.29620636 2.0235662
-0.08312319 -0.20815901 -0.2599059 -0.3253088 -0.239492 -0.20055841 -0.3781187 -0.4162842 2.130021
-0.0020648602 0.14546946 -0.04742823 -0.10703689 0.082060836 0.097251296 0.05872936 -0.22682042 0.0
-0.14278445 -0.19282977 -0.2482769 -0.39010987 0.010145148 -0.2012347 -0.22984304 -0.509101 1.8993098
-0.34072062 -0.2672317 -0.26856205 -0.505454 -0.12229133 -0.25773922 -0.28571635 -0.44323817 2.48786
-0.23586829 -0.31166372 -0.33044457 -0.45202962 -0.2206746 -0.34318492 -0.3401645 -0.4588448 2.6967087
0.28912324 -0.024764106 0.040321037 -0.20777611 0.17067707 0.160502 -0.0441279 -0.3836317 0.0
-0.08475423 -0.1872801 -0.28908777 -0.6512511 -0.17356038 -0.16782579 -0.30397433 -0.6945197 2.4392784
-0.15054682 -0.0686499 -0.3831834 -0.6347733 -0.10996498 -0.18895504 -0.3749951 -0.6948597 2.4500153
-0.14491206 -0.092535466 -0.3359116 -0.652539 -0.058966942 -0.16106762 -0.36608568 -0.6465756 2.3206098
0.78807217 0.7557831 0.40719166 0.21216942 0.7409924 0.81615674 0.17585853 0.14249751 0.0
