1.4477606 0.8286619 -0.09479728 -0.8300192 0.3481656 0.15809323 -0.6355699 -1.2116613 0.0
0.4856434 0.11900667 0.030045407 -0.5148346 0.55377066 0.1562387 -0.11629278 -0.70652336 0.0
-0.039402477 -0.08350916 -0.12931879 -0.48108187 -0.08243193 -0.25467202 -0.3078694 -0.7005658 2.0826135
-0.07764309 -0.11458583 -0.18680081 -0.46591234 0.035356972 -0.13631013 -0.3073409 -0.66991466 1.9191972
-0.12399695 -0.12352022 -0.1634017 -0.48449475 -0.11589332 -0.19458006 -0.36596578 -0.716278 2.2864163
0.17883159 0.16598791 0.1049245 -0.23653035 0.21333629 -0.083931975 0.0715403 -0.4116068 0.0
-0.0871289 -0.2714545 -0.11818597 -0.25619456 0.027934391 -0.24123213 -0.07381808 -0.28566027 1.2926073
-0.076464966 -0.057557106 -0.065051325 -0.18063827 -0.06092847 -0.15614523 -0.047841433 -0.16146158 0.81349444
-0.1099299 -0.1687146 -0.13917372 -0.1887399 -0.06516063 -0.1956814 -0.07879731 -0.2822781 1.2294067
0.18414406 -0.039907884 0.0028756538 -0.16730545 0.15681371 -0.088321604 0.15488732 -0.20567502 0.0
-0.22315668 -0.1758426 -0.26737767 -0.22018005 -0.102609314 -0.11422759 -0.2155863 -0.3832575 1.7022218
-0.15489992 -0.2057506 -0.17441832 -0.38239262 -0.19403361 -0.30754468 -0.30721897 -0.29348624 2.0239477
-0.08600339 -0.21053237 -0.2663854 -0.32688808 -0.23574436 -0.19937319 -0.3625209 -0.42036945 2.101378
-0.0023140018 0.14952914 -0.046733607 -0.10710699 0.080728404 0.09734931 0.05860886 -0.2278413 0.0
-0.14074536 -0.19594799 -0.25141943 -0.39269447 0.008582476 -0.19694667 -0.23140581 -0.5088939 1.9113015
-0.34917074 -0.26374534 -0.26875156 -0.5088949 -0.12134065 -0.26014593 -0.28691968 -0.44555053 2.5039973
-0.23887184 -0.3067888 -0.32933474 -0.45138332 -0.22489616 -0.3438062 -0.33307263 -0.4574486 2.6788123
0.2918326 -0.023617469 0.038716026 -0.2087442 0.17165145 0.16077161 -0.044311028 -0.38588744 0.0
-0.09163637 -0.19411963 -0.29212132 -0.64434 -0.17671125 -0.17479888 -0.30775177 -0.6873972 2.5392158
-0.15914243 -0.07971868 -0.38297677 -0.62383 -0.115296215 -0.19608401 -0.37347665 -0.68724376 2.575675
-0.15649307 -0.10774109 -0.34731096 -0.6417405 -0.07832704 -0.16871476 -0.36574832 -0.63969886 2.458616
0.6229061 0.64936537 0.2927223 0.01976289 0.6315032 0.67968637 0.007173601 -0.06021374 0.0
