1.4271803 0.8450347 -0.09625648 -0.8297066 0.33314353 0.15380572 -0.64482737 -1.2106196 0.0
0.47003618 0.121832475 0.028219562 -0.5187344 0.56640524 0.162138 -0.12229429 -0.705119 0.0
-0.044748638 -0.087256104 -0.13385637 -0.4827398 -0.078085095 -0.25060543 -0.30280685 -0.697215 2.0740287
-0.070035964 -0.11676671 -0.17773008 -0.4592933 0.040406864 -0.13770323 -0.3091248 -0.6776029 1.9074316
-0.12675925 -0.1344977 -0.1644144 -0.48540813 -0.12075583 -0.19806354 -0.37273765 -0.72408926 2.3245292
0.17760903 0.1669396 0.108407155 -0.23720631 0.20631382 -0.086231135 0.074624754 -0.40887657 0.0
-0.095106006 -0.27859294 -0.1182124 -0.25796485 0.017340533 -0.23989847 -0.07064646 -0.29237485 1.338049
-0.08015621 -0.05656302 -0.064024046 -0.18570374 -0.059674274 -0.15931112 -0.047109194 -0.16240826 0.8108651
-0.118413754 -0.17321375 -0.14011076 -0.18925385 -0.06168705 -0.1940347 -0.07944435 -0.2844727 1.2419951
0.18265757 -0.039527602 0.0033153577 -0.16792093 0.16098543 -0.08658704 0.15356323 -0.20561728 0.0
-0.22417907 -0.17718312 -0.26670533 -0.22387974 -0.10458678 -0.115411974 -0.2200003 -0.3812722 1.7142438
-0.15681729 -0.20036368 -0.17987122 -0.3788379 -0.19717616 -0.3024648 -0.31514984 -0.2931145 2.020723
-0.088245526 -0.21900335 -0.25859 -0.31731555 -0.23121107 -0.19770636 -0.37233487 -0.41829544 2.1009521
-0.0028254602 0.14739522 -0.045866713 -0.10596538 0.08106041 0.0957688 0.057754688 -0.22612084 0.0
-0.13845323 -0.19323215 -0.24879606 -0.39054838 0.0127790375 -0.20212165 -0.22942199 -0.50407124 1.9013124
-0.34525222 -0.26723722 -0.27027503 -0.50321245 -0.123771556 -0.25621617 -0.29254633 -0.44210872 2.5026994
-0.23949663 -0.31215143 -0.33446375 -0.45241737 -0.22598368 -0.35420248 -0.3342894 -0.4469053 2.6961653
0.29032794 -0.024949778 0.03788369 -0.20784234 0.17248304 0.15981564 -0.043618143 -0.38511014 0.0
-0.09666163 -0.19645247 -0.29244646 -0.6405616 -0.18054435 -0.17878786 -0.30549112 -0.68373084 2.5603824
-0.16328888 -0.08370878 -0.3819595 -0.62155163 -0.115515664 -0.19886097 -0.36748475 -0.6758728 2.605487
-0.15938134 -0.10989088 -0.3495355 -0.6374232 -0.08293188 -0.17105757 -0.36354387 -0.63336605 2.5067108
0.44678414 0.6047421 0.09355143 -0.2518689 0.52402097 0.5720693 -0.09731 -0.32796606 0.0
