1.4593122 0.81318706 -0.089009665 -0.831931 0.34368804 0.15312344 -0.63802874 -1.2097214 0.0
0.4705252 0.118983306 0.026548257 -0.51555675 0.5626359 0.15513434 -0.12201906 -0.70715106 0.0
-0.043495707 -0.087021835 -0.1303408 -0.4825234 -0.08636444 -0.2561921 -0.3061176 -0.698828 2.0831716
-0.07665467 -0.11892509 -0.18357451 -0.46995342 0.041633926 -0.13705513 -0.30631584 -0.66672194 1.9313439
-0.12066482 -0.12703665 -0.1558666 -0.48971662 -0.10986663 -0.18878645 -0.36516947 -0.7201792 2.2924943
0.1828257 0.16233388 0.104938865 -0.23734306 0.21152405 -0.084622726 0.072930604 -0.41321042 0.0
-0.09067935 -0.28156534 -0.11885474 -0.25582936 0.02229949 -0.24117784 -0.071871944 -0.2876186 1.3279408
-0.08035147 -0.056027237 -0.06547864 -0.1824242 -0.06329977 -0.15531704 -0.048608616 -0.1622649 0.8023907
-0.1080324 -0.1682527 -0.13742802 -0.18810715 -0.06270956 -0.19535333 -0.07469472 -0.27910903 1.2068417
0.1824247 -0.039973155 0.003963919 -0.16758429 0.15708068 -0.0867913 0.15219434 -0.20530131 0.0
-0.22201088 -0.17017041 -0.26671553 -0.21508484 -0.09925721 -0.10460292 -0.21572763 -0.38266486 1.6869489
-0.15065503 -0.19846654 -0.17963238 -0.37589136 -0.1860443 -0.30569288 -0.31451443 -0.29526818 2.005941
-0.08856213 -0.20542003 -0.26118243 -0.3233636 -0.24032284 -0.20139512 -0.3757286 -0.42342865 2.1344914
-0.0021526052 0.14875191 -0.047002867 -0.10647158 0.08070414 0.097612225 0.058694124 -0.22942644 0.0
-0.14470564 -0.19598593 -0.24744979 -0.3868928 0.021573849 -0.20313802 -0.22672541 -0.5072002 1.8915309
-0.34867087 -0.2663889 -0.2732608 -0.5129271 -0.11959749 -0.25785968 -0.28452024 -0.44037426 2.5056458
-0.23040107 -0.3086458 -0.3306529 -0.45176765 -0.22094843 -0.3450784 -0.33848226 -0.45204034 2.6791818
0.2889234 -0.02472365 0.03956997 -0.20831099 0.17184478 0.1620855 -0.04342195 -0.38346335 0.0
-0.08405217 -0.18445748 -0.28852898 -0.65357286 -0.17049055 -0.16667055 -0.30995774 -0.6967732 2.427993
-0.14871061 -0.06311869 -0.3826079 -0.63647234 -0.10546961 -0.18809809 -0.37669742 -0.6975649 2.4365447
-0.1433488 -0.08969206 -0.33345997 -0.6532313 -0.055962924 -0.15734984 -0.36486545 -0.6462663 2.3053317
0.8060493 0.754957 0.41067684 0.22581083 0.7442294 0.821545 0.1942449 0.15889695 0.0
