1.457917 0.8094474 -0.0796333 -0.8249938 0.35111797 0.1643716 -0.6550115 -1.2102582 0.0
0.47722343 0.11950923 0.029445227 -0.5183406 0.55220056 0.15485425 -0.11627069 -0.7055378 0.0
-0.046925843 -0.09152873 -0.12873183 -0.49324462 -0.08667168 -0.2586507 -0.3036485 -0.70897686 2.1166513
-0.07435333 -0.1140344 -0.18152973 -0.4716814 0.04409136 -0.13332318 -0.30044976 -0.67082554 1.9052485
-0.12942994 -0.13552168 -0.16537058 -0.48372382 -0.12088917 -0.19716787 -0.3624682 -0.72004485 2.3113422
0.18576576 0.16361898 0.10629987 -0.23921977 0.21244054 -0.08821943 0.0717782 -0.41185105 0.0
-0.09534056 -0.27413714 -0.12093919 -0.25770175 0.024347132 -0.24068512 -0.06816961 -0.29225075 1.3182524
-0.079306655 -0.05662072 -0.066904224 -0.18623853 -0.061446518 -0.15744352 -0.048545998 -0.16131921 0.83001065
-0.11397874 -0.16991593 -0.13943148 -0.1906519 -0.06288007 -0.19222139 -0.08205042 -0.28123686 1.231942
0.18299922 -0.039433442 0.0034574342 -0.1672215 0.16009468 -0.087218426 0.1553337 -0.2061218 0.0
-0.2251095 -0.17522697 -0.27971357 -0.22557156 -0.1068776 -0.11464742 -0.21173947 -0.3821987 1.7277237
-0.15722872 -0.20116925 -0.17725898 -0.38744935 -0.19064999 -0.30284533 -0.31369495 -0.2996892 2.0340564
-0.08088963 -0.21131048 -0.253156 -0.3221036 -0.23619194 -0.19756703 -0.3669079 -0.42279774 2.084726
-0.0017884981 0.1462443 -0.04741239 -0.10612338 0.08388225 0.09493992 0.061796572 -0.23110515 0.0
-0.13689946 -0.1976868 -0.24127784 -0.38091406 0.01949249 -0.19791718 -0.22904634 -0.50677484 1.8799665
-0.34667656 -0.26893875 -0.27187598 -0.50902694 -0.12319757 -0.25448525 -0.28997025 -0.44168094 2.5018973
-0.23543859 -0.3116141 -0.33039892 -0.4556981 -0.22052227 -0.35326573 -0.33952942 -0.46029207 2.7106233
0.28970492 -0.023972908 0.03730086 -0.20899273 0.17328438 0.16147363 -0.04227076 -0.3874192 0.0
-0.08972656 -0.19403264 -0.29061422 -0.64243096 -0.17927653 -0.17667244 -0.30081007 -0.679906 2.5505524
-0.15991013 -0.07852901 -0.3820095 -0.6145576 -0.121287875 -0.19674045 -0.3672524 -0.67521113 2.5924807
-0.16086856 -0.11178459 -0.35039455 -0.63776904 -0.08261709 -0.16865271 -0.3645075 -0.6308391 2.49959
0.50725484 0.5841977 0.18790127 -0.13700445 0.5598283 0.5958008 -0.062074363 -0.21891862 0.0
