1.1405429 1.1682034 0.2824782 0.106289715 0.8840151 0.5975189 0.14150846 -0.027868584 0.0
0.53640217 0.51968396 0.3029368 0.40655416 0.7232628 0.35087556 0.2819226 0.09737659 0.0
0.26770154 0.15813898 0.17851813 -0.026865385 0.15669814 0.053857032 0.082407735 -0.086333744 1.6172599
0.14969489 0.15024538 0.106417805 0.03136886 0.21990444 0.15414871 0.027862187 -0.06096876 1.4309465
0.14580618 0.11560109 0.18020661 -0.021663845 0.1507424 0.07194505 0.033966362 -0.0809808 1.7266237
0.28900856 0.31933764 0.3521769 0.2397945 0.27034473 0.1844741 0.35956997 0.124639906 0.0
0.10641834 0.037997454 0.090861686 0.10142215 0.16458036 0.04014791 0.154608 0.036428355 0.99307936
0.11656209 0.12369357 0.1222339 0.07638848 0.103833355 0.06315281 0.12113761 0.094377875 0.63273567
0.08984445 0.092027895 0.07889606 0.10009026 0.1160562 0.056979936 0.123626225 0.042749852 0.8927271
0.44859853 0.29491717 0.2923078 0.5396375 0.24861714 0.16328089 0.3525125 0.3722974 0.0
0.046543337 0.07937341 0.07427125 0.15544824 0.114823334 0.10860377 0.052188866 0.013482569 1.2768395
0.10532483 0.07078444 0.101825275 0.00539242 0.091379784 0.02516152 0.011574599 0.056079958 1.4242834
0.1967483 0.055263918 0.06094831 0.029361611 0.047839798 0.051867295 -0.009541251 -0.014495039 1.7163109
0.28222913 0.39322832 0.28214362 0.48074722 0.29663306 0.26967812 0.23085523 0.20919058 0.0
0.12538765 0.058337316 0.19315432 0.08588319 0.18126413 0.086083286 0.14597529 0.045546275 1.2910187
0.06519443 0.13867861 0.21692103 -0.026875434 0.15606324 0.103125304 0.19195175 -0.043138206 1.5590025
0.15190381 0.31533375 0.090871446 0.4157034 0.19619426 0.042649083 0.2170231 0.03508846 1.7398406
0.9301195 0.83665097 0.7955269 0.5030094 1.0114014 1.0131469 0.97758037 0.5506082 0.0
0.89003587 0.60344625 0.49766907 0.527574 0.5535553 0.57465255 0.34482232 0.49122828 1.3754035
1.1602103 0.84010446 0.6244849 0.57347506 0.6070012 0.7601583 0.618846 0.5417953 1.3424222
1.1652701 0.60156757 0.6349903 0.59520894 1.3143039 0.9169418 0.5823572 0.50092494 1.3572831
1.3256644 1.4858153 1.0498905 0.66401446 1.2819881 1.2627144 1.377999 0.6609638 0.0
