1.4341689 0.8340912 -0.09311319 -0.8261178 0.35654083 0.15233982 -0.6321065 -1.2196622 0.0
0.48013413 0.117745936 0.023927614 -0.5206905 0.5615327 0.15357652 -0.11828042 -0.7050083 0.0
-0.04984024 -0.086242594 -0.13081712 -0.4822059 -0.08457402 -0.24755861 -0.31512332 -0.68970084 2.095903
-0.07988432 -0.11991367 -0.18489107 -0.46787176 0.03496769 -0.1448357 -0.31446743 -0.67321295 1.9243995
-0.12693663 -0.1354204 -0.15995476 -0.48576856 -0.111075506 -0.1878902 -0.36444247 -0.71495533 2.2930574
0.18293086 0.17049864 0.10717727 -0.23473063 0.20827451 -0.083078705 0.07199707 -0.42067128 0.0
-0.09318883 -0.28290024 -0.122235745 -0.25460017 0.019744357 -0.23964942 -0.07394697 -0.2940152 1.3437184
-0.08139279 -0.058706105 -0.06579286 -0.18125063 -0.06312142 -0.15450294 -0.05117507 -0.16470022 0.81785125
-0.10706779 -0.16630936 -0.13825661 -0.18559502 -0.060176976 -0.19749987 -0.075841516 -0.2828824 1.2126486
0.18486464 -0.038199637 0.005564861 -0.16759597 0.1579803 -0.08718274 0.15162937 -0.20755641 0.0
-0.22359124 -0.17281957 -0.26801762 -0.21639761 -0.1028946 -0.112436235 -0.21358018 -0.38108894 1.688046
-0.15023649 -0.20126578 -0.18011108 -0.38037014 -0.18953234 -0.30395427 -0.31440085 -0.2866893 2.0043895
-0.08946827 -0.20958328 -0.26811334 -0.32815132 -0.23569526 -0.19968337 -0.37138468 -0.41795215 2.1133125
-0.0038322033 0.14792418 -0.048623376 -0.10630903 0.080533005 0.09744963 0.060485076 -0.22590028 0.0
-0.13858628 -0.19933034 -0.24834836 -0.39553902 0.01482759 -0.19608426 -0.23133048 -0.50403404 1.8875396
-0.3440738 -0.2676767 -0.26985416 -0.498107 -0.12083754 -0.25457695 -0.2847815 -0.44784456 2.488185
-0.23447417 -0.30774167 -0.33440173 -0.4518901 -0.22372288 -0.34639356 -0.33630317 -0.4513452 2.6825354
0.28828973 -0.023549207 0.03753226 -0.20781782 0.17393303 0.16052961 -0.041081738 -0.38850245 0.0
-0.089234896 -0.19383189 -0.293553 -0.643143 -0.17485192 -0.17751962 -0.3026614 -0.68180823 2.5515673
-0.15915748 -0.07953741 -0.38157117 -0.61445737 -0.11835838 -0.19660562 -0.3671723 -0.6768231 2.5927207
-0.16039427 -0.11100723 -0.35009256 -0.6389535 -0.082432166 -0.16933249 -0.36518857 -0.6323699 2.5008612
0.5032036 0.57889843 0.1823172 -0.14582613 0.5557276 0.5923092 -0.06518532 -0.22827145 0.0
