1.430952 0.83157367 -0.09028391 -0.8271174 0.3447201 0.15877625 -0.633516 -1.2070166 0.0
0.47711125 0.11954514 0.027216043 -0.5113812 0.55492574 0.15302078 -0.117231704 -0.70147806 0.0
-0.044364147 -0.082422614 -0.12771937 -0.48289207 -0.08260284 -0.25545707 -0.30834413 -0.694032 2.0829446
-0.0718657 -0.11369729 -0.18213794 -0.46874166 0.044686556 -0.13547324 -0.30455792 -0.6675776 1.9070508
-0.11921907 -0.13069308 -0.15976685 -0.48902607 -0.112484716 -0.18844849 -0.3628788 -0.71154183 2.2669744
0.18298788 0.16690134 0.10455761 -0.2365141 0.20695175 -0.08467187 0.07276377 -0.4132998 0.0
-0.08901857 -0.27553648 -0.11364191 -0.25156054 0.026579816 -0.23510444 -0.06916004 -0.28746468 1.3036431
-0.079995446 -0.057611927 -0.06637307 -0.18497668 -0.062229495 -0.15757357 -0.04912231 -0.16272806 0.8206411
-0.10885558 -0.16660531 -0.13926375 -0.18670335 -0.062861316 -0.19227807 -0.07521466 -0.28175446 1.2217481
0.18261127 -0.039137337 0.0040646833 -0.16670893 0.15771772 -0.08667652 0.15211989 -0.20456997 0.0
-0.21973963 -0.17298819 -0.26929644 -0.21649966 -0.102807954 -0.10662043 -0.21540926 -0.37846932 1.6675947
-0.15150458 -0.2015293 -0.17696245 -0.38194254 -0.18944195 -0.30532828 -0.31327304 -0.29213008 2.005757
-0.08638707 -0.20683423 -0.2637302 -0.32338867 -0.23779811 -0.19593787 -0.36857525 -0.4178747 2.083033
-0.002832615 0.14514059 -0.046524405 -0.10561891 0.080003925 0.09599609 0.059462786 -0.22706039 0.0
-0.13902001 -0.19457853 -0.24537466 -0.38219044 0.013357289 -0.19899283 -0.22703631 -0.5058019 1.8806515
-0.3412144 -0.26563135 -0.27055353 -0.5086988 -0.116195075 -0.25398433 -0.28604433 -0.4435733 2.484475
-0.23151484 -0.30856702 -0.33453193 -0.44925052 -0.21994857 -0.34834358 -0.33548135 -0.4513248 2.6799996
0.2886779 -0.022498433 0.0407253 -0.1839341 0.17254473 0.16317594 -0.039158877 -0.36062536 0.0
0.006492878 -0.09642524 -0.24768697 -0.64462364 -0.10373531 -0.06925963 -0.26796067 -0.715484 1.7992114
-0.026564352 0.059542052 -0.23821758 -0.5399946 0.00093606947 -0.069337286 -0.3354186 -0.66059077 1.7384884
0.007953154 0.031216275 -0.0060361177 -0.41743627 0.21679485 -0.05995343 -0.31248477 -0.62562054 1.6465384
1.1320351 1.1674725 0.7907634 0.53205884 1.0765612 1.1113163 0.86232734 0.5119619 0.0
