1.4305638 0.82559425 -0.087293185 -0.8263469 0.35288984 0.15445353 -0.63586134 -1.213238 0.0
0.4859737 0.11670051 0.029516777 -0.512962 0.55446184 0.15824622 -0.11883239 -0.71142554 0.0
-0.045747604 -0.08996775 -0.13178553 -0.49110606 -0.08179362 -0.25276834 -0.30392522 -0.69672734 2.1000795
-0.07912544 -0.11217088 -0.18305568 -0.4693791 0.04389503 -0.13638991 -0.3045323 -0.6755446 1.9264047
-0.122174196 -0.1311762 -0.16059053 -0.48795447 -0.10939511 -0.19235586 -0.36106965 -0.715603 2.2788553
0.17853343 0.16232474 0.103236 -0.23670863 0.21020107 -0.08290921 0.07195742 -0.40815145 0.0
-0.09075646 -0.27583385 -0.11561204 -0.25691628 0.026488712 -0.23750162 -0.066945896 -0.28819603 1.3220835
-0.07869417 -0.056751795 -0.066587195 -0.18608037 -0.06289975 -0.15641564 -0.048720125 -0.16177884 0.8215333
-0.1116474 -0.1689803 -0.13615425 -0.18783915 -0.061431054 -0.19477437 -0.07825244 -0.28689426 1.2253137
0.1825002 -0.039712295 0.0039190995 -0.16730554 0.15819189 -0.08532431 0.15275778 -0.20615867 0.0
-0.2219942 -0.1765252 -0.27415 -0.21822168 -0.107724406 -0.116207086 -0.21906556 -0.38336056 1.728832
-0.15220016 -0.20026001 -0.18066224 -0.38152784 -0.1890586 -0.3049773 -0.31173885 -0.2932677 2.0214756
-0.08285613 -0.20564108 -0.2573029 -0.32672676 -0.23599774 -0.1965142 -0.36819032 -0.41814667 2.0939078
-0.0018352482 0.1439683 -0.046835985 -0.10582191 0.081101 0.097618654 0.059071865 -0.22720811 0.0
-0.13439198 -0.19624175 -0.24451439 -0.38848263 0.017596828 -0.20178334 -0.22857404 -0.50589365 1.8801931
-0.3417662 -0.26384073 -0.2752723 -0.5018899 -0.11771024 -0.25473326 -0.28859568 -0.43937877 2.4855094
-0.23917378 -0.30613276 -0.33604565 -0.4542524 -0.22290665 -0.35004902 -0.33617258 -0.45416066 2.7006304
0.28556022 -0.02462945 0.038243186 -0.20694628 0.17128977 0.1626373 -0.043542802 -0.38126734 0.0
-0.05520826 -0.16997863 -0.2809109 -0.66710556 -0.15380384 -0.14568387 -0.29757845 -0.7162714 2.2115607
-0.12579212 -0.032118782 -0.37073717 -0.64339894 -0.07503177 -0.16729963 -0.37359405 -0.7153685 2.184035
-0.109039165 -0.056883037 -0.2672638 -0.6377854 -0.0032918605 -0.13906638 -0.3550514 -0.65375966 2.048429
0.94481814 0.91261536 0.56000656 0.37630272 0.8988285 0.9592547 0.46688578 0.32996437 0.0
