1.452196 0.8044255 -0.08436528 -0.8245162 0.34556845 0.16449013 -0.6398478 -1.2118535 0.0
0.47830257 0.11880616 0.02969356 -0.5137889 0.55806166 0.15602145 -0.118327186 -0.7053528 0.0
-0.04782871 -0.08436241 -0.1316321 -0.48001087 -0.08336472 -0.25902703 -0.30445924 -0.6943648 2.0961392
-0.07254197 -0.11270705 -0.18147667 -0.46967632 0.047223207 -0.13545859 -0.3055331 -0.66910535 1.900337
-0.1177672 -0.1286149 -0.16256909 -0.48737946 -0.11391223 -0.19284019 -0.367011 -0.71316415 2.281105
0.17999263 0.1637142 0.107085586 -0.23616228 0.20790656 -0.08452138 0.07328589 -0.411066 0.0
-0.089988306 -0.27538356 -0.11820543 -0.25598368 0.02341038 -0.23624718 -0.07124878 -0.28857943 1.2896166
-0.077646494 -0.055879924 -0.066117585 -0.183465 -0.06134003 -0.15638404 -0.049246654 -0.16261938 0.8127879
-0.11159983 -0.16790758 -0.1337354 -0.1871114 -0.05902527 -0.19134937 -0.07404797 -0.28206575 1.2072864
0.18246876 -0.03856746 0.0039855065 -0.16537915 0.15838577 -0.087006435 0.15097816 -0.20480311 0.0
-0.22399811 -0.1734314 -0.26802066 -0.22000358 -0.10320066 -0.11242839 -0.21224888 -0.38281712 1.696968
-0.15098885 -0.20128945 -0.18180476 -0.3816008 -0.18837357 -0.3005115 -0.312145 -0.2900781 2.0108564
-0.085498326 -0.2079991 -0.25849336 -0.32256508 -0.23699719 -0.20002356 -0.36820626 -0.41953093 2.0815742
-0.0023243497 0.14687319 -0.04645729 -0.106150836 0.08010477 0.095490284 0.05933151 -0.22667783 0.0
-0.13837634 -0.19313322 -0.24661073 -0.38317868 0.016412705 -0.20090264 -0.22647363 -0.51001096 1.8839272
-0.34003136 -0.26264495 -0.26989576 -0.50288224 -0.11692349 -0.25541237 -0.27950484 -0.44517806 2.4722037
-0.2324474 -0.30470693 -0.33087507 -0.45055076 -0.21920541 -0.35094884 -0.33554953 -0.45030823 2.6751916
0.2854003 -0.02088647 0.04254137 -0.1567886 0.17643695 0.16427352 -0.03750916 -0.33362973 0.0
0.02629316 -0.05897477 -0.23419403 -0.60479945 -0.09230736 -0.029651126 -0.25741696 -0.6969817 1.7113005
0.020355836 0.08037355 -0.16078451 -0.46238565 0.02800097 -0.024877619 -0.32581845 -0.6046951 1.6493266
0.06800053 0.058830395 0.08273136 -0.31184223 0.31344932 -0.052309062 -0.29697856 -0.60337806 1.5706582
1.165095 1.2216377 0.84502333 0.5591929 1.113543 1.1399904 0.9494075 0.54217595 0.0
