1.4439348 0.816101 -0.087212056 -0.81987417 0.34112218 0.156597 -0.6341297 -1.2147971 0.0
0.4773302 0.120986946 0.030682627 -0.51045835 0.5527959 0.1594083 -0.11615624 -0.70917165 0.0
-0.04280607 -0.08171163 -0.12933405 -0.48497927 -0.08065145 -0.25533333 -0.3058369 -0.69233304 2.0600426
-0.079041384 -0.120135 -0.18670228 -0.47192553 0.034525264 -0.1393273 -0.30927384 -0.67226017 1.91681
-0.12248577 -0.12927148 -0.15694046 -0.4919048 -0.11633785 -0.1909047 -0.36293343 -0.7173686 2.2838564
0.17975634 0.165559 0.10538602 -0.23731883 0.20796824 -0.08405548 0.07266406 -0.41051355 0.0
-0.09138555 -0.27692717 -0.11723311 -0.25425634 0.029394379 -0.2370443 -0.06872483 -0.2889314 1.2986902
-0.07803607 -0.054437604 -0.06476066 -0.18180129 -0.061412763 -0.15397531 -0.047866058 -0.16453154 0.81026036
-0.10866895 -0.16987596 -0.13598697 -0.18790026 -0.059788942 -0.19289255 -0.075300224 -0.27985534 1.2238889
0.18094668 -0.0389061 0.0041396185 -0.16604225 0.15821542 -0.084473506 0.15288153 -0.20633657 0.0
-0.21958137 -0.16916828 -0.26649767 -0.21898122 -0.10193341 -0.11046864 -0.2133998 -0.3804512 1.6756766
-0.14702296 -0.19586352 -0.17428467 -0.3770295 -0.18992148 -0.30087763 -0.31125572 -0.28733015 1.9859654
-0.08450916 -0.20975535 -0.262261 -0.32460988 -0.23576877 -0.1977564 -0.37436983 -0.41628924 2.103965
-0.0023485413 0.14623444 -0.04691854 -0.10577955 0.08072123 0.09502396 0.059170514 -0.226087 0.0
-0.14149949 -0.1928673 -0.24494198 -0.38071564 0.015629686 -0.1963486 -0.22569276 -0.50531125 1.8705851
-0.33823803 -0.26120993 -0.26881748 -0.504409 -0.12007721 -0.25467962 -0.28403294 -0.4376949 2.469678
-0.23036188 -0.30752257 -0.33171186 -0.45391342 -0.21997379 -0.3473947 -0.3361345 -0.45124784 2.6799061
0.28727418 -0.022678543 0.038641743 -0.189445 0.1712878 0.1627758 -0.041364454 -0.36548194 0.0
0.0023833192 -0.10627422 -0.2551439 -0.65208066 -0.1124935 -0.079701334 -0.27027676 -0.71681935 1.8286806
-0.03821624 0.051662233 -0.25804514 -0.5590057 0.0008219105 -0.08157139 -0.3425937 -0.6740576 1.7683122
-0.004789458 0.022644946 -0.03292909 -0.44818035 0.18979503 -0.06600329 -0.31495583 -0.6290469 1.6721128
1.1180807 1.1480105 0.7753889 0.52296174 1.0643809 1.1007793 0.8324146 0.501324 0.0
