1.440248 0.8178275 -0.09226913 -0.83167964 0.3536138 0.15651242 -0.6336354 -1.2141669 0.0
0.47297674 0.119757615 0.02955436 -0.5132971 0.55753267 0.15599142 -0.11895707 -0.7055407 0.0
-0.047305983 -0.086836584 -0.13301343 -0.48646232 -0.086612545 -0.2593821 -0.3050817 -0.6931865 2.0789843
-0.070453264 -0.119920984 -0.17847174 -0.4679606 0.044257544 -0.13768046 -0.30465382 -0.6661226 1.9022198
-0.12534256 -0.13033077 -0.15667316 -0.49009666 -0.118668385 -0.19491 -0.36662814 -0.7154076 2.2952256
0.18100303 0.16652252 0.10579973 -0.23840253 0.20680702 -0.08611288 0.07290899 -0.40981463 0.0
-0.09084416 -0.27508184 -0.11782934 -0.25715816 0.021963365 -0.2405967 -0.072772935 -0.28785664 1.3203808
-0.07750318 -0.05527919 -0.06480538 -0.18316264 -0.06116248 -0.15483762 -0.049714435 -0.16299075 0.81259316
-0.10972868 -0.16790816 -0.13559869 -0.18536179 -0.058430344 -0.19189773 -0.07666721 -0.28263837 1.2043307
0.18282478 -0.039225858 0.0037680976 -0.16735065 0.16026452 -0.08703059 0.15358418 -0.20550768 0.0
-0.22303769 -0.17174514 -0.27106363 -0.21366388 -0.10597141 -0.11328 -0.21757923 -0.38222212 1.7054163
-0.14900316 -0.19796929 -0.17990485 -0.38104185 -0.19574253 -0.29891747 -0.30863786 -0.29100138 2.0051675
-0.084889635 -0.20707507 -0.26299334 -0.32270363 -0.23336549 -0.1950224 -0.37199798 -0.41581827 2.0799923
-0.0032595268 0.14477961 -0.04755406 -0.10565585 0.08063424 0.09715336 0.059285708 -0.22657812 0.0
-0.1392909 -0.19158646 -0.24652295 -0.3809318 0.01569893 -0.20058385 -0.22801718 -0.5110322 1.8819768
-0.34067675 -0.26072922 -0.2718701 -0.50484973 -0.115860336 -0.25719082 -0.29034394 -0.43774858 2.4833364
-0.22884303 -0.30802506 -0.33228198 -0.45441738 -0.21952623 -0.34152547 -0.3356744 -0.4546303 2.6791732
0.28107768 -0.024220336 0.03822305 -0.20145002 0.16870975 0.16438685 -0.044504747 -0.37482274 0.0
-0.028695479 -0.13718611 -0.26849312 -0.67334205 -0.13204685 -0.11360571 -0.28532326 -0.72399354 1.9716054
-0.083692364 0.011447377 -0.32169196 -0.61882377 -0.037352163 -0.12754802 -0.36078128 -0.7121777 1.9197603
-0.055547383 -0.0072566387 -0.13893734 -0.55119306 0.092349894 -0.10340016 -0.33975238 -0.64887273 1.8017732
1.0580657 1.0668153 0.7087503 0.47536927 1.0051458 1.053164 0.6985011 0.44631898 0.0
