1.4419128 0.8191111 -0.09411755 -0.8304763 0.35165203 0.15771547 -0.636163 -1.2131112 0.0
0.47545898 0.12026254 0.029291067 -0.51238483 0.5605565 0.1570693 -0.11921277 -0.7088284 0.0
-0.046374775 -0.0879149 -0.12962879 -0.4830829 -0.084009975 -0.2576306 -0.3040789 -0.6915378 2.0661726
-0.074504346 -0.11506109 -0.1793594 -0.46836388 0.044019654 -0.13681568 -0.30388245 -0.66778505 1.9095101
-0.1294967 -0.13281834 -0.16051029 -0.48805845 -0.11567831 -0.19721985 -0.3729433 -0.7141365 2.3187842
0.18210101 0.16500989 0.10529746 -0.2372488 0.20816475 -0.08658736 0.07157849 -0.4093038 0.0
-0.09054929 -0.2767238 -0.11762551 -0.25587267 0.023111612 -0.23863903 -0.0716779 -0.29063043 1.3133652
-0.07860362 -0.056708694 -0.06671916 -0.18281987 -0.062063947 -0.15603225 -0.050173707 -0.16318397 0.82851005
-0.11086336 -0.16917674 -0.13428366 -0.18456627 -0.0598164 -0.19150534 -0.07323078 -0.28475747 1.2094167
0.18326558 -0.039417297 0.004232215 -0.16725168 0.15970309 -0.086638846 0.15217505 -0.20574273 0.0
-0.2248129 -0.17200646 -0.26710817 -0.21745555 -0.10877857 -0.11204423 -0.2150612 -0.38162324 1.6893872
-0.15040435 -0.19787413 -0.176337 -0.38174793 -0.19078779 -0.29919127 -0.30690953 -0.28996426 1.9839771
-0.084501475 -0.2067211 -0.2639151 -0.32081503 -0.23440838 -0.19806781 -0.3706194 -0.41634357 2.1092832
-0.0032186226 0.14503321 -0.047551565 -0.10561507 0.08115703 0.09657493 0.059179578 -0.22636291 0.0
-0.14009455 -0.18833558 -0.24530916 -0.38211238 0.020052966 -0.20039794 -0.22640134 -0.5127948 1.8798746
-0.3442723 -0.26444536 -0.271022 -0.5070011 -0.11787279 -0.2553433 -0.29012525 -0.44064823 2.4906292
-0.23119554 -0.30860248 -0.33366126 -0.45439416 -0.21882871 -0.34318888 -0.33296907 -0.45060906 2.6729603
0.28115672 -0.023613345 0.038907178 -0.20168068 0.16877884 0.164943 -0.044701457 -0.37564078 0.0
-0.02780414 -0.13848986 -0.26916727 -0.673133 -0.13435957 -0.11479971 -0.2847763 -0.72356933 1.979056
-0.08564009 0.00852005 -0.3242223 -0.6208808 -0.03931017 -0.12893195 -0.3625566 -0.7130875 1.9282873
-0.057807382 -0.009286248 -0.1445461 -0.55542594 0.08848519 -0.103262685 -0.3421554 -0.64885104 1.8094578
1.0541134 1.0615696 0.70498043 0.47227407 1.0023304 1.0520937 0.68877685 0.44324607 0.0
