1.4606768 0.8168667 -0.09952551 -0.82933134 0.3472728 0.15614864 -0.63740003 -1.2191687 0.0
0.48078763 0.118659064 0.028531896 -0.5113263 0.55391484 0.16219172 -0.11664057 -0.71233416 0.0
-0.045019608 -0.08219473 -0.1319193 -0.4847403 -0.08261304 -0.25700563 -0.30713803 -0.7015127 2.0904756
-0.07429782 -0.11908734 -0.18389685 -0.46985617 0.04026129 -0.14598225 -0.30833188 -0.673454 1.9349946
-0.1280108 -0.13559195 -0.16631956 -0.48489913 -0.11495473 -0.19002636 -0.36178657 -0.7181921 2.309325
0.18153842 0.16719851 0.10650035 -0.23736225 0.21000859 -0.08416349 0.0723463 -0.41645074 0.0
-0.0892091 -0.27307335 -0.116087176 -0.25955975 0.026275834 -0.23479676 -0.06684039 -0.288426 1.3017344
-0.079110734 -0.058664564 -0.0657404 -0.18581848 -0.06251697 -0.15535638 -0.04896996 -0.16296725 0.8174739
-0.10663199 -0.16924883 -0.13530132 -0.18624423 -0.057832565 -0.18819949 -0.07559333 -0.27853724 1.203659
0.18332167 -0.038587607 0.0035590602 -0.16759725 0.15817994 -0.08646358 0.15267988 -0.20522776 0.0
-0.22857106 -0.17677318 -0.27017084 -0.21777058 -0.10592336 -0.11359236 -0.2179727 -0.3818099 1.7179375
-0.15339825 -0.19969219 -0.1764945 -0.3793895 -0.19128406 -0.30122256 -0.31011057 -0.29162872 1.995451
-0.08643134 -0.21039946 -0.26548305 -0.32284364 -0.24010798 -0.19484502 -0.36891332 -0.41834337 2.1055768
-0.0021741958 0.14734945 -0.04678642 -0.10656663 0.08163968 0.09397221 0.059043754 -0.22667453 0.0
-0.13967744 -0.1972133 -0.2446539 -0.38125587 0.013801168 -0.19919473 -0.23216572 -0.5042565 1.8850178
-0.34888482 -0.26556602 -0.26980236 -0.5029397 -0.11475786 -0.25738627 -0.28449214 -0.43796098 2.482794
-0.23201405 -0.31007454 -0.33423674 -0.44723457 -0.21861498 -0.3507593 -0.33417836 -0.45126036 2.6813293
0.28529912 -0.024867903 0.03780225 -0.2059735 0.17024577 0.16180794 -0.0441614 -0.3806033 0.0
-0.050854277 -0.1655841 -0.27830368 -0.6700864 -0.14824156 -0.14201821 -0.2961746 -0.71772254 2.1710525
-0.11829942 -0.025769025 -0.36625007 -0.64275616 -0.066910125 -0.16394903 -0.37823194 -0.71743524 2.139161
-0.10162935 -0.050594427 -0.2502838 -0.6290676 0.008514255 -0.13144918 -0.35974547 -0.6553639 2.0049155
0.96450764 0.94665766 0.5874986 0.39542347 0.9176675 0.9746388 0.5062953 0.35337532 0.0
