1.4054283 0.88797176 -0.068105586 -0.7599213 0.427267 0.18001734 -0.58920676 -1.078968 0.0
0.46972778 0.14460011 0.042891312 -0.3461748 0.5590037 0.16631657 -0.098831296 -0.65424067 0.0
-0.041171957 -0.0820097 -0.12537804 -0.4794764 -0.08010657 -0.25307852 -0.3021073 -0.6880903 2.0607917
-0.06800538 -0.11065233 -0.17609666 -0.45727822 0.046444215 -0.13337794 -0.3011645 -0.66328406 1.8775868
-0.119879164 -0.12359769 -0.15596299 -0.4835237 -0.10450082 -0.18453665 -0.3568679 -0.7053616 2.2590454
0.17490697 0.16232492 0.10915421 -0.22680998 0.20758384 -0.08452513 0.07477807 -0.39755288 0.0
-0.08894925 -0.27283844 -0.11593448 -0.25259268 0.024673926 -0.23244259 -0.067627765 -0.2879783 1.2801695
-0.07706194 -0.05533896 -0.0645238 -0.1817605 -0.062328987 -0.15375349 -0.049057227 -0.15988216 0.7989407
-0.10840842 -0.16345026 -0.13439055 -0.18211748 -0.060032975 -0.18958704 -0.07112327 -0.27906203 1.1860929
0.18095812 -0.035302117 0.009036384 -0.034985155 0.15186945 -0.0862443 0.15045479 -0.15420267 0.0
-0.22050191 -0.16881314 -0.2658643 -0.21343318 -0.10180161 -0.10847999 -0.21209285 -0.37917137 1.6841385
-0.14803515 -0.19909962 -0.17536585 -0.3770207 -0.18680117 -0.2976293 -0.30965576 -0.28573012 1.980972
-0.081919685 -0.20553657 -0.25688687 -0.31751296 -0.23212877 -0.19227554 -0.36724997 -0.41391712 2.0737035
-0.002091807 0.14405666 -0.04065686 -0.04708472 0.07949964 0.09466064 0.0576931 -0.21536395 0.0
-0.12453305 -0.18217906 -0.22720917 -0.37659243 0.037850723 -0.18645208 -0.2134728 -0.49477044 1.7404139
-0.33553162 -0.2551178 -0.2579246 -0.5053216 -0.10850683 -0.24995734 -0.27303725 -0.4416896 2.424269
-0.22621138 -0.27292204 -0.32374838 -0.41201314 -0.21492937 -0.34132874 -0.31836954 -0.44734168 2.6626365
0.31971285 0.14419682 0.18806848 0.24348447 0.4975276 0.34380406 0.23098347 0.18606667 0.0
0.34126094 0.37202117 0.075036295 0.083220564 0.10601247 0.37544167 -0.112754844 -0.09508543 1.4187888
0.695103 0.38013294 0.40139678 0.25030294 0.14919382 0.47441113 -0.024937484 0.1214049 1.3744342
0.7465182 0.36357045 0.51139605 0.36002725 1.0133983 0.15782288 -0.021166738 -0.09344653 1.3703183
1.2973993 1.4310683 1.0097486 0.6449575 1.2490848 1.2398175 1.2875047 0.6388267 0.0
