0.20131467 -0.4193006 0.5570715 0.6620521 -0.20478223 -0.34847993 -0.2950232 -0.25448975 0.0
-0.16653542 -0.45666108 0.06949263 0.67131513 -0.11818014 -0.6179119 -0.0040284204 0.9772085 0.0
-0.10756554 -0.5690495 0.14383614 0.51333094 0.13460153 0.15546201 0.06322444 0.15893732 -0.49515945
-0.32007405 -0.5788194 0.4651697 0.5286787 -0.06445277 -0.4396039 0.14773136 0.39345226 -0.15829547
0.113352835 -0.6932677 0.13228445 0.33801264 -0.12737997 -0.07524099 0.3806931 0.45628873 -0.51164496
-0.40889856 -0.6549497 0.2332247 1.4798594 -0.8589112 -0.5429606 0.065224655 0.82936275 0.0
-0.047443327 0.03210208 -0.32823175 0.4071257 -0.2161696 -0.0019461092 0.052292537 0.08476442 0.000670713
-0.25615063 -0.22113514 -0.018759733 0.22845495 0.15782613 0.20588899 -0.18382075 -0.16475733 0.25863752
-0.19604936 -0.09666932 0.004405781 0.37131447 -0.106215455 -0.023247084 0.060992077 0.12168112 -0.10195432
-0.24792549 -0.68299043 0.2835521 1.4664788 -0.6573667 -0.6093633 -0.26862738 0.77860373 0.0
-0.2781566 -0.13501748 0.1895016 0.34334907 0.06672449 -0.052748147 -0.051728662 0.07287575 -0.18826458
-0.0022698005 0.25021788 0.2517275 0.085464075 -0.28054702 -0.25426248 0.060870778 -0.09602063 -0.04044733
0.039626636 0.031081121 0.0074455845 0.15931131 -0.053849507 -0.110864885 -0.064448185 0.24479325 -0.25735226
-0.12777464 -0.008020419 0.7040551 1.0629233 -0.4956777 -0.57378566 -0.32820362 -0.2663132 0.0
-0.008785972 -0.27484828 0.058570556 0.053700827 0.027050504 0.11868079 -0.03122547 -0.08894054 0.10372998
0.089962386 -0.13108526 0.2667904 -0.17101504 -0.087698944 -0.18751715 0.090040475 0.03861403 0.11862499
0.20149145 -0.083153315 0.14928906 0.05341195 -0.050554495 -0.033972416 -0.25901723 -0.17430307 0.15873712
-0.22784185 -0.34329316 0.7505369 0.46407825 0.19742474 -0.4943215 -0.32736802 -0.032152876 0.0
0.21505888 -0.033161975 0.040592622 0.061477132 0.12465576 -0.0900444 0.09202986 -0.20887192 -0.14288494
0.19193868 -0.09186209 0.102478236 -0.00033336275 0.1219783 -0.14308347 -0.03417645 -0.14516984 -0.015175867
0.05618489 -0.014900347 0.15981685 -0.040836863 -0.08231708 0.12730221 -0.19503425 0.01735681 -0.020043356
0.36423552 0.07393754 0.4321284 0.21153477 0.07339744 -0.46972826 -0.3263114 -0.34525615 0.0
