-0.081595704 -0.75415707 1.1257137 0.11613255 -0.14819953 -0.33989215 0.07474464 0.10857772 0.0
-0.39826417 -1.1490209 0.54997194 0.14097758 -0.59104097 -0.08326522 0.38932216 1.1914616 0.0
0.25742447 -0.3897857 0.21069777 0.7288794 0.6499203 -0.7939674 -0.1737485 -0.07795917 -0.43916756
-0.7907534 0.09853056 -0.24483246 0.33270693 0.39039183 -0.005981449 0.010774987 0.045203447 0.11218729
0.42391908 -0.31353316 0.113375135 -0.010875867 0.8445176 -0.75772107 0.28862137 -0.10899704 -0.3347241
-0.9766913 0.1475808 0.43722853 1.6789557 -0.5543332 -0.50209147 -0.7474867 0.504983 0.0
-0.051000345 -0.3893519 0.0064777476 0.18877198 0.14179112 0.11122227 -0.30905575 0.19247995 0.20052505
-0.6829009 0.1760729 0.661878 0.082812354 -0.17642811 -0.41298738 0.16919969 -0.045921247 0.27418366
-0.56115574 0.48846525 0.28587204 0.027942318 0.11621964 0.5504311 -1.016473 0.11416184 -0.0070305807
0.0069167744 0.54405445 -0.13335486 1.1874105 -0.57691234 -0.7502987 -0.6358269 0.35104045 0.0
-0.20188832 0.025144102 0.18259856 0.034793906 0.02442095 -0.08914592 -0.5001441 0.1697606 0.38601452
-0.26113003 -0.04354714 0.29050776 0.1132068 -0.4289209 0.056668654 -0.10656703 0.36208186 -0.032953046
0.06777388 0.1805883 -0.13129178 0.20784763 0.017043259 -0.6511344 0.036429938 0.24342512 0.022104144
0.43171853 -0.26647753 0.45075125 0.35418057 -0.27418953 -0.47816747 0.033399485 -0.30116197 0.0
0.07752719 0.17347966 -0.10952837 0.08785548 -0.39772978 0.03211527 0.028352724 0.097660385 -0.025006654
0.16032861 -0.064539276 0.30864292 -0.39217547 0.24503785 0.047665372 -0.07875632 -0.16034354 -0.105936535
0.4465181 -0.06553118 -0.18920612 -0.009521099 0.13914348 0.0992758 -0.296038 -0.28499424 0.17529519
0.17861696 -0.08529301 0.4685838 0.5044371 -0.5975125 0.06376578 -0.33063918 -0.24230258 0.0
-0.07922571 -0.066579655 0.09061729 -0.38461247 0.3515735 0.038663164 0.1801872 -0.39684364 0.43839988
0.19937502 -0.013784615 -0.18328428 0.008591198 0.1715371 -0.18406661 0.021907598 -0.22930524 0.12242316
0.0077607343 0.38594845 -0.18810359 -0.12470536 -0.13506301 0.016870288 -0.23584421 -0.040343102 0.28407758
-0.1481674 0.48578766 0.36277786 0.02668154 -0.17147426 -0.25599328 -0.06783724 -0.24566345 0.0
