0.22082788 -1.5293683 1.6633363 0.041917555 -0.31931686 -1.2808056 0.8259016 0.19420145 0.0
0.08630962 -0.68210757 0.14278728 -0.10431585 -0.09845345 -0.5635007 0.33394197 0.93469995 0.0
-0.20612894 0.1768129 0.3044676 0.2195054 1.1210153 -0.5016205 -0.37033862 0.10757448 -0.80886745
-1.3565794 0.09991503 -0.031677116 0.051661987 1.2366211 -0.25582916 0.09365387 0.1267677 0.039545026
1.4520167 -0.5479603 0.23144941 -0.23793815 0.37404862 -0.27558342 0.09489512 -0.5455009 -0.72881156
-0.7382627 0.5119367 0.7314132 1.7779576 -1.0267423 -0.85624063 -0.60196865 0.048159476 0.0
-0.26437932 -0.44496834 -0.21584779 0.449344 0.27386755 0.16215034 -0.1112987 -0.054934036 0.14361723
-0.4437449 0.2962516 1.1210715 0.6872554 -0.47633693 -0.5049692 -0.22184418 -0.5521372 0.07064621
-0.2082348 0.6169586 0.35849172 0.5120136 -0.11113406 0.810085 -1.149173 -0.35129568 -0.49479708
0.13082956 0.34261405 0.21471779 1.0856967 -0.9638027 -0.737065 -0.5260629 0.46089977 0.0
0.03133009 -0.23897958 -0.3167961 -0.25032252 0.49130797 -0.24416436 -0.056574885 0.31618127 0.29422706
-0.3820373 0.049759924 0.5372786 -0.04456951 -0.23753452 0.12479445 -0.1257233 0.25823134 -0.12602665
-0.35379875 0.1008888 0.087943055 -0.14727753 0.25663397 -0.53986734 0.089463726 0.4771486 0.1872035
0.24688815 -0.7574634 0.31170803 0.6183832 -0.63853335 0.31011605 0.44319722 -0.5248919 0.0
0.25881776 -0.03905788 -0.13937543 -0.4384685 -0.3891519 0.3527664 0.077539355 -0.03934326 0.5014598
-0.37019 0.0890954 -0.0798449 -0.35165262 0.17528555 0.47478887 -0.10499567 -0.1705056 0.3925658
0.017667156 0.05716067 -0.43048298 -0.3742971 0.32136405 0.19252615 -0.2047067 0.057168286 0.4024836
-0.17627592 0.048749212 0.39605263 0.21457602 -0.36866096 0.37023503 -0.13766432 -0.3750501 0.0
-0.21925598 -0.17981395 0.24413176 -0.5772029 0.3578533 0.03674803 0.13583429 0.011661675 0.32407498
-0.35713214 0.43478736 0.32061306 -0.5086238 0.2605054 -0.24013916 0.09285555 -0.27928573 0.3742589
0.10347451 0.09352208 0.016242985 -0.13991264 -0.060184047 0.26336178 -0.28094527 -0.29004285 0.28520432
-0.28380266 0.58582854 1.0253398 -0.38891196 -0.27994302 0.24320005 -0.34978473 -0.5790935 0.0
