-0.7180209 -0.28509763 0.5978721 0.34345785 0.53449607 -0.1267633 -0.18602604 -0.15788811 0.0
-0.4531072 -0.8314558 0.13952477 0.20185915 -0.11196642 0.34324333 0.21381065 0.9782026 0.0
0.06623507 0.108628616 0.51523 0.136369 -0.036428206 -0.4398225 0.017802544 -0.32117486 0.014969496
-0.45080104 0.38890582 0.12583412 0.14167877 -0.22128633 -0.1634794 -0.3459788 0.22265004 0.3304602
0.22219199 0.019483954 0.1319011 0.10331838 0.75091016 -0.9944972 -0.321963 0.43144158 -0.19033583
-0.8546165 0.32140118 -0.01079033 1.1598727 -0.68252504 -0.5018188 0.05150067 0.5717375 0.0
-0.6148743 -0.8070146 0.43397486 0.08696445 0.76780254 0.0002573222 -0.50869924 -0.22029223 0.22481918
-0.27606273 0.526677 0.103933915 0.7517976 -0.15733811 -0.9129879 -0.11121486 -0.47130615 0.5084821
0.18282256 0.6121208 0.0029785745 -0.21018578 -0.12973471 0.4016045 -0.6912899 -0.5928946 0.22151843
0.3853349 0.24812542 0.17452824 0.49647945 -0.7837816 -0.5683039 -0.09380785 0.20819657 0.0
0.13226888 0.4752943 -0.3305077 -0.14603773 0.08019344 -0.5536928 -0.459247 -0.18755582 0.7884976
-0.19953443 0.23029451 -0.84404016 -0.06299877 0.015018162 0.031506132 0.19868247 0.36320546 0.50529367
0.0010920261 0.7194608 -0.39066464 0.24289507 0.0986542 -0.5615913 -0.09197398 -0.55097824 0.56627107
0.603254 -0.4504278 0.33069742 0.017147347 -0.8223635 -0.17421651 0.5784935 0.090437286 0.0
0.35443982 0.6913402 -0.35084617 -0.32956976 -0.06350714 0.077469416 0.024484461 -0.46319616 0.07479418
0.546636 -0.10292135 -0.39509976 -0.5024865 0.5064686 0.38888434 -0.38288176 -0.15565774 0.16919245
-0.8085613 0.23572187 -0.5274614 -0.073965475 0.14908214 0.37490743 0.29943845 -0.12603843 0.46925104
0.53530127 -0.41254687 0.4102894 -0.048301063 -0.3749133 0.16228929 -0.09902069 -0.08290388 0.0
0.09062689 0.5351605 -0.4725419 0.10043317 -0.29979834 -0.031410836 -0.071735375 -0.27268746 0.5974767
0.1819888 0.26051447 -0.07234042 -0.6460942 -0.20933574 0.3998735 0.1707059 -0.5751999 0.64345306
-0.38185132 0.13692333 0.4842891 -0.26618683 0.21928342 -0.2464519 -0.43312147 0.06566067 0.40692616
0.21227874 0.05593754 0.28180256 0.3126726 0.012156979 -0.4677397 0.24624586 -0.5310855 0.0
