-0.060888916 -0.62128973 0.76013845 0.172683 0.053921156 -0.30603188 0.44455826 -0.28730077 0.0
-0.25347182 -0.9445106 0.7705165 0.34386036 -0.31139043 -0.7849886 -0.11839087 1.1649336 0.0
0.4545039 -0.55387557 -0.077447854 0.50584453 0.09894427 0.060209394 -0.62022376 -0.16739735 0.33670342
-0.17937677 -0.35680854 -0.20425758 -0.015474739 -0.07034275 0.2455287 0.16344014 0.27452093 0.13975954
-0.039041974 0.056150343 0.09289681 0.07801472 -0.19115545 -0.21634293 0.44026828 -0.23645169 0.08595924
-0.7016508 -0.6412567 0.510943 1.5500649 -0.8150997 -0.76114666 -0.019363191 0.8977986 0.0
-0.034344543 0.04847843 -0.2474837 0.42421836 -0.071088724 0.19571127 -0.16026647 -0.0147632025 -0.1616903
-0.31602535 0.1088799 -0.16626184 0.15178008 0.29000542 0.11865561 -0.16607974 -0.32272252 0.25292838
-0.33344108 -0.48815858 0.031911228 0.5015428 -0.19708237 0.021423984 0.02448414 0.13891491 0.31252912
-0.038026948 -0.43116292 0.70884746 1.1528573 -0.6147582 -0.6479193 -0.41762415 0.30815336 0.0
0.11301 -0.33608153 0.03683918 0.08066434 0.39487535 -0.19330144 0.0023227148 0.041814465 -0.18534738
-0.40516812 0.009402105 0.17535312 0.055414315 -0.18445052 -0.2190825 0.19036189 0.031815283 0.3996539
0.04131035 0.12802741 -0.08104529 0.051572606 0.20818727 -0.07755872 -0.22701718 -0.037104096 0.032722272
-0.36266115 -0.060239997 0.6932344 0.575077 -0.20713478 -0.28289706 0.08140311 -0.3382963 0.0
0.072910026 -0.095372215 -0.19447371 0.17082047 0.09231598 -0.08813519 -0.22463734 -0.014722136 0.31314123
-0.20734338 0.17325655 -0.0274322 0.020558292 0.098558985 0.014591798 -0.08542853 -0.18958525 0.23988457
-0.16160473 -0.15811925 -0.049182802 -0.04817193 0.058757827 0.12156406 0.080494925 -0.20558456 0.35989597
-0.05716161 -0.06735528 0.1044658 0.34587058 0.029309751 -0.11569503 -0.13902071 -0.04583764 0.0
0.17684782 0.017622437 -0.07563984 0.051760033 -0.049548328 0.03720249 0.08701456 -0.4542384 0.24097776
0.11216865 -0.08585873 -0.06448244 -0.14581995 0.19324404 -0.09385514 0.14674398 -0.51918834 0.5108637
-0.09886201 0.1251336 -0.02773712 -0.28258064 -0.07757363 0.019882431 -0.05131575 -0.109390035 0.49523693
0.21922995 0.6793164 -0.05892408 -0.035897907 -0.08325464 -0.19951366 -0.19474234 -0.2974508 0.0
