-0.22230974 -0.6020285 0.8631156 0.23122615 -0.11873709 -0.6750622 0.36283728 0.18507645 0.0
-0.08712392 -0.7509482 0.48951647 0.22633167 0.008294169 -0.6288737 -0.34397927 1.0459838 0.0
-0.0938053 -0.21449038 -0.15299577 0.43893948 0.5138582 0.0864524 -0.50923795 -0.102404095 0.06591392
-0.29966703 -0.26625142 0.008103192 0.41471288 0.15959711 -0.24755687 0.14659992 0.13982327 -0.03681216
0.09595236 -0.15725654 0.259971 -0.20150688 -0.39762053 0.104760356 0.17257808 0.15399313 0.15223923
-0.84941715 -0.3433373 0.65781 1.4372908 -0.79200584 -0.7212578 0.1224687 0.6652632 0.0
0.25809622 -0.27352223 -0.17267932 0.24060985 0.024347859 -0.100896806 0.07310253 0.049872085 -0.053845707
0.03037635 -0.08095663 0.17163621 0.29253656 -0.031956915 0.057168305 -0.072996154 -0.10820665 -0.24325119
-0.28733766 -0.32125106 0.34026864 0.40529653 -0.13271113 -0.09261334 -0.039017726 0.09114957 0.04150925
-0.1621476 -0.24737336 0.54790527 1.209576 -0.6746976 -0.6205701 -0.27467775 0.22557858 0.0
-0.17471316 -0.3265045 0.182872 0.13324098 0.14095415 0.010814718 0.18439439 -0.019988282 -0.103170194
-0.25859487 0.0014791539 0.4386321 0.046916317 -0.11352575 -0.12207739 -0.23939694 0.10531532 0.14394373
0.04727492 -0.030252391 0.14791663 0.039480403 -0.18927772 -0.10285594 -0.11118916 0.0988632 0.042934664
0.18926807 -0.36580038 0.48568007 0.36135256 -0.42450675 -0.42855194 0.13396198 0.09097103 0.0
0.22930653 -0.20086546 0.01853336 0.030576786 0.09211368 -0.15801123 -0.008957238 -0.19843203 0.22003087
-0.099691376 -0.017500728 0.052935068 -0.27484596 0.12010431 0.15251006 -0.13737 -0.046195112 0.24504113
-0.08121462 -0.23931585 -0.18134515 -0.07689343 0.13751543 0.16131066 0.12225921 -0.08438188 0.28532824
-0.1808349 -0.18718758 0.25413287 0.53954613 -0.28634894 -0.13074687 -0.1345171 0.17895724 0.0
0.2158792 -0.119772896 -0.079943195 0.083015345 -0.010312944 0.21867685 0.055146314 -0.31074855 -0.06643214
0.110044025 -0.09813459 0.06503862 -0.017243553 0.17049472 -0.08631259 -0.02210006 -0.31205618 0.18195371
0.14032602 0.011719624 0.049131893 -0.16047287 -0.12345855 0.11346296 -0.0057057585 0.00468177 0.040412813
0.20930046 0.32714772 0.20253986 0.06933342 -0.12027124 -0.18201485 -0.11227931 -0.44324756 0.0
