0.060757734 -0.12995319 0.46763542 0.5476921 0.112230696 -0.5861943 -0.23443326 -0.34501973 0.0
-0.6278775 -0.5267249 0.07543301 0.83643717 -0.0887293 -0.7375816 0.08227626 1.1975859 0.0
0.34695017 -0.33570188 0.06586208 0.4607678 0.21374153 -0.08815076 -0.21500973 -0.065258436 -0.3720317
-0.21908574 -0.14723678 0.29838932 0.46487355 -0.21192673 -0.32841733 0.18627553 0.39118865 -0.39556992
0.35315898 -0.29193354 0.1471277 0.3152517 -0.24715562 -0.14953053 0.1016561 0.27941978 -0.39788848
-0.3964205 -0.45731777 0.4991117 1.4166088 -0.9989333 -1.0701872 0.19472384 0.92476547 0.0
-0.25324395 0.048811864 -0.06443546 0.45935047 0.19688387 0.01577251 -0.09003602 -0.09512114 -0.14606689
0.058864214 0.04926769 0.056617253 0.6502884 0.09863904 -0.3494225 -0.10040814 -0.11369321 -0.35949108
-0.27162158 -0.16594069 0.054562148 0.41022283 -0.059269287 -0.009966842 0.08395488 0.10593279 -0.19032066
-0.12386479 -0.5180328 0.21503195 1.5184422 -0.91157496 -0.76600933 -0.07138419 0.69419664 0.0
-0.10727186 -0.17121594 0.1351294 0.26038623 0.124465555 -0.16297553 0.016175596 -0.021984944 -0.035724573
-0.22217622 -0.18544379 0.44142002 0.16080387 0.016133364 -0.22911088 -0.054449007 -0.005293093 0.13232523
0.15991925 -0.14630562 0.03938344 0.068571895 -0.09108824 -0.1090923 -0.024783123 -0.14641322 0.28287056
-0.20016035 -0.11605179 0.57225066 0.91586894 -0.32379788 -0.38893038 -0.3149327 -0.12984368 0.0
0.04972122 -0.10356691 0.011309415 0.16176118 0.08799292 -0.13539378 -0.044121113 -0.17171732 0.18050422
-0.084145226 -0.011432065 -0.0013341577 -0.111481175 -0.012739499 0.079609565 -0.023587847 -0.072923414 0.18538325
0.0007423795 -0.1355924 -0.041694835 0.06833467 0.027864072 -0.024379497 -0.09526079 -0.07472307 0.30909804
-0.02403803 -0.44149515 0.5993141 0.5748984 0.023760494 -0.4521038 -0.23326205 -0.08134551 0.0
-0.02285879 0.1238999 0.024238229 -0.09796941 -0.08023417 0.058587253 0.05539219 -0.22827306 0.1636443
0.03519504 0.049591787 0.013306759 -0.13147125 0.009565763 0.07489003 0.04833304 -0.2965272 0.20647106
0.07939987 0.23122424 0.007920282 -0.09889491 0.021516703 -0.037075885 -0.14980163 -0.2217753 0.14117259
0.1528829 0.18124853 0.17552002 0.44652343 0.066113405 -0.27779508 -0.37243488 -0.30274928 0.0
