-0.08917902 0.7155647 0.8648922 0.4088468 0.39731026 0.55164266 0.23515962 -0.062305573 0.0
0.037991647 0.49764386 -0.21794142 0.7138656 0.8055465 0.24784802 1.1094722 0.6851194 0.0
0.13536434 0.039750766 0.2901203 0.08704213 0.12494743 0.52895796 0.14406297 -0.0678015 0.67111623
0.18807898 0.19593403 -0.025962926 0.19549643 0.28265795 0.90694374 -0.033357896 0.10935304 0.8509725
0.4907142 0.80422086 0.31222892 -0.090671696 0.33984542 -0.2035301 -0.033030868 -0.05840822 0.5507229
0.44856244 0.9565968 0.40256858 0.79884666 0.037042372 0.1678418 0.34278584 0.15330945 0.0
0.16227578 -0.04862766 0.11279094 0.0027355708 0.54195607 -0.15102422 0.30925784 -0.086715505 0.49674746
0.3750467 0.0603276 0.3607779 0.09542806 0.17289247 -0.39933646 0.057501867 0.0940855 0.46971297
0.40006858 0.024909884 -0.06610838 0.05481594 0.2983718 0.24128637 0.11938805 -0.14402181 0.5086391
0.2832047 0.1443533 0.38725105 0.45507544 -0.05413154 0.44739446 0.80177313 0.4092769 0.0
0.031850867 0.16117793 0.09744739 0.091511 -0.013055959 0.04428171 -0.031201323 0.36766273 0.491751
-0.07391261 0.22054341 0.06657662 0.13088405 0.11696322 0.19778681 -0.048307836 0.0042660697 0.46645406
-0.005124879 0.29554924 0.20410503 0.21230154 0.06307923 0.07566101 0.26842546 -0.3087366 0.5812463
0.42342493 -0.032133535 0.34550115 0.20016453 -0.024584169 0.24179992 0.46131614 0.5813951 0.0
0.14338198 0.33230138 -0.020439943 0.19747189 0.0859672 0.003314512 0.008269276 -0.064663135 0.3335059
0.3643621 0.19014892 0.084645845 -0.2205243 0.40730026 0.34831142 -0.052584 -0.065534525 0.33215648
-0.14748438 0.23876643 -0.0411729 0.19780938 0.16469985 0.28757182 -0.0023940469 -0.23269112 0.47314948
0.56861967 -0.3776456 0.34201145 -0.053705327 0.11827882 0.779359 -0.040757738 -0.11614233 0.0
0.10874849 0.40121552 -0.060532674 -0.035026368 -0.12153195 0.046192456 0.18418917 -0.04614536 0.2014204
0.15891436 -0.025237208 -0.044514034 0.059931204 -0.04328473 0.19201247 0.38392055 0.032190576 0.36327353
-0.011810709 0.5063179 0.1471305 -0.1390437 0.18699573 -0.025285704 -0.18539369 0.17396034 0.20703544
0.26673594 0.41630888 0.12565707 0.37902147 0.487047 -0.060341436 0.27191788 -0.3357702 0.0
