0.18266936 -0.09303762 0.52243376 0.42345074 0.20602639 -0.57475394 -0.23860045 -0.5311973 0.0
-0.7982756 -0.6724388 0.0037350156 0.9869338 0.012716906 -0.80507255 0.19343318 1.2072442 0.0
0.694501 -0.58365 0.019261358 0.6639831 -0.026260823 0.052350923 -0.23575391 -0.061586667 -0.4191582
-0.5485604 0.0012747935 0.34943914 0.38111204 -0.09846935 -0.3153553 0.15006562 0.34446618 -0.32955468
0.46588847 -0.11352778 0.20466292 0.30388802 -0.3362144 0.17897451 -0.27290025 0.2948143 -0.80188847
-0.3181655 -0.56992686 0.69100064 1.4990493 -1.2694573 -1.240753 0.06458598 1.0779455 0.0
-0.3431678 0.25456396 -0.054263517 0.31646317 0.49772814 0.49518868 -0.33984286 -0.3014677 -0.4885498
0.33657736 0.2553967 -0.06250945 0.625526 0.029711515 -0.7359538 -0.17234707 -0.042238586 -0.2205014
-0.020826759 -0.1550432 0.064442545 0.075936206 -0.04999024 0.48385188 0.13288146 -0.18191488 -0.3937748
0.03145683 -0.5297854 0.054593366 1.4315424 -0.9373618 -0.93522495 0.09894019 0.8656971 0.0
0.1433906 -0.1354841 0.14831427 0.028883079 0.19917823 -0.1573128 0.13721524 0.10688355 -0.48053753
0.063643456 -0.14942199 0.52676797 0.15721776 -0.084651075 -0.5018543 -0.023494799 0.017409043 -0.09242785
0.3640281 -0.370849 0.024940116 0.175469 -0.16727571 -0.2984104 0.09912317 0.07203586 0.16925097
-0.11270975 -0.05567025 0.75805205 0.6994185 -0.3608586 -0.38690016 -0.24042761 -0.37268955 0.0
0.39732912 -0.22066274 0.15733525 0.09452785 0.1702838 -0.41045755 -0.19809663 0.018429222 0.037118085
0.16499446 0.007658128 0.1399008 -0.37873706 0.073027514 0.25436196 -0.017233469 -0.11696452 -0.06996307
0.10787329 0.01653006 -0.12285081 -0.0645833 0.16873263 0.2627676 -0.1556843 -0.27805495 0.032838147
-0.27575678 -0.6314151 0.55104357 0.8205302 0.03758064 -0.64951724 -0.0913843 0.3805897 0.0
0.21063869 -0.039226174 -0.03220458 -0.13095884 -0.043147955 0.20135844 -0.003163171 -0.22146651 0.16150987
-0.014718558 0.053482223 -0.17924644 -0.1484722 0.34307513 -0.14676447 0.12434756 -0.29478732 0.3809751
0.12976179 0.22248943 -0.10651099 -0.10307194 0.08104202 0.042612214 -0.08606812 -0.39787003 0.18119605
0.06583337 -0.0183226 0.32802296 0.58130187 -0.24487267 -0.18908475 -0.07048661 -0.48353967 0.0
