0.5253832 0.6154005 0.7580817 0.5828376 0.4762772 0.4699435 0.3171631 0.059781402 0.0
0.35145405 0.61642337 -0.044679377 0.8164657 0.821406 0.12617941 1.1018219 0.62923956 0.0
0.28045425 0.1148752 0.16054572 0.1459949 0.3973566 0.57164514 -0.06676457 0.1048982 0.5193043
0.048760932 0.27769092 0.005760683 0.4716383 0.37095252 0.80520904 0.20403248 0.39550647 0.6403183
0.38432008 0.7631941 0.25515032 0.07273023 0.24465089 0.2999902 0.15525237 0.0756593 0.3463098
0.6094468 0.7559223 0.49347755 0.784262 0.015246689 0.3325874 0.6493187 0.23510702 0.0
0.097720094 0.14251475 0.2158965 0.1000636 0.33251384 0.21057011 0.3244762 0.16188125 0.3555206
0.31002292 0.22972424 0.27548137 0.15767492 0.32142517 0.040375996 0.18847188 0.19551718 0.2714044
0.2933031 0.22349806 0.22650637 0.25646663 0.16639595 0.15485807 0.12768084 0.13778156 0.21193512
0.4381748 0.12371321 0.5099998 0.48149773 0.29610887 0.3997388 0.6343461 0.5442359 0.0
0.10242304 0.18981685 0.13313308 0.23579833 0.1455688 0.4534618 -0.009151133 0.2977839 0.35105032
0.15248376 0.092234395 -0.046256717 0.21049175 0.35450056 0.15000498 0.13677156 0.13867593 0.26967263
0.20735794 0.1698123 0.04576712 0.36973274 0.21463831 0.16788855 0.055797543 0.012989907 0.36645606
0.76002604 0.17265157 0.35411096 0.36301705 0.33723974 -0.080521256 0.32491803 0.54074275 0.0
0.2875235 0.06220715 0.24295686 0.18324071 0.16197787 0.021514377 0.1822509 -0.0010426426 0.1258699
0.20949312 0.26205522 0.15849003 0.16507775 0.2047274 0.22883657 0.16212492 0.23220193 0.24331865
0.016792327 0.11328464 0.10675151 0.30778965 0.22803392 0.090939105 0.2889817 -0.15673031 0.3516441
0.39067417 0.1655008 0.41515112 -0.038198903 0.033359163 0.545712 0.13492325 0.07429632 0.0
0.26238224 0.22618975 0.014371277 0.055546097 0.1682469 -0.016167756 0.06588658 -0.010733885 0.32586032
0.32668012 0.29711023 0.111324735 0.019401707 0.03607966 0.31896928 0.096133836 0.09310269 0.2513466
0.27455994 0.44792897 -0.030183103 -0.022274723 0.36237803 0.14904958 0.15254705 -0.022565372 0.29632396
0.31733432 0.33502397 -0.05542738 0.33529064 0.32228145 0.32239112 0.3794685 -0.023537707 0.0
