-0.3240999 -0.7142811 0.90754426 0.58435714 -0.08704262 -0.48003882 -0.16557042 0.2674256 0.0
-0.30015758 -1.1822194 0.64347 -0.19653046 -0.7618663 0.13220486 0.5583826 1.3150138 0.0
0.33321515 0.008985145 0.31933904 0.4351948 0.2580084 -0.53932816 -0.29202497 0.009038106 -0.58372444
-0.854014 0.37161586 0.08625191 0.5026089 0.021242417 -0.40804395 0.049244855 0.24189822 0.01507547
0.4257935 0.12846038 0.39436445 -0.18635039 0.77547485 -0.958909 -0.24683306 0.23485023 -0.6778434
-0.872839 0.19791168 0.39002395 1.3807108 -0.4261057 -0.49958453 -0.43954888 0.27232718 0.0
0.10849778 -0.30947882 0.18720834 0.28557575 0.07214001 -0.0056872685 -0.5130957 0.40529665 -0.070368595
-0.30431315 -0.040169295 0.4252304 -0.15358195 0.1913022 -0.43800944 0.066148415 -0.032056697 0.28838655
-0.1694929 0.8047198 0.26844937 0.3054048 -0.2867353 0.43542233 -0.7194038 -0.23462096 -0.3764895
0.35063484 0.18656723 -0.029843811 1.1666948 -0.93248725 -0.5608577 -0.5701192 0.3862492 0.0
-0.03336848 0.25826883 0.23653525 -0.09208155 -0.11610314 -0.0014089929 -0.4204189 0.028693933 0.1350726
-0.39929733 0.25612444 0.16268282 -0.052279238 0.015274588 -0.06892749 0.021760745 0.4879708 -0.26650316
0.3790442 0.12234681 0.13644317 0.3817005 -0.12209771 -0.8622581 -0.09453705 0.15717843 -0.0067726304
0.42115736 -0.4422266 0.35153392 0.24826352 -0.25729093 -0.4047941 0.096777774 0.029622909 0.0
0.12866576 0.07164773 0.055582065 -0.1526888 -0.07087638 0.10635829 -0.09835724 -0.24769059 0.17462303
0.11170347 -0.2020216 0.22471747 -0.24300459 0.22488733 -0.05070239 -0.11780662 -0.07667349 0.22901459
-0.19672874 -0.128969 -0.13819551 -0.17342491 0.20940885 0.27061656 -0.069280185 -0.15394911 0.36529592
0.056412425 -0.24833386 0.43218607 0.17398737 -0.101642445 -0.08460194 -0.3576619 0.21003702 0.0
-0.02269528 0.15707004 -0.07610633 -0.11584875 0.1733583 -0.04285693 0.101155534 -0.5714426 0.4779437
0.17024326 0.10812393 0.053130873 -0.32520974 0.3807584 -0.092297755 -0.19497962 -0.3782 0.28147143
-0.010814182 0.12749168 0.035715327 -0.14517505 0.08767986 0.17997207 -0.27857864 -0.40051806 0.41790542
-0.23858587 0.34465548 0.31653097 0.018700557 -0.22428592 0.05393955 0.20093733 -0.4558402 0.0
