-0.31811213 -0.59383667 0.9307215 0.4685873 -0.16499962 -0.55757076 0.14065625 0.11150793 0.0
-0.22801183 -0.789861 0.51788783 0.32428387 -0.09427228 -0.58421946 -0.28491682 1.0613165 0.0
-0.120397024 -0.23014547 -0.203779 0.57216084 0.52893037 0.04353426 -0.50787705 -0.17523652 0.09154616
-0.28707367 -0.33371973 -0.10316057 0.42868784 0.13599977 -0.18347871 0.1188478 0.11294519 0.13058339
-0.039991766 -0.146208 0.25689074 -0.17996754 -0.45785138 0.1867423 0.23532234 0.20742325 0.07826441
-0.7770395 -0.33473733 0.7432699 1.3196743 -0.77944386 -0.7163412 0.039120268 0.6816685 0.0
0.3506714 -0.23103304 -0.138526 0.31230178 -0.076364435 -0.14911278 0.19143029 0.058220908 -0.24476585
0.10357212 -0.10145458 0.16997856 0.26473966 -0.19193615 0.15149367 -0.050917234 -0.041984245 -0.25874934
-0.24193089 -0.32190242 0.28397965 0.39446804 -0.16750245 -0.123743676 0.056714155 0.076142825 0.03559588
-0.09823372 -0.30347088 0.59541476 1.2284094 -0.7954626 -0.6146921 -0.27051324 0.23048854 0.0
-0.07869164 -0.3455342 0.26117092 -0.010590184 0.10405783 -0.020559182 0.33476177 -0.09849353 -0.09704939
-0.28095952 0.22391309 0.5234304 -0.0024169283 -0.20490895 -0.1511293 -0.19186673 -0.082144655 0.16516265
0.04733381 -0.03573047 0.1018756 0.095460966 -0.1254695 -0.03427706 -0.09760193 0.04306851 -0.039496377
0.014786497 -0.22680894 0.49619567 0.5884393 -0.32751662 -0.53621554 0.02320146 0.037450925 0.0
0.2630059 -0.19052884 0.015514961 -0.05533361 0.06254607 -0.17037462 0.059620705 -0.114099145 0.16690098
-0.062270362 0.053296 0.22189254 -0.2823437 0.08337278 0.12154876 -0.21792598 -0.05252805 0.11768792
0.023537356 -0.3639035 -0.19281071 -0.09982185 0.17813323 0.21122865 0.033209786 0.0120192375 0.21165851
-0.096228346 -0.0876217 0.05846507 0.49884233 -0.33025977 -0.10871122 -0.12549919 0.23124404 0.0
0.26858813 -0.11335441 -0.18139921 0.1296956 -0.072658464 0.23119311 0.0074438755 -0.1834158 -0.12780634
0.1960826 -0.06820487 0.083486296 -0.030506924 0.1412098 -0.123578966 -0.033174295 -0.27568406 0.08375445
0.12633227 0.13207033 -0.044548053 -0.18451148 -0.0345908 0.05001476 -0.062918246 0.03839644 -0.021346265
0.31241038 0.16047831 0.18170811 0.061061453 -0.21209449 -0.12760386 -0.124494076 -0.22610581 0.0
