0.047304776 -0.7590902 0.62234616 0.46778595 0.26116663 -0.13226222 -0.09480079 -0.37659335 0.0
-0.55021423 -0.91605234 0.3449722 0.63837856 -0.019316968 -0.7060048 -0.15282787 1.3118219 0.0
0.5927657 -0.5993312 0.082823984 0.7710659 0.016607426 0.1043132 -0.5190448 -0.55669945 0.19352132
-0.462751 -0.26268035 -0.18785095 0.3454191 0.058150858 -0.09823505 -0.12859844 0.58213526 0.13878116
0.3560769 0.07630465 0.1483577 0.030738784 -0.26165497 -0.0064644115 0.11823429 -0.01125657 -0.66232204
-0.45291227 -0.5226104 0.54263926 1.2271851 -0.90918523 -1.0336778 0.2733787 0.9320231 0.0
0.22555597 0.57510763 -0.4952585 0.10925694 0.022475567 0.21260346 -0.2535429 -0.0155588 -0.41715786
-0.20022972 -0.08610614 -0.14655766 0.3175524 0.13478202 -0.4551294 -0.11679801 -0.2685311 0.7770923
-0.49718666 0.0125706615 -0.030728357 0.29733703 -0.35169443 0.5232203 -0.035871748 -0.046057932 0.14031659
0.16320539 -0.02529123 0.19345014 1.5079865 -0.98280853 -0.6776569 -0.390041 0.11168168 0.0
0.10323419 -0.12387352 -0.18958297 0.2727888 0.08086343 -0.19659297 0.168269 0.027523816 -0.109298125
-0.101495124 0.05510068 0.33322236 -0.016942352 -0.046937525 -0.36713544 0.057513345 -0.10875236 0.21907103
0.08758219 0.10905878 0.04317662 0.2962121 -0.024310764 -0.11598315 -0.08070481 -0.272748 -0.061810393
-0.17213123 -0.26010805 0.8245851 0.86475056 -0.25387308 -0.58561075 -0.30264655 -0.2300936 0.0
0.11265156 -0.07377241 0.27874932 0.0930802 -0.22016048 -0.067259155 -0.19616231 -0.09985489 0.19374962
-0.29279608 0.17540108 0.019782765 -0.14752936 -0.14228733 0.20767963 0.17389692 -0.10329794 0.07579429
-0.20037569 -0.11688691 -0.13370942 -0.15735896 0.34403095 0.11222424 -0.0270691 -0.0716126 0.32335666
0.07068433 -0.29874736 0.24341005 0.5111115 -0.38132986 -0.21636571 -0.28117946 0.35469037 0.0
0.020874042 -0.06702169 -0.2013161 0.053287946 -0.015613093 0.19370686 0.03809412 -0.25648254 0.2732484
0.095047176 0.024952566 -0.17109257 -0.22480498 0.24506816 -0.05300077 0.13520315 -0.34323424 0.37432367
-0.09980927 0.2528076 -0.19737066 0.059854127 -0.17199999 0.03899423 0.04060978 -0.30230948 0.3593053
0.1397874 -0.012441665 -0.2492999 -0.0021338433 0.017627645 0.15664376 0.27039263 -0.29352948 0.0
