-0.43082178 0.35148206 0.5666473 0.04863214 0.40764257 -0.2861539 0.23970619 0.10284233 0.0
-0.43482038 -0.053314526 -0.18165208 0.3630946 0.33741108 0.11232368 0.40973264 1.1723149 0.0
0.0016594758 0.057970617 0.56462115 -0.08566633 -0.05183029 -0.05933638 -0.08894959 -0.21406128 0.2827987
-0.01984066 0.17322327 0.17191468 0.041065652 0.0662042 0.43986294 -0.1442749 -0.13216478 0.5262484
0.10756023 0.43092465 0.39485195 -0.19579723 0.34921765 -0.46858135 -0.25601354 -0.10406685 0.26602158
0.14155507 0.6744523 0.17248976 1.006668 -0.3145457 -0.6548662 0.06673425 0.33656362 0.0
0.031909164 -0.14415511 0.2827128 0.14597923 0.24462825 -0.23449667 -0.04221279 -0.11638776 0.09062781
-0.021871077 -0.017819798 0.37650424 -0.028809128 0.22906196 -0.44166318 0.18846895 -0.16737945 0.016565073
0.36787832 -0.0510115 -0.0034093354 -0.011885557 -0.050975673 -0.22847961 0.12050764 -0.16776064 0.11837256
0.42825562 -0.19975431 0.0018598213 0.48078886 -0.29838452 -0.22897534 0.4756315 0.22098242 0.0
-0.06733095 0.06302101 -0.14524867 0.11179003 0.025177006 -0.009949303 -0.057589427 0.11893012 0.15306082
-0.04697515 -0.0160277 -0.049590815 0.19158907 -0.041845277 -0.064017855 -0.1652984 0.07142345 0.16147862
-0.11656775 0.07498918 0.0010027565 0.0798729 -0.11878054 0.08720557 -0.025431892 -0.09282948 0.20063119
0.16016534 -0.1481681 0.22142167 0.01087155 -0.0474542 -0.07939504 0.12743512 0.23839429 0.0
0.101767406 -0.066479996 0.016936438 -0.021867404 -0.011624491 -0.053874254 0.021009231 -0.10694075 0.104452275
-0.00554679 0.041366104 0.062156223 -0.24498984 0.1771039 -0.05453111 0.00747262 -0.0017606699 0.1470049
-0.06877646 -0.066676214 -0.07363097 0.15865734 0.0982725 -0.001872091 -0.048603293 -0.1115501 0.1470313
0.46403566 -0.1963063 0.22307333 0.23945792 -0.14043134 0.09829113 -0.2758626 -0.255831 0.0
0.14052758 0.119037025 -0.07827235 0.016689776 -0.011308956 -0.07103045 -0.016148658 -0.26714957 0.17004448
0.0641179 0.1074788 0.0039486093 -0.13194005 -0.0139919 -0.051454965 0.058950555 -0.15833643 0.14007339
0.016821388 0.120893165 -0.014019009 -0.06890351 0.19084804 -0.04199447 -0.13396752 -0.16792013 0.1782119
0.37381032 0.16884804 0.2802882 0.35911834 -0.15366292 -0.3407513 -0.14211304 -0.48667368 0.0
