-0.22193699 0.38619158 0.7843443 0.45029986 -0.039820135 -0.046761755 -0.114423 -0.4009251 0.0
0.30263615 -0.8382487 0.052298427 0.4898506 -0.73644435 0.560221 1.0485673 -0.47216722 0.0
-0.30112392 -0.4145937 0.5106706 -0.09253833 0.34225073 -0.17139904 -0.018668346 0.4500458 -0.22815764
0.096020214 -0.4483954 0.16279928 0.063397616 0.12163525 -0.14319147 0.042956937 0.19992025 -0.031432163
0.12063596 -0.5721997 -0.12099938 0.26708555 0.10692154 0.17818701 0.034290716 0.112163335 -0.017221365
-0.29720664 -0.7228043 1.2070255 0.685918 -0.20287235 -0.61468875 0.20909072 0.24937351 0.0
0.09596516 -0.7636916 0.5563848 0.24348536 0.06704445 -0.14626078 -0.059943143 0.16296126 -0.05379216
-0.067952685 -0.14918157 0.14309989 0.110201195 0.2258842 -0.14764494 0.08761923 -0.10133859 -0.1496262
-0.07702732 -0.100347444 0.293135 0.20133574 -0.24403366 -0.13871336 0.033151984 0.025883142 -0.020079928
0.49194232 -0.18326214 0.119901754 0.1104501 -0.3984219 -0.25824252 0.00580593 0.30930534 0.0
-0.19878535 -0.060897853 0.45265034 -0.07116918 0.02523381 -0.09659566 -0.021426642 0.03443642 0.11926457
-0.10294975 -0.11309974 0.32298613 0.05238704 -0.009774406 -0.18929099 0.10241586 0.01999664 0.0058050104
-0.016058723 -0.025786309 0.25210512 -0.059813496 -0.03809487 -0.16137211 -0.03484623 0.021121904 0.047490224
-0.03292195 -0.11526644 0.51694715 0.7504488 -0.57661575 -0.14598152 -0.384015 -0.04126583 0.0
0.18348387 -0.052760813 0.10499591 0.10823714 -0.06585094 -0.13505149 -0.049883 -0.040389426 -0.00019160472
-0.2172472 0.051654417 0.08154348 0.11424676 -0.026870081 0.02981422 -0.022639278 -0.08062713 0.07861356
-0.036181796 0.006637662 0.16956641 -0.08670975 -0.0014169929 -0.10319587 0.014897189 -0.05638038 0.07991848
1.0042899 -0.006208315 0.22710331 0.57785743 -0.2373157 -0.6262348 -0.41532603 -0.5628254 0.0
0.3077492 -0.13214396 0.08608408 -0.11489635 0.06500054 -0.06679781 0.03284567 -0.20899086 0.00646002
0.14222386 0.07781134 -0.02060585 -0.06632802 0.03460303 0.050346784 -0.08960144 -0.102591485 -0.017914804
0.095536076 -0.0051008468 -0.049171142 -0.032364238 0.095318444 0.09931553 -0.057145968 -0.23823014 0.052682675
1.0550413 0.101824544 -0.36780915 0.47958404 -0.0866093 0.18873169 -0.95167744 -0.58342624 0.0
