-0.9596658 -0.32561362 1.0168875 0.19148293 -0.9163137 -0.38087153 1.0087724 0.09792448 0.0
-0.83777076 -1.3713918 0.627682 1.7827777 -1.4027724 -1.1281282 1.1634574 1.0393313 0.0
0.023777805 0.80182284 -0.18382595 -0.66927344 -0.7155013 0.030846316 0.6178259 -0.34391025 0.38694414
0.46820524 -0.39242184 0.13775563 -0.34817544 -0.47313732 -0.48204833 -0.2505204 -0.027422339 1.3412385
0.20050716 -0.7650594 -0.18508597 0.44251508 1.4130033 0.70223194 -0.92691934 -0.89547515 0.011983609
-0.80712587 -0.65913 1.0465064 1.5636563 0.20523515 -2.1645253 0.14213103 0.7723326 0.0
-0.21360995 -0.23392278 0.46104878 -0.22505346 -0.14749452 -0.17320219 1.0512787 0.0011847975 -0.43235746
-0.07536309 -0.74407256 -0.25869015 0.44070804 0.00574201 0.15882662 0.7888636 0.19416966 -0.4724712
0.045027465 -0.6205636 0.13428387 0.2403775 -0.52048874 0.091551624 0.06680604 -0.18217285 0.77130544
-0.4034476 -0.8290198 0.75691134 0.5123167 -0.290729 -0.82765144 0.9115248 0.3899028 0.0
0.006736142 -0.46489888 0.6816547 -0.15733089 0.22844155 -0.42940623 -0.17141707 -0.04760561 0.26624689
0.3564566 0.10578196 -0.21810016 -0.14689092 -0.09204382 -0.49083948 0.13791549 0.07413686 0.25304854
-0.0031178268 0.28739506 -0.4233944 0.22373305 0.23456919 -0.120605044 -0.14338341 -0.30518192 0.1833182
0.21332563 -1.0422691 1.3023262 1.113042 -0.89652807 -0.0108810365 -0.18603584 -0.4837623 0.0
-0.023705145 -0.12680322 0.17165563 -0.16304314 0.0031081128 -0.11132878 0.2799944 -0.22270115 0.23341715
0.025255114 -0.10081287 -0.17793538 0.17274871 0.0389526 -0.32721415 0.09762663 0.0995915 0.05422338
0.12255354 -0.098787524 0.038265664 -0.0048306654 0.19188793 -0.271733 -0.23240356 0.22045505 0.028527793
0.7096721 -0.45868358 0.77981085 0.5264478 -0.029131833 -1.4103866 -0.3049329 0.1256077 0.0
-0.15925822 -0.32927674 -0.038576573 0.011699314 0.174448 -0.22660522 -0.1467954 -0.09290701 0.8987993
0.07898082 0.23796825 -0.14830178 -0.25472608 -0.037693612 -0.15993646 0.020935372 -0.26291266 0.53641
-0.051261798 -0.01565651 -0.2030316 -0.1653455 0.008714914 0.23424174 -0.13645494 -0.5313107 0.81690043
-0.21020111 -0.32830226 0.073484324 -0.41286838 0.8673089 -0.22364825 0.2396627 -0.0517802 0.0
