-0.7545779 -0.28013596 0.66716087 -0.13396844 -0.25291187 0.29317403 0.8085144 -0.41123012 0.0
-1.0419924 -0.632359 0.9403111 1.5557829 -1.7964604 -1.2096416 1.343869 0.6075699 0.0
0.28556305 0.7079399 -0.47852308 -0.14331211 -0.45570347 -0.10132021 0.33238044 -0.3416738 0.20011687
0.8510613 -0.027209116 0.5777883 -0.9060175 -0.34606007 -0.39977545 -0.29093271 -0.3656146 1.0572771
0.8912854 -0.43148074 -0.4465571 0.78403383 1.5262372 0.38447887 -0.60542214 -1.2539018 -0.79851246
-0.6611625 -0.59815264 1.4635761 1.1711149 0.050894402 -2.2451155 0.062992096 0.5553154 0.0
-0.12230484 -0.292291 0.30314463 -0.5013289 0.20415862 -0.08604402 0.96320146 0.22099733 -0.69150865
-0.06507773 -0.8112896 -0.0807269 0.31257978 -0.02051641 -0.33500525 1.1397429 0.50079 -0.57068616
0.24259809 -0.588345 0.29274455 -0.07659766 -0.6515546 -0.015411106 0.13928351 0.48704356 0.16991591
-0.17608748 -0.42100632 0.93366075 0.8243071 -0.26824906 -0.8838585 0.37616855 -0.3904107 0.0
0.09603933 -0.220162 0.25330883 0.11822953 -0.27308622 -0.02516579 -0.51344734 -0.06044816 0.619922
-0.169624 0.23703545 -0.02431192 -0.16590859 -0.17502578 0.016612824 0.042386897 -0.19217446 0.41784382
-0.11608333 -0.39079642 -0.086567804 -0.042825554 0.3753489 -0.43785942 0.23805675 -0.23914681 0.7369327
0.08622919 -0.6670931 1.6899374 0.90819585 -1.0867751 -0.56814885 -0.048327584 -0.39232597 0.0
-0.18735403 -0.10276606 0.73525715 -0.42548567 0.23083586 -0.3528141 -0.20135401 0.06769437 0.17682187
-0.05598596 -0.3294659 0.17005095 0.13222432 0.37642863 -0.13720725 0.09582744 0.033720788 -0.2754358
-0.072259195 -0.035931546 0.03848257 0.24800688 -0.18594667 0.09461638 -0.07713997 0.18096077 -0.2151126
0.5378074 -0.33054948 0.8665535 0.85573965 -0.31974506 -0.9661055 -0.317796 -0.36525106 0.0
-0.120317996 -0.3342287 0.27943906 0.13356668 0.16796236 -0.22555618 -0.147365 -0.3732266 0.6311716
0.0065824427 -0.23967466 0.14654906 0.15089375 0.40906334 -0.30295444 -0.22152597 -0.23965222 0.21875793
-0.092418075 -0.2084659 -0.04365686 -0.44422042 -0.17727563 0.5327169 0.26081988 -0.30156425 0.5310008
-0.15633135 0.13867229 -0.14278227 -0.71516085 1.3541932 -0.19903669 -0.08933318 -0.028466137 0.0
