-0.7369499 0.14250287 0.79437995 -0.27469066 -0.37156525 0.5857945 0.50303876 -0.54085857 0.0
-1.108038 -0.9221488 0.9668578 1.5149802 -1.09407 -1.1734133 1.0615153 0.52043957 0.0
0.3171501 0.5875722 -0.5775555 -0.21909897 -0.4634637 0.25096238 0.20723027 -0.45701304 0.39404076
0.8656827 -0.47635648 0.5521104 -0.17866483 -0.4853387 -0.63591266 -0.8157946 -0.43376583 1.5787541
0.9327635 -0.57785743 -0.33068177 0.3896472 1.4158386 0.6152953 -0.8096319 -1.0179555 -0.47809416
-0.7666073 -0.34947914 0.82439554 1.3876046 0.13720194 -2.2037444 -0.026871063 0.9126259 0.0
0.46945903 -0.73336583 0.38594845 -0.43237925 -0.100289434 0.090804435 1.1491077 -0.19083439 -0.6544151
-0.050595406 -1.101632 0.33578536 0.24281646 -0.20612751 -0.42055517 1.5517389 0.40034118 -0.7599925
0.39516717 -0.81407547 -0.13099663 0.16434695 -0.3859903 -0.13059388 0.13658637 0.18119241 0.6551068
-0.3332674 -0.46181223 0.6338961 1.1288247 -0.48579603 -0.5556509 0.5133964 -0.3702183 0.0
-0.047321852 -0.16877085 0.27233064 -0.09310353 -0.018098341 -0.11534963 -0.06432431 -0.3203049 0.5355025
0.025151622 0.24208428 -0.43358678 0.010483619 -0.056066338 -0.093509264 -0.035951357 -0.031350397 0.3625053
-0.0648475 0.040499434 -0.24864563 0.13828515 -0.13155822 -0.62014717 0.10302252 0.37865186 0.3445874
0.1748933 -0.4501328 1.5170684 0.83743453 -0.9229917 -0.4875041 0.20674548 -0.9828929 0.0
0.19591999 -0.3436821 0.40107143 -0.52917314 0.1599067 -0.4122416 0.09152513 0.41203755 0.08309753
0.00074376055 -0.1792764 -0.08537122 -0.08404737 0.7540245 0.016658878 0.19056731 -0.13343915 -0.39839578
-0.3682879 0.11509261 0.026325786 0.6056411 -0.1366904 0.47704053 -0.31080908 0.13698262 -0.4398072
0.4956493 0.40112925 0.0089777745 0.90353405 -0.20857117 -0.78249913 -0.7316216 0.07565871 0.0
-0.29227275 -0.19267567 0.19017051 -0.013893217 -0.003218593 -0.35358095 -0.35309666 -0.05860204 1.0901188
0.03169319 -0.38712084 0.17534626 -0.617515 0.37805468 0.018425072 -0.007194748 -0.13645603 0.64716864
-0.049132954 0.021978986 -0.18817131 -0.74437964 -0.09812869 0.43771577 0.06662788 -0.21060202 0.9069307
0.5068601 0.037836302 -0.47268838 -0.86612 0.98794705 -0.23280849 0.19552231 -0.17455053 0.0
