-0.36553004 -0.31092185 1.0129759 0.2780469 -0.7568031 -0.3116527 0.4499227 0.082274355 0.0
-0.77432674 -0.951242 0.6341962 1.329825 -0.61933994 -1.0463425 1.1023972 0.7077321 0.0
-0.017855674 0.08937419 0.06713259 0.101569444 -0.56613857 0.01988242 0.60040694 0.03965283 -0.32078964
0.2781073 -0.19009039 0.63384306 -0.15747112 -0.4485893 -0.460083 -0.24049842 0.17166243 0.29981965
-0.06972761 -0.6257171 0.08635357 0.7441487 0.63958836 0.22051635 -0.6059423 -0.5876845 0.110280596
-0.37653342 -0.4362554 1.0986915 1.3374685 -0.45210427 -1.3710619 0.102423534 0.3615883 0.0
0.29698426 -0.24459733 0.0061532524 -0.017369235 -0.17316115 -0.43721592 0.45550427 0.22125398 -0.25300184
-0.121709175 -0.5386782 -0.048938986 0.11614268 -0.1339479 -0.21684678 0.706969 0.313028 -0.090394534
0.37286106 -0.80650103 -0.10251811 0.09211503 -0.37305108 0.28868046 0.026464092 -0.109306954 0.6078976
-0.21820423 -0.65370435 0.6430038 1.3415672 -0.6229249 -0.8228464 0.3062463 0.015107398 0.0
0.08812686 -0.13013893 0.20176491 -0.22042537 0.07931591 -0.33110404 -0.10095633 0.29951462 0.11501515
-0.09958098 0.2448746 -0.06741027 0.20978819 -0.17309493 -0.28218302 -0.1325026 0.031049794 0.2894394
0.008826682 0.049222935 -0.18606979 0.4105547 0.31737876 0.035220075 -0.65366805 -0.11406386 0.030635204
0.10503597 -0.7913628 0.9447703 1.0301665 -0.5580688 -0.48294982 -0.012383907 -0.115569055 0.0
-0.07522883 0.11323716 0.34623498 0.059432887 0.17434303 -0.3650162 -0.25829262 -0.25707334 0.19145353
0.08392014 -0.33133727 0.053252686 -0.12785056 0.08362438 -0.21674997 0.3826368 -0.23085049 0.3236811
-0.04773079 -0.1300081 0.23145317 -0.08146247 0.05812844 -0.40322825 -0.051735565 0.092382014 0.24517523
0.57067496 -0.04455007 0.00907541 1.0978717 -0.47595218 -0.5437117 -0.09666183 -0.53024834 0.0
-0.016803745 -0.11721224 -0.07581065 -0.32373333 -0.040263385 -0.063793354 -0.079869755 -0.12232065 0.71676683
0.06808838 0.14743583 0.022685934 -0.24516515 0.026996002 -0.06359599 -0.16443597 -0.35860658 0.54686785
0.19317041 -0.13232303 -0.22008291 -0.38968173 -0.22684686 0.3493374 0.13982318 -0.4589512 0.69519746
-0.02128222 -0.14615944 0.33621728 -0.26563427 0.75413364 -0.31073883 0.092487395 -0.49501467 0.0
