-0.22630697 0.40805405 0.8057199 0.4622471 -0.06390429 -0.03273468 -0.12744462 -0.39105338 0.0
0.33828408 -0.82898 0.07098459 0.46693268 -0.7397622 0.58690053 1.0237947 -0.4956056 0.0
-0.3264372 -0.42627218 0.5200553 -0.09735798 0.35295466 -0.21250376 0.01436016 0.48455185 -0.23486467
0.12045694 -0.48901066 0.16979936 0.085596964 0.15335359 -0.14953643 0.06598808 0.19364765 -0.06038912
0.10405979 -0.60145473 -0.11000559 0.26266503 0.11684397 0.20798412 0.045024656 0.11748725 -0.015638286
-0.30277437 -0.7402109 1.2237409 0.6722805 -0.19980252 -0.5984945 0.22135472 0.264374 0.0
0.096168265 -0.7986384 0.60017425 0.26993388 0.045926504 -0.15964483 -0.060590956 0.16690274 -0.065486915
-0.078680255 -0.15540496 0.14635772 0.11669983 0.24187675 -0.098280415 0.08184951 -0.11177611 -0.17680681
-0.09127859 -0.07830542 0.32607615 0.18791193 -0.26490155 -0.17407247 0.05283687 0.040617507 -0.019974375
0.5069179 -0.16439924 0.12223348 0.10275028 -0.4069303 -0.26771408 -0.0049952124 0.32975715 0.0
-0.22461657 -0.060419574 0.48364404 -0.05535291 0.017726492 -0.09982499 -0.0024505302 0.027851393 0.10181857
-0.11585754 -0.11692303 0.33846796 0.050354864 0.007839584 -0.18960313 0.11476667 0.018029224 -0.013808381
-0.0076104146 -0.033624098 0.26797763 -0.0682118 -0.03463997 -0.17621413 -0.050101362 0.048291318 0.038403872
-0.056151476 -0.0880173 0.5338984 0.7352085 -0.56033397 -0.14189978 -0.40294713 -0.058536828 0.0
0.18411325 -0.022652125 0.11188401 0.10605885 -0.06567359 -0.13449968 -0.0547485 -0.045553185 -0.026495554
-0.22842532 0.041363236 0.07734359 0.12893838 -0.017015845 0.040342987 -0.013889866 -0.07839191 0.06754834
-0.032986455 0.01662864 0.18190755 -0.07829199 0.016551198 -0.10842612 0.002963269 -0.04801242 0.057962764
1.0197146 -0.040677816 0.2422598 0.576752 -0.24739996 -0.6408369 -0.4114369 -0.53904456 0.0
0.28473243 -0.13446194 0.11495636 -0.098899126 0.06844424 -0.053763125 0.032007046 -0.2161758 -0.024330704
0.16163108 0.058437206 -0.0072411066 -0.051195726 0.037471816 0.045448914 -0.09339775 -0.10535592 -0.04020989
0.07964991 0.007624751 -0.035826445 -0.016228499 0.1033913 0.098746076 -0.052511144 -0.25548452 0.022638345
1.0401516 0.1107337 -0.34833333 0.47511905 -0.110095866 0.20173563 -0.9729467 -0.5812449 0.0
