-0.1501397 -0.017380942 2.224653 0.2848573 -1.2652524 -0.5917346 0.14834397 -0.58702767 0.0
-0.93869436 -0.8492361 0.7603455 1.1951276 -0.5755002 -0.58919513 1.0186636 -0.02592414 0.0
0.26966667 -0.23966952 -0.38724327 -0.49627843 -1.107874 0.8385212 -0.27077115 -0.294767 1.6910471
1.3351048 0.102427006 -0.11024399 -0.35387245 -0.6631992 -1.0285624 -0.6971356 -0.76263124 2.2686536
-0.38613036 -0.8348818 -0.51004875 0.0786562 0.6286278 0.37117395 -0.536352 -0.25578475 1.372073
-0.9406372 -0.4385442 0.08620233 1.1380727 0.14734519 -0.68230075 0.13122159 0.77725536 0.0
0.12496676 -0.803753 -0.1566717 0.17544052 0.038212467 -0.20930731 0.77324873 0.7207 -0.5875042
-0.32536578 -0.12480249 0.4341502 -0.06233377 0.046661053 -0.21215007 1.2021902 0.3013408 -1.2092941
0.18733662 0.4355747 -0.45531365 0.30734164 -0.12144408 -1.0083886 0.16166097 0.41508302 0.026373265
-0.22659788 -0.17563841 0.6491221 0.49858108 -0.8233203 0.012925022 0.45139512 -0.41492954 0.0
-0.09990106 0.043714885 0.24049562 -0.20294224 0.24046384 -0.3425519 -0.131864 -0.114777364 0.35945025
-0.033298947 0.61437047 0.22399096 -0.28089052 0.628276 -0.74128336 -0.09246173 -0.22202894 -0.14339997
0.5737834 0.28123134 -0.14426278 0.81053424 -0.64182967 -0.71307844 0.56779397 -0.744844 -0.06350793
-0.09121173 -0.10826008 1.0926733 0.8826091 -0.99464566 -0.39966103 -0.39363253 -0.040626884 0.0
0.039607625 0.029964337 0.19091414 0.25942275 -0.56841207 0.08529009 0.073200814 0.20610847 -0.274046
0.20899226 -0.08074462 -0.42932594 0.52975136 0.15132117 -0.20437947 0.051888213 0.31278244 -0.47177342
-0.25950494 0.1164706 -0.03848081 0.23031779 0.053110283 0.021317905 0.26106715 0.03242503 -0.32313883
0.2762858 0.20807002 0.005193285 0.9324146 -0.22569965 -0.613736 0.07816687 -0.70618004 0.0
0.14680348 -0.1755338 0.3553297 -0.35843375 -0.003031139 -0.17098129 0.16066086 -0.17852867 0.1713682
0.20648347 -0.19995824 -0.18932374 -0.48223755 0.5794486 0.20521064 -0.0899935 -0.23959929 0.16945623
-0.043568186 -0.06934184 -0.009394792 -0.25456363 0.055660177 0.3469205 -0.17223616 -0.36323878 0.3719439
0.37117308 -0.2503561 -0.13634272 0.05041259 0.23015226 0.1656713 0.4100385 -0.69708455 0.0
