-0.6271386 -0.08724579 0.565839 -0.14542466 -0.17091121 0.53959984 0.5982814 -0.5614035 0.0
-1.1018175 -0.5877918 0.89869434 1.6829861 -1.6483685 -1.3112208 1.2611979 0.54022527 0.0
0.42167825 0.77793723 -0.70314485 -0.19944221 -0.4547089 -0.066467695 0.33345225 -0.45251665 0.37665161
0.7321898 -0.20686786 0.50611067 -0.8838644 -0.3085851 -0.40730903 -0.31359938 -0.31683117 1.3816262
0.87462825 -0.506227 -0.6295815 0.4276685 1.4878019 0.5491176 -0.5819527 -0.97987896 -0.6279784
-0.60271025 -0.6656984 1.2560033 1.2229009 0.20067228 -2.226692 -0.16759704 0.7489926 0.0
0.01367171 -0.44505712 0.35214525 -0.48467165 0.15648761 0.016082326 1.1185176 0.01136476 -0.7417174
-0.012775361 -1.0371814 0.22801007 0.3388983 -0.01011913 -0.3811461 0.9742289 0.6689209 -0.739446
0.21087079 -0.6448196 0.024180386 -0.07853809 -0.39541522 -0.032192536 0.15039733 0.5138468 0.264973
-0.31461978 -0.34826684 0.9472446 1.0178999 -0.3772558 -0.9997595 0.4209908 -0.3356966 0.0
-0.058069386 -0.16837192 0.29564917 0.3589069 -0.3280313 -0.18652086 -0.34288374 -0.20979649 0.6370698
-0.20342118 0.3261486 -0.110654496 -0.068031445 -0.18803936 0.012917248 -0.030624432 -0.14980066 0.38086507
-0.19118612 -0.0785171 -0.07497501 -3.7519843e-05 0.21993804 -0.5055905 0.1981956 -0.11118773 0.53910804
0.16792965 -0.41048375 1.5757891 0.8727272 -0.9497237 -0.65811104 0.12842634 -0.78877395 0.0
-0.13077049 -0.20340157 0.74635315 -0.36894268 0.17988585 -0.5128297 -0.24189618 0.3828487 0.09134731
-0.015046515 -0.31150717 -0.040650677 0.18809302 0.48939565 -0.1553494 0.10434571 0.08728776 -0.3335457
-0.13144241 -0.13883202 -0.13214469 0.55255866 -0.13694106 0.11926847 -0.013228971 0.20215501 -0.23739061
0.27685618 -0.29822174 0.6596652 1.1876935 -0.32047194 -1.0001668 -0.556872 0.040206973 0.0
-0.36797255 -0.23019628 0.28873077 0.03502581 0.19687611 -0.26981106 -0.054382335 -0.29650044 0.6835288
0.13195667 -0.3335527 0.3959608 -0.2231616 0.505333 -0.10115703 -0.42716843 -0.2293242 0.26528606
0.055502266 -0.24490273 -0.14564216 -0.48785183 -0.1586786 0.5223122 0.13778093 -0.29887563 0.60282147
0.11849154 -0.02730297 -0.32605013 -0.70625204 1.2481244 -0.006479538 0.021388046 -0.34581164 0.0
