-0.10351164 0.81776494 0.23660454 0.15725847 -0.4947513 -0.032950234 -0.6140197 -0.035566065 0.0
0.15986525 -0.511559 0.07618284 0.4961219 -0.726378 0.43906236 0.87813705 -0.50343573 0.0
-0.23020697 -0.7329781 0.657115 -0.18501605 0.1931004 -0.64526314 0.31801695 0.13877766 0.39975667
1.0934764 -0.66037357 0.27382267 0.015081025 0.089405805 -0.22489819 -0.13090405 0.10922801 -0.445059
-0.14709951 -1.0428331 0.20547746 0.4308543 0.07007254 0.38952234 -0.060345296 -0.05177121 0.5229015
0.122090556 -0.7045877 0.9943786 0.89831984 -0.3916475 -0.67518157 0.22644031 -0.17335427 0.0
0.3878192 -0.7458044 0.20216177 0.15946524 -0.37264314 0.05551268 -0.034202877 -0.012560091 0.528309
-0.39086854 0.42412093 0.3361156 -0.28138334 -0.15586804 0.26255786 -0.3977315 0.41250354 -0.07130456
-0.14248252 0.16243595 0.49545324 0.3450725 -0.9508488 -0.4620141 0.1683883 0.151574 0.30714136
0.43560869 -0.32481757 0.33998236 -0.035234485 -0.3224697 -0.009464958 -0.14399205 0.04596186 0.0
-0.15915523 -0.4186114 0.5263113 0.17013824 -0.09034376 -0.30828747 -0.13756004 -0.0105502885 0.40804017
-0.6523832 -0.044919025 0.1631667 0.106777534 0.19627932 -0.46937904 0.21045043 0.09968523 0.317995
-0.30438882 0.38087025 -0.12374399 0.047846287 0.1527326 -0.34586295 -0.26873523 0.19637135 0.3207036
-0.031696048 -0.053790405 0.32250276 0.57333875 -0.65079206 0.098535344 -0.04025167 -0.13926394 0.0
0.0047698626 -0.055370852 0.06294909 0.1557127 -0.13206075 0.024471069 0.16214746 -0.21338236 -0.013651588
-0.026252631 0.23357314 -0.19147807 -0.23063497 0.033501558 -0.11056662 -0.15316422 -0.11693996 0.44650343
-0.3485782 -0.28420556 0.1534994 0.12129674 -0.11013375 -0.063548595 0.09472225 0.038609035 0.34951198
0.7028034 -0.20484716 0.3238811 0.235879 0.04412154 -0.68644935 -0.10759169 -0.22262011 0.0
7.3119163e-06 -0.25924855 -0.05827881 -0.23469076 0.14681175 0.14586008 0.20646174 -0.25645962 0.3176324
0.4456057 -0.31580228 0.12681098 0.01705766 0.11074524 -0.060900617 -0.079913326 -0.27949625 0.094591126
-0.3197636 0.010791098 -0.15749879 0.015486582 0.48416528 0.15199457 -0.17237806 -0.40385857 0.4843768
0.7990736 0.1113876 -0.50560194 -0.0575403 0.40709144 0.18664789 -0.53046453 -0.31228817 0.0
