-0.5916113 0.45926186 1.4838028 0.30928653 -1.2687438 -0.10522186 0.33933175 -0.60827917 0.0
-0.9158146 -0.75820804 0.8253864 1.3781946 -0.4459045 -0.92784387 1.1433873 -0.24499139 0.0
0.38408744 0.05507351 -0.26492468 -0.42815396 -0.9882694 0.22217172 -0.30909133 -0.46069247 1.8248619
1.8615688 -0.564681 -0.53612405 -0.37723926 -0.75771034 -0.6110527 -1.1139687 -0.4073997 2.49485
-0.03552478 -1.0113386 -0.7490521 -0.15981938 1.0465931 0.7636917 -0.322842 -0.59555596 1.049942
-0.8310334 -0.32252282 0.34733227 1.0901965 -0.13515991 -1.288786 -0.032018304 1.2107376 0.0
0.771386 -0.6877697 -0.13385531 -0.36906165 -0.27113074 -0.16226341 1.0020833 0.30770054 -0.50056905
0.07656015 -0.32229355 -0.046086375 0.32528713 0.0716782 -0.5362711 0.5480035 1.0268934 -1.0888056
0.22905757 -0.17647655 -0.5007175 0.06092861 0.03222261 -0.8101111 -0.19897442 0.73217607 0.6064135
-0.07728378 -0.10635206 0.54529846 0.6948523 -0.95386666 -0.35878277 -0.055988487 0.29174742 0.0
0.29103798 -0.13033108 0.056619957 0.044120032 0.036847483 -0.29319498 -0.5601602 0.32285377 0.33311373
0.24605235 0.15266277 -0.17103475 0.34786057 0.34129095 -0.36735356 -0.067835875 -0.4517167 -0.017339494
0.43855974 0.29072723 -0.26225355 0.055943526 -0.14180854 -0.262887 0.22876748 -0.32326874 -0.046002377
0.24855056 -0.10233523 0.8849288 0.30969918 -0.4168868 -0.54128236 -0.30307162 0.0453728 0.0
0.2854345 -0.008602605 0.26119578 -0.09555866 -0.2582316 -0.11573809 0.11589229 0.008700749 -0.19448048
0.18601784 -0.27155352 -0.49811777 0.48218492 0.32014045 -0.16658893 -0.048527505 0.5097404 -0.35810724
-0.3238322 -0.23821922 -0.020566149 0.32767957 0.16866739 0.2480051 -0.005594201 0.13638502 -0.31280798
0.53766197 0.30369604 0.02346662 0.6098147 -0.12322883 -0.71808904 -0.091344185 -0.58244014 0.0
-0.004136591 -0.3112432 0.40791142 -0.29145715 0.03953242 -0.29984772 -0.10572464 -0.006494252 0.49329126
-0.006142933 0.0023479455 -0.22569226 -0.23304863 0.5299247 -0.12896946 -0.05898114 -0.21199392 0.31274733
-0.19094293 -0.018160831 -0.12524985 -0.25959772 0.2872302 0.2084724 -0.16200092 -0.45059082 0.6784037
0.14017083 -0.20008694 0.14403538 -0.7236297 0.40821317 0.19603252 0.32410237 -0.13515002 0.0
