-0.25861725 -0.21995859 0.73224014 0.17288974 -0.6688089 -0.35863793 0.64175284 0.0756929 0.0
-0.6993468 -0.9762222 0.43956968 1.4415095 -0.6964997 -1.0923692 1.0165548 0.7802382 0.0
-0.27164322 0.18663232 0.15838495 0.18345985 -0.3675913 -0.07586193 0.43078908 -0.08137099 -0.1129565
0.13413121 0.09263287 0.31881425 0.009010233 -0.5187325 -0.38813782 -0.21485338 -0.16519684 0.72881985
-0.118417695 -0.4392954 -0.106488295 0.8297765 0.59998274 0.13660343 -0.6360544 -0.5238702 0.20736058
-0.3844604 -0.51597804 1.104546 1.2404909 -0.6064666 -1.4472487 0.26161063 0.47568992 0.0
0.24599408 -0.084888436 0.06431805 0.075761035 -0.17600504 -0.311985 0.2669686 0.19624892 -0.2823033
-0.2338565 -0.28727025 -0.22699265 0.14331017 -0.15816455 -0.31452942 0.88158303 0.23587328 -0.023145067
0.4987016 -0.67380255 -0.12724511 0.051070046 -0.20817788 0.072374515 0.009338431 -0.15535055 0.5062785
-0.5525183 -0.6397399 0.67930937 1.2670575 -0.47132877 -0.7635562 0.35346082 0.21207605 0.0
-0.058611453 -0.011579798 0.11431358 -0.22335865 0.26997083 -0.2908077 -0.08228676 0.16223471 0.11837336
-0.2049119 -0.0075126607 0.08232867 0.16144067 -0.04114458 -0.07163637 -0.2054504 0.008916499 0.2770208
-0.15570998 0.21757324 -0.14452222 0.24379104 0.2664125 -0.15133782 -0.49767524 0.023366306 0.21151474
-0.011351036 -0.68974966 1.1006584 0.80251384 -0.63927317 -0.567461 -0.10011454 0.20597596 0.0
-0.1446917 -0.05326827 0.25534326 0.11788412 0.16563635 -0.16503856 -0.20614737 -0.024682166 0.07694751
-0.102680266 -0.08777294 0.089552894 -0.07046257 0.06287012 -0.049297538 0.17238621 -0.032726627 -0.0009527528
-0.019849746 -0.03234815 0.117279716 0.07962265 0.06543446 -0.17920803 -0.11383257 0.00025294744 0.10779616
0.82286835 -0.17262064 0.022356955 0.80680484 -0.28292447 -0.58341277 -0.1295144 -0.4643658 0.0
-0.051882766 -0.12515078 0.054923404 -0.17284669 -0.028103512 -0.042912964 -0.05480039 -0.13771997 0.5885048
0.16029267 0.06820146 -0.05505337 -0.19965962 0.0459748 -0.10575831 -0.13520025 -0.2402475 0.4731049
0.14413801 -0.0047191116 -0.016553894 -0.26312637 -0.122246765 0.10109573 -0.036439296 -0.28721333 0.5199958
0.052495945 -0.026826786 0.10619678 -0.17791928 0.841352 -0.34976685 -0.05190915 -0.39948642 0.0
