-0.1953099 0.3882608 0.75008994 0.4360718 -0.023740053 -0.08446216 -0.1703743 -0.3985535 0.0
0.31571856 -0.8671229 0.06986905 0.559095 -0.7129214 0.5381684 0.98992354 -0.48005694 0.0
-0.25030667 -0.44163796 0.49564064 -0.12709284 0.33756056 -0.15969728 -0.040716425 0.4030915 -0.1743008
0.14534472 -0.3667636 0.094677135 0.06383091 0.06911257 -0.13670236 0.00605892 0.1765391 -0.02282293
0.11523281 -0.5279002 -0.11702957 0.2804525 0.07543567 0.14345247 0.0055029886 0.10914277 0.015400136
-0.24087721 -0.6941394 1.2155743 0.6637933 -0.24136513 -0.6673115 0.22816236 0.19107899 0.0
0.09093438 -0.67371154 0.46773914 0.16914432 0.06583458 -0.1384667 -0.062601075 0.17360096 0.012884628
-0.09100035 -0.0818766 0.11147224 0.043904196 0.19504395 -0.12866028 0.064788535 -0.06563142 -0.07436553
-0.061843544 -0.0891527 0.23522128 0.23666452 -0.28081402 -0.06556226 0.0011175722 -0.03636784 0.033676546
0.451019 -0.18776909 0.09583786 0.1013372 -0.373609 -0.23070817 0.0475703 0.27609387 0.0
-0.14354283 -0.110914364 0.38513964 -0.080964126 0.06985812 -0.08981172 -0.014581378 0.049198683 0.14089105
-0.13352545 -0.12455864 0.28376433 0.029786685 0.020813175 -0.17568278 0.08232847 0.03274943 0.069550455
-0.07405813 0.019247998 0.21138282 -0.016430316 -0.06870954 -0.14336412 -0.035446562 0.0057045934 0.08598249
-0.01311399 -0.1487158 0.54034096 0.721297 -0.59245765 -0.1113203 -0.3671361 -0.027014839 0.0
0.13608243 -0.090146236 0.059942488 0.062186245 -0.0507974 -0.09139163 -0.0065270383 -0.04827547 0.060291592
-0.17149895 0.0969197 0.08978134 0.071279205 -0.06762268 -0.02733876 -0.04583252 -0.11197063 0.1368078
0.013074855 -0.010800829 0.11598616 -0.101699926 -0.019144524 -0.13032994 0.05264704 -0.09780493 0.14341617
0.9595602 0.0056969984 0.22704124 0.5514854 -0.2059226 -0.59080476 -0.44237977 -0.5324464 0.0
0.29766452 -0.120366156 -0.010992395 -0.15842165 0.09079405 -0.031965513 0.02073732 -0.17935826 0.09512807
0.14069737 0.08883298 -0.03879356 -0.09156619 0.036698535 0.07278137 -0.10657822 -0.114404894 0.039586335
0.10717144 0.0020673075 -0.08913406 -0.08514128 0.12306505 0.08314422 -0.077105746 -0.21714737 0.13652068
1.0447329 0.10242637 -0.4080876 0.44807756 -0.018882997 0.17619365 -0.8548021 -0.6012035 0.0
