-0.34789452 -0.24637364 0.7078619 0.13854073 -0.48017845 -0.31980097 0.53605664 0.08219941 0.0
-0.873354 -1.1883147 0.3905849 1.4489168 -0.69540304 -0.99999607 1.0809377 0.8215339 0.0
-0.13904953 0.16586755 0.17491192 -0.035583153 -0.20413488 0.07574714 0.7058651 -0.37210125 -0.33815402
0.2563548 -0.09805122 0.58310425 -0.13980737 -0.45220965 -0.1240019 -0.2754813 -0.103928804 0.44786367
0.0074649863 -0.33488268 0.17514777 0.8507076 0.6269071 0.25521037 -0.57566655 -0.86140454 -0.09193676
-0.7546545 -0.47185692 0.9220648 1.4370298 -0.42049155 -1.6373625 0.27209356 0.6045735 0.0
0.20127201 -0.08450715 0.052012704 0.039592065 -0.038724467 0.027822398 0.22434948 -0.010524101 -0.36348626
-0.3859399 -0.21780702 -0.0026897653 0.34122515 -0.021558879 -0.46499276 0.7163296 0.12358688 -0.08765575
0.29151362 -0.60545874 0.0890098 0.35797107 -0.52872646 0.012947083 -0.013226449 -0.029327426 0.36830628
-0.6983672 -0.39845163 0.6208466 1.5357046 -0.27674025 -0.85194343 0.27336293 -0.19718447 0.0
0.15373947 -0.14497255 -0.0665182 -0.3961225 0.122516885 -0.11900043 -0.17160589 0.13313678 0.5644901
-0.1250917 -0.13752371 -0.10164351 0.08415878 -0.072085746 -0.23029354 0.062757 0.009979176 0.57230484
-0.29011697 0.08858361 -0.2482248 0.2745054 0.011481352 -0.25056067 -0.34864107 -0.10178366 0.85398495
0.18089347 -0.60342 1.2373682 0.65853864 -0.846777 -0.6857761 -0.038123105 0.09802605 0.0
-0.454956 0.27328447 -0.08998295 -0.10549458 0.3037995 0.09354423 -0.011724909 -0.17359105 0.22950889
-0.022238621 -0.24657059 -0.03530153 0.03221129 0.12610087 0.2451138 -0.0028183814 0.03368501 -0.108009815
0.23833907 0.07152955 -0.15550235 0.18105815 0.095862366 0.017784271 -0.4741242 0.069470994 -0.0169227
0.31987768 -0.18666178 0.35286352 0.6875491 0.3075742 -0.67830163 -0.1024943 -0.49494994 0.0
0.04280664 -0.090012714 0.11406633 -0.31791207 0.048476413 -0.2812987 0.08406211 -0.3511645 0.7344515
0.18012747 0.10854491 -0.2771137 -0.058042753 0.19163747 -0.013351371 -0.23505889 -0.42958853 0.45813316
-0.014742064 -0.34012645 0.25688782 -0.3452052 -0.21501419 0.120763905 0.27405083 -0.35318786 0.6666281
0.09757756 -0.26155517 0.3912631 -0.47625276 0.86901283 -0.003919722 -0.29229307 -0.34898522 0.0
