-0.6936179 -0.33447304 0.73233664 -0.10677842 -0.5029577 0.17668152 0.9470749 -0.37186015 0.0
-0.9235162 -0.8004963 0.81479245 1.7659887 -1.7419174 -1.2898556 1.102027 0.84283745 0.0
0.056562893 0.8476273 -0.50755924 -0.4129534 -0.43156672 0.10931759 0.35463938 -0.4668326 0.4339253
0.65981525 -0.061743174 0.47985774 -0.81764597 -0.7238947 -0.44049343 -0.11580055 -0.16229148 1.2034976
0.6300248 -0.62317044 -0.30377552 0.71932536 1.5962462 0.40366176 -0.7424683 -1.0891718 -0.5593658
-0.86923844 -0.5201524 1.2701825 1.2963833 0.06975541 -2.2312546 0.12214579 0.75628644 0.0
-0.18853274 -0.2979517 0.2891769 -0.47137532 0.05869426 -0.15918818 0.9840695 0.49804118 -0.73028076
-0.22571151 -0.7704866 -0.11471261 0.37142044 -0.022049798 -0.21942781 1.214004 0.46416786 -0.6469838
0.22321843 -0.6788124 0.16145875 -0.054737438 -0.57909554 0.10257396 0.1422305 0.330863 0.36882675
0.018159192 -0.5962328 0.59250665 0.6700316 -0.14400099 -0.7336019 0.5978263 -0.3366177 0.0
0.06466679 -0.33481413 0.3939238 -0.3134687 -0.0040675336 -0.106694005 -0.45308137 0.19585495 0.6110244
0.03192715 0.109357625 -0.018151462 -0.054752357 -0.13774328 -0.2208767 0.010768771 -0.109390885 0.35217288
0.07288874 -0.2215127 -0.20835836 -0.11139908 0.450376 -0.3186465 0.04074818 -0.16822326 0.4126245
0.31940365 -0.8101727 1.6129808 0.87398285 -1.2088814 -0.47024894 -0.0049976083 -0.38606235 0.0
-0.10590136 -0.07918918 0.5939252 -0.45975918 0.15067767 -0.15746033 -0.059244223 -0.05717301 0.16427326
0.011711352 -0.5095428 0.13000226 0.2242579 0.32863793 -0.12224255 0.04421696 -0.013921595 -0.14103383
-0.14599867 -0.11886554 0.31061593 0.19233797 -0.006511532 -0.015567294 -0.1233232 -0.011535152 -0.13050817
0.95229053 -0.14128602 0.8226412 0.61013573 -0.2695288 -1.164857 -0.52295494 -0.4343572 0.0
-0.2459506 -0.2966628 0.14858426 -0.008061104 0.17471135 -0.19165573 0.004951567 -0.25053227 0.75096893
0.14312133 -0.42252636 0.18557863 0.14699689 0.34349155 -0.27665642 -0.15624534 -0.27379203 0.31887776
-0.113977164 -0.009682932 -0.15470962 -0.44849077 -0.31073615 0.60822064 0.0030373475 -0.3189549 0.6494045
-0.1136505 0.27677712 -0.025948782 -0.82102114 1.2503611 -0.29175234 -0.066153884 -0.06369178 0.0
