-0.6492546 -0.3175332 0.80089664 -0.10100464 -0.62910527 -0.17708151 1.0001929 -0.12770618 0.0
-0.915602 -1.1470068 0.54962844 1.7506838 -1.5201508 -1.0517544 0.9614131 1.1707103 0.0
0.09941571 0.74213207 -0.45461452 -0.42320856 -0.56406915 0.15810254 0.3971717 -0.19244207 0.19997437
0.42043993 -0.20534585 0.40769517 -0.34459037 -0.4302924 -0.59296393 -0.22703819 0.041260757 0.90947807
0.35550845 -0.4505822 -0.1421864 0.6298412 1.4054134 0.32224822 -0.69105315 -0.8215113 -0.54194814
-0.83309054 -0.55333054 1.3309283 1.6225445 0.028671093 -2.2750225 -0.22176206 0.69997126 0.0
-0.18117726 -0.117237814 0.4209356 -0.34918892 -0.19268593 -0.33496663 0.6912692 0.42690474 -0.40611234
-0.11016278 -0.67447984 -0.12977265 0.38252875 -0.15502727 -0.031170452 1.0025532 0.15623765 -0.36347762
0.30673984 -0.5525975 0.06950787 -0.021640124 -0.71740854 0.16838029 0.1934328 0.13350004 0.43950307
-0.08452983 -0.67508304 0.6358874 0.80709714 -0.4559001 -0.79091525 0.6992867 -0.08112512 0.0
0.10312527 -0.50847054 0.27602604 -0.22457147 0.02480464 -0.13631809 -0.25730795 0.18777812 0.58317596
0.052313533 0.1048866 0.03158375 -0.10699577 -0.1564946 -0.32968134 -0.036400843 0.07495281 0.38889253
-0.034142528 0.017305704 -0.20137958 -0.10256136 0.2037078 -0.33525544 0.08149776 -0.16011202 0.51766366
0.4052129 -0.93809485 1.5890847 0.941287 -1.2669538 -0.41626042 -0.025963454 -0.32996222 0.0
0.1891112 -0.001638099 0.38884693 -0.12807095 0.013082021 -0.36477786 0.06706116 -0.32711467 0.16811703
-0.08974953 -0.35703862 0.11143168 0.24885136 0.17472774 -0.13531972 0.18538402 0.007088857 -0.11329255
0.00077057973 -0.005113974 0.13471803 0.28796118 -0.04839801 -0.18170585 -0.026721342 0.020714909 -0.15324096
0.84778583 -0.16739932 0.87392575 0.64012146 -0.27009 -1.1916955 -0.24662642 -0.4390469 0.0
-0.13106288 -0.3206658 0.25513518 0.32753703 0.26083755 -0.21925998 -0.22938865 -0.45025975 0.4702294
0.011749123 -0.2389355 -0.06905544 0.3687194 0.21187624 -0.27179077 0.013193442 -0.33153445 0.21870182
-0.039744746 -0.13396804 0.038434517 -0.15376364 -0.15160853 0.13986254 0.06144648 -0.2061824 0.43894225
-0.09579178 0.15465692 0.57812506 -0.6523638 0.9373097 -0.512935 -0.11068461 -0.10749859 0.0
