0.8726631 1.5152369 0.83064926 0.0134832 0.33689523 -0.54578894 -0.33832514 -0.23716167 0.0
0.49088955 -0.67665446 0.7145028 0.5743665 -0.20014678 1.4703346 0.3177416 -0.94298244 0.0
-0.5509308 -1.0959512 1.0754511 0.0686894 0.20889881 -0.07078041 0.07212902 0.060842205 1.1263057
1.1524423 -0.06525816 -0.15400964 -0.16005719 0.12451725 1.2046654 -0.84449184 -0.07790707 -0.103788905
0.16848911 -0.86717856 -0.35909903 0.17340066 0.3229729 1.2415438 -0.5670758 -0.3493978 1.3097489
0.8650396 0.35423487 1.5124055 0.56438935 -0.62715924 -0.5946438 0.94351584 -0.41940773 0.0
1.1327217 -0.6601271 0.1799166 -0.08543042 -0.43710595 -0.05627909 -0.3362114 0.44056863 0.79994047
-0.4773184 0.3751979 -0.27797425 -0.2826583 0.08384152 0.2312484 0.6066983 -0.051704176 0.5598524
-0.53966993 0.64168423 0.78920996 0.6308501 -0.64977086 -0.6490209 -0.15893091 -0.13479546 0.67103773
-0.23376484 -0.5284464 0.53698415 0.02165918 0.7366333 0.7615178 0.63452727 -0.013149044 0.0
0.24155648 -0.15540057 0.19884223 -0.12253998 -0.38332704 -0.23719189 0.19643578 -0.006635557 0.47715157
-0.62235105 -0.61971873 0.7363828 -0.41430172 0.6515192 -0.24932463 0.15546738 0.10336551 0.6731157
-0.3721179 0.34666368 -0.18873028 -0.27504864 0.24011452 0.4173379 -0.3756977 -0.343227 0.93423635
-0.15418634 0.23851642 0.4847643 -0.013874962 -0.17390832 0.5593317 0.11460364 -0.1594502 0.0
0.31231162 -0.28569335 -0.06570064 0.15436402 -0.2537407 0.17040564 0.1550443 -0.12596077 0.2547865
-0.009062695 0.5137697 -0.13583063 -0.35239846 -0.37495595 0.17638466 -0.32554108 -0.21023594 0.8414886
-0.25929543 0.056696247 -0.034744572 -0.23670608 0.12553097 -0.32729253 0.22582413 -0.13147216 0.79378897
0.744634 -0.3654203 0.37582347 0.10629042 -0.100409634 -0.07850065 -0.18323036 0.32953554 0.0
0.26056495 -0.31720522 -0.03487533 0.050297417 0.29118052 0.039670855 0.16629736 -0.6560384 0.35382858
0.563769 -0.5673593 0.1585762 0.09608969 0.51859915 0.33770066 -0.18881631 -0.6597971 0.099405944
-0.24937452 -0.3934548 -0.5175668 -0.06075363 0.6135989 0.39028832 0.18710358 -0.33308014 0.6117179
0.516769 -0.057700805 -0.16756023 0.049277615 0.008580481 0.8206817 -0.55032057 -0.19494958 0.0
