1.2672379 1.3157036 0.77217436 -0.22802924 1.1259667 -0.25392744 -0.09399628 -0.14064418 0.0
0.6586034 -0.062332332 0.78708977 0.8021978 0.054870017 1.3159854 0.10186691 -0.0794874 0.0
-0.16825038 0.0032523363 0.6937424 0.72376007 0.1687413 0.4937243 0.28779262 -0.18720293 0.9952756
0.6171269 0.96713585 -0.27670863 0.058675263 0.6129495 1.116381 -0.2769649 -0.20396554 0.76909715
1.0320945 0.08175238 -0.23273191 0.4512754 -0.23748757 1.0210834 -0.14107211 -0.2685001 1.052009
1.0363681 0.97793436 0.9750775 0.2518405 -0.09194395 -0.23988137 0.93615055 0.19476993 0.0
0.98808694 0.55835664 -0.17980625 -0.22893354 -0.09663222 0.56930107 0.4451532 -0.034829378 0.9108859
-0.2543031 0.16563223 -0.20894288 -0.015280403 0.38712147 0.4570502 0.85522723 0.49576542 0.9308521
-0.22498868 0.4244978 0.7698935 0.8115814 -0.08069692 -0.19399449 0.59668285 -0.15392452 0.6882379
0.08329581 0.29125106 0.085636824 -0.10520645 0.8732786 1.0240314 0.86318874 0.8989753 0.0
0.7827098 -0.2285294 -0.23466586 -0.05285485 0.053964872 -0.083311506 0.65459573 0.708347 0.70951784
-0.13155864 -0.10954022 1.0324539 -0.19329593 0.4016207 0.38490838 -0.27668807 0.19361408 0.9365586
0.047426343 0.24169673 -0.09849082 -0.14491938 0.629367 0.86849904 -0.008770796 -0.18591209 0.8282597
0.21243384 0.97849804 0.3520588 0.17323984 0.11424848 -0.013431379 0.5643381 0.30958897 0.0
0.49891147 -0.22066255 0.20272353 -0.10287953 -0.1168332 0.7660805 0.52990645 -0.049485918 0.82936704
0.13305467 0.6759718 -0.023934891 -0.02412357 -0.1962385 0.44051567 -0.051900852 0.16525602 0.90566415
0.1731717 0.17785566 0.1277835 -0.034129392 0.4822358 -0.17627227 0.35579187 -0.09605665 0.94915843
0.88011444 0.2944175 -0.094531626 -0.2061297 -0.15056613 0.8499778 0.30990198 0.71976393 0.0
0.64142144 0.21319327 0.29745102 -0.08584083 0.11785097 0.143477 -0.08755253 0.15741283 0.4995515
0.6282976 -0.096282564 0.19198608 -0.19336793 0.7931429 0.48926413 -0.16377364 0.080134645 0.5066825
-0.06252844 0.11058199 0.44674495 -0.1580563 0.22668612 0.42479753 0.26559445 0.11683067 0.7561219
0.48639444 -0.024784833 0.0849184 0.79973614 -0.14012021 0.979936 -0.24051271 0.3881363 0.0
