0.67327696 0.6646272 0.52226627 0.47227818 0.6479622 0.5887119 0.67463833 0.5489832 0.0
0.53530765 0.70433396 0.5732037 0.7476702 0.7360476 0.6741814 0.8110807 0.650469 0.0
0.52591974 0.5196055 0.534953 0.5854925 0.5739461 0.51627094 0.5241334 0.5255238 0.5371204
0.55327094 0.52514815 0.50069416 0.5246319 0.4929092 0.6068062 0.52116257 0.5595078 0.51916873
0.5474341 0.5182256 0.5256502 0.5222433 0.5155651 0.5614163 0.52098465 0.51811767 0.57252705
0.6143812 0.5508619 0.9288004 0.82078075 0.6186417 0.5312392 0.5855637 0.63969505 0.0
0.5610887 0.5185976 0.5215531 0.5406903 0.5180082 0.5359313 0.5183651 0.52754813 0.5583368
0.50862724 0.51473373 0.5355353 0.52033573 0.529095 0.53828365 0.54584277 0.52669394 0.54636914
0.51217425 0.53114045 0.5729209 0.5340621 0.52475095 0.4965586 0.5285382 0.5225313 0.5277253
0.70588565 0.5595141 0.63393813 0.6191674 0.5879636 0.59138614 0.59249204 0.5977756 0.0
0.53659797 0.5129801 0.51419777 0.52477175 0.5109795 0.5071012 0.5484299 0.51929575 0.5453144
0.50922626 0.5379984 0.57036525 0.5012476 0.53745115 0.51988155 0.5073699 0.5276587 0.5498108
0.52120113 0.53278 0.5262912 0.52111036 0.5300289 0.5265615 0.5127245 0.5127071 0.5498505
0.5159292 0.5960868 0.57390636 0.70790404 0.57229567 0.5211278 0.5480086 0.57968515 0.0
0.52764475 0.52022624 0.5430457 0.512385 0.5039355 0.5378366 0.52849585 0.51039505 0.5468561
0.5110683 0.5178364 0.519078 0.51759875 0.52693325 0.5269121 0.51901156 0.5185498 0.5580793
0.5168724 0.51571053 0.5305343 0.517419 0.53786546 0.51473373 0.51723987 0.51241 0.5611247
0.5420497 0.5557184 0.54061085 0.5322772 0.5730739 0.5729135 0.5489149 0.55256987 0.0
0.53675306 0.5245379 0.5266743 0.50887996 0.5239476 0.5266306 0.5195511 0.5139698 0.5355824
0.545708 0.531033 0.51046336 0.50291145 0.53284055 0.5297432 0.5062007 0.5237705 0.54670334
0.5391157 0.52361006 0.53135717 0.5122639 0.5172114 0.53475547 0.5080245 0.5165589 0.5471337
0.53194666 0.6568852 0.5467412 0.5477531 0.53728724 0.5692075 0.49365374 0.53664416 0.0
