-0.12298292 0.37462032 1.4372232 0.15644634 -0.7511647 -0.7771535 0.2704956 -0.4966151 0.0
-0.47071433 -0.67630523 0.6562181 1.1427592 -0.5514638 -0.30464348 0.81589603 -0.51336807 0.0
0.37426236 -0.6289617 -0.20660529 -0.30200434 -0.7468374 0.3230571 -0.016149063 -0.28335807 1.5315803
0.7447599 -0.22100224 -0.119395256 0.38576806 -0.9705249 -0.5200066 -0.43272233 -0.16272494 1.3696617
-0.49316457 -1.061929 0.08837903 -0.16630527 0.5387092 0.11536602 -0.5955627 -0.32745633 1.4769317
-0.13777219 -0.31905788 0.25775933 0.9186492 -0.08564083 -0.33205232 -0.24954802 0.25038147 0.0
-0.25055847 -0.26290762 0.02555172 -0.11951229 0.27156222 -0.09462586 0.10408286 0.5365873 -0.21124746
-0.2313438 0.47848535 0.30542833 -0.0021010935 -0.49921453 0.637391 0.5727641 0.23751888 -1.2161245
0.0563236 0.85041904 -0.38464764 0.9119612 -0.30466044 -0.8282547 -0.43044707 0.1429672 0.2857763
-0.50107723 -0.284085 1.0876964 0.21361542 -1.2979869 0.15185563 0.4616826 0.29300034 0.0
0.101303846 -0.1342293 0.31771168 -0.22368547 -0.06398899 -0.1591778 -0.22491594 -0.42908886 0.8376099
-0.22445136 0.012572705 0.10068744 0.14565134 0.80686074 -0.97940916 0.22023706 0.06836778 -0.2403206
0.47834244 0.21596289 0.7024254 0.18770288 -0.2589922 -0.42097682 -0.42932037 -0.45192447 0.106240004
0.25839826 0.283414 0.60392404 0.5310848 -1.1149466 -0.41392815 -0.08306693 -0.1064709 0.0
-0.2514103 -0.17950535 0.6954153 0.44979155 -0.71570617 0.3383357 -0.0013278166 0.025072064 -0.41820186
0.6272994 -0.3888472 0.043438964 0.5829345 0.32660255 -0.46964934 -0.07879938 -0.25160477 -0.34992123
-0.6371595 0.18723623 0.3234642 0.22167262 0.092516735 -0.034931984 -0.03683235 0.11327854 -0.24664418
0.16676046 -0.077367105 0.1502609 1.048006 -0.14026198 -0.6906739 -0.022037873 -0.3862777 0.0
-0.11788435 -0.27645445 0.07023242 -0.04058713 0.23858619 0.098370485 -0.18622322 -0.061689075 0.36830646
-0.18761379 -0.020627223 -0.12711968 -0.37643027 0.5213434 0.20688298 0.025550095 -0.32257092 0.4823775
-0.5970928 -0.05329928 0.2176292 -0.23665458 0.31259504 0.1885739 -0.10718205 -0.07406483 0.5073442
0.9291162 -0.60137546 0.008816804 -0.14890066 0.6395511 0.2217194 -0.10452946 -1.0839423 0.0
