-0.16147014 -0.5408443 0.7954686 0.20225023 -0.53587276 -0.60585386 0.55759025 0.19764233 0.0
-0.8643361 -1.1751866 0.5202798 1.3698013 -0.92843544 -1.0779808 0.980418 1.0943773 0.0
-0.14318849 0.41363263 0.16835615 -0.084288664 0.05398457 -0.21090226 0.45416346 -0.100798644 -0.49346888
0.52800393 -0.25481215 0.6466413 -0.15437862 -0.31910646 -0.05042207 -0.30148393 -0.18536726 0.20490168
0.18984927 -0.18495119 0.32546705 0.9533053 0.7113126 0.18701652 -0.7307335 -0.8331279 -0.5274838
-0.68816864 -0.58155334 0.94731903 1.6467241 -0.3624557 -1.8239824 0.11938176 0.56054276 0.0
0.3187515 -0.10146501 0.007743324 0.34552237 0.16120063 -0.02872622 0.05280395 -0.27680215 -0.5449632
-0.15479417 -0.29133478 0.081052385 0.31984827 0.060712263 -0.52432525 0.5475731 0.041863095 -0.089898214
0.35972044 -0.40425658 0.24267629 0.28859833 -0.6099449 -0.07931501 -0.038955748 0.0059096394 0.16370505
-0.31575418 -0.20620649 0.8035445 1.0987573 -0.45088568 -0.8305325 0.021698091 -0.12755099 0.0
0.2747763 -0.21078108 -0.35372204 -0.17328927 0.18899266 0.09761882 -0.30320325 -0.08239464 0.57276577
0.06317135 -0.025807053 -0.22613217 -0.0810495 -0.09713232 -0.0753523 0.2115393 -0.32477462 0.5550258
-0.6621718 -0.28345758 -0.07085982 0.22677295 0.18974854 -0.04875397 -0.36419085 -0.18146922 1.248357
0.29616603 -0.6393263 1.0343354 0.8818552 -1.06564 -0.57484114 -0.33726856 0.40704617 0.0
-0.27851707 0.15999742 0.15376908 -0.40518397 0.33558106 -0.2291564 -0.31804335 0.099940814 0.49855328
0.11522858 -0.4391467 0.101080135 -0.089491 0.14384335 0.08704293 -0.11051401 0.0050710104 0.1740417
0.05770116 0.26035947 -0.041117758 0.12235414 -0.077064045 -0.11085421 -0.35768485 -0.1802215 0.27317247
0.33576262 -0.8283852 0.44798404 0.55880326 0.5382782 -0.19954716 -0.3454053 -0.38639623 0.0
0.10351531 -0.057516858 0.2737643 -0.25231078 0.22318195 -0.3167259 0.04572158 -0.6225422 0.6053461
0.1224673 -0.079634644 -0.3296932 0.119526386 0.11462415 -0.06785119 -0.076531075 -0.17636968 0.36198428
0.08300179 -0.45301917 0.2592591 -0.3041455 -0.2893243 0.16575298 0.2583718 -0.42236668 0.653082
0.020743951 -0.046826854 0.49244502 -0.31077597 0.36335698 -0.046902116 -0.16773346 -0.22116295 0.0
