-0.05506792 0.4763502 0.06951381 0.23090139 -0.27712685 -0.1679629 -0.0010933969 -0.20864925 0.0
-0.07568958 -0.31543162 -0.06831058 0.5681041 -0.2369866 0.12417908 0.591589 -0.3588306 0.0
0.14664726 -0.43820068 0.28052598 -0.10425197 0.3528595 -0.4940122 0.16772902 0.19775301 0.027048914
0.20157051 -0.28435993 0.18423486 -0.09039874 -0.0708073 -0.29782945 0.16075148 0.06093881 0.10170572
-0.02024723 -0.6981343 0.48393267 0.441965 -0.029207995 0.057615623 0.18408021 -0.29496118 0.011772336
-0.08444617 -0.78421813 0.9020045 0.86438686 -0.32019857 -0.7436552 -0.09653957 0.31815788 0.0
-0.12920925 -0.3865513 -0.004854798 0.072534524 0.006929114 -0.14192306 0.2700077 0.027648395 0.22730215
-0.15306477 0.5360795 0.09216778 -0.14105491 -0.20385337 -0.12132383 0.10846814 -0.012231967 -0.13861385
-0.17801169 0.09347462 0.12784687 0.22063145 -0.0045483937 -0.08858063 -0.14947003 -0.25209445 0.15628843
-0.033233847 -0.17661716 0.113694474 0.25250307 -0.33767265 -0.021367436 0.11864242 0.17537235 0.0
-0.045661185 -0.45452288 0.36406147 0.085442096 0.26147655 0.16631964 -0.35252342 -0.22596258 0.15202194
0.20857282 0.20984338 -0.008693416 -0.22902618 0.25366515 -0.5758335 0.07141697 0.19492735 -0.07727036
0.113399416 0.36336294 0.065815166 -0.13204361 -0.0072020437 -0.34440845 -0.029552544 0.13416487 -0.15311821
0.079515465 -0.35560945 0.81072986 0.87446547 -0.6916583 -0.5758152 0.03260399 -0.13976945 0.0
-0.0044148844 0.03845776 0.113855265 0.25611234 -0.31038463 -0.3424984 0.21734063 0.11055128 -0.042778634
-0.104727246 0.28041914 -0.048693776 0.06622862 0.20171314 -0.32345533 0.08213552 -0.040528547 -0.05991082
-0.14068837 -0.031885542 0.301236 0.22414069 -0.16548659 -0.32186294 -0.0069029927 0.19087999 -0.0420845
0.8339399 0.11565653 0.22350006 0.50257885 -0.47496074 -0.5647174 -0.32767454 -0.36202264 0.0
-0.019484468 -0.23848721 0.27053544 -0.17027467 0.036310796 0.16644013 0.086443104 -0.27753514 0.10570687
0.121730156 0.26774338 -0.030344144 0.2583375 -0.10273076 -0.21013764 -0.05442093 -0.23870139 -0.0039598607
0.1147907 0.31010503 0.023392767 -0.19801672 -0.018583298 0.07302691 -0.16195166 -0.21735552 0.03898163
0.70676494 -0.10586361 -0.03947675 -0.08268521 0.38838696 -0.110153005 -0.60654074 -0.2008502 0.0
