1.6613549 -0.6755749 -0.686693 -0.89989406 2.4503317 -0.069421396 -0.6795344 -1.0720503 0.0
-1.0544615 -1.2121899 0.01652243 -0.4054758 -0.81720096 -0.11712525 3.890615 0.08736875 0.0
-0.4939635 -0.44299102 -0.19433902 -0.44090992 -0.26347455 -0.36052498 -0.15258592 -0.33854592 2.9713576
-0.45467213 -0.19407359 -0.46167174 -0.18680716 -0.15742357 -0.3377796 -0.58422786 -0.4101933 2.9480581
-0.48080415 -0.06836945 -0.292822 -0.3040854 -0.502739 -0.4567631 0.18529908 -0.60595083 2.4280086
-0.88660115 -0.7513261 -0.056368172 -0.09523502 2.040425 -0.35531095 -0.074066035 0.4812703 0.0
-0.47137156 -0.55206347 -0.28511623 -0.44858053 -0.116314486 -0.46963686 -0.42714208 -0.20847136 2.4961476
-0.33805138 -0.365673 -0.4678793 -0.45046568 -0.38101524 -0.403026 -0.41573316 -0.16770771 2.777454
-0.35652012 -0.5477683 -0.63721275 -0.44225264 -0.3072595 -0.25251794 -0.37771943 -0.18434596 3.1807833
-0.8222104 -1.0046026 -0.118217826 0.15374072 -0.56681037 -0.76890945 1.872335 1.4935272 0.0
-0.46550098 -0.42627025 -0.42089865 -0.47565514 -0.43076357 -0.26147646 -0.5085266 -0.38812906 3.1776388
-0.5029334 -0.3523826 -0.354236 -0.33794758 -0.32057074 -0.354412 -0.5962125 -0.20167837 3.0748389
-0.2910485 -0.43652028 -0.6446472 -0.48327187 -0.5026739 -0.3320713 -0.4392102 -0.47845715 3.2851417
0.7108915 -0.21632779 0.059966408 0.53349316 -0.9669593 -0.4572747 0.44647276 0.7026963 0.0
-0.36130062 -0.61978 -0.40592408 -0.39161688 -0.40306264 -0.3862035 -0.17049648 -0.46204123 3.2692041
-0.5829343 -0.33925608 -0.49067742 -0.37554792 -0.40004063 -0.42124662 -0.30577397 -0.32169706 3.3176339
-0.40969536 -0.45037827 -0.31880018 -0.46724397 -0.33161947 -0.42170116 -0.4705725 -0.29230964 3.308452
0.62174267 -0.6673093 -0.29319203 -0.46493706 0.736913 0.23021713 0.23645839 0.30966508 0.0
-0.3252471 -0.64631104 -0.40296918 -0.57845724 -0.24786375 -0.34930208 -0.3756925 -0.5307841 3.2530215
-0.41424248 -0.6334076 -0.57805157 -0.45623598 -0.1780534 -0.24316615 -0.56700975 -0.32627213 3.3400738
-0.35015264 -0.41427305 -0.49478695 -0.44993928 -0.31155416 -0.24365745 -0.433666 -0.4534857 3.156993
0.24502197 0.6716254 -0.31960276 -0.8178595 1.8011944 0.6985795 -0.47182262 -0.7629936 0.0
