0.32930726 -0.45865232 -0.6601389 -0.39685237 3.4561987 -0.8538271 -0.9570373 -0.3598406 0.0
-0.59090126 -0.69328123 0.07174735 -0.38682756 -0.21142486 -1.312779 4.9574018 -0.18999973 0.0
0.12658212 -0.4200259 -0.54592794 -0.4892472 -0.50218934 0.17053662 -0.30632168 -0.34767672 3.2558482
-0.23147313 -0.72208405 -0.4255382 0.059702065 -0.3606674 -0.5119089 -0.5411143 -0.33655423 3.078412
0.2703338 -0.5076444 -0.60125655 -0.19329645 0.040002596 0.18925077 0.018828003 -0.25803626 2.1792328
-1.7132324 -0.624633 -0.72647643 -1.0561646 5.7487426 -1.2983127 -0.60546124 -0.42128465 0.0
-0.115039684 -0.3150476 -0.124246426 -0.21824747 0.011133793 -0.49355015 -0.3397391 -0.099981956 2.1082413
0.09664377 0.040493943 -0.7986214 -0.2314808 -0.20521154 0.46278152 -0.5342825 -0.83349466 2.863277
-0.28634912 0.026573798 -0.6409286 -0.29820234 -0.010516321 -0.254471 -0.17838988 -0.23646276 2.4995146
-0.52845347 -1.5027573 -0.63068604 -0.4059208 -1.3182234 -0.83184135 3.9820874 0.77640575 0.0
-0.012939588 -0.5293867 -0.09154166 0.023754407 0.95809805 -0.69460934 -0.231928 -0.48377228 1.8905706
-0.2035825 0.32754758 -0.072679885 -0.41156685 0.033007465 -0.34937024 -1.2198191 -0.9448714 3.5049956
-0.25199604 -0.4755965 -0.0440658 -0.6029936 -0.25323993 -0.34934738 -0.59577435 -0.26456872 3.1468596
-0.32546052 -1.0999427 -0.707264 -0.9575296 -0.6398369 -0.14575267 0.11593323 3.228273 0.0
0.84176314 0.20513372 -0.08240109 -0.81075096 -0.46903735 -0.3363953 -0.36355194 -0.49613318 2.1890717
-0.3198559 -0.2962443 0.05859225 -0.822072 0.12787041 0.10524814 -0.07169662 -0.9027014 2.7394578
-0.56863743 -0.4781737 -0.4729669 -0.3315541 0.07679097 0.029431451 -0.6211512 -0.29864362 3.4971392
-0.070380785 -0.9940488 0.21718504 0.4641769 0.95702994 -0.5110851 -0.4231907 1.107568 0.0
-0.22938628 -0.29243684 -0.25792244 0.06865662 -0.3177747 -0.39263636 -0.4998269 -0.6567723 3.0507042
-0.5405277 0.15444535 -0.35970628 -0.33697617 -0.41927168 -0.19706044 -0.32561854 -0.21470356 3.0737655
-0.073536456 -0.4491353 -0.34089538 -0.089183606 0.17273992 -0.027136104 -0.6233453 -0.45160782 3.2053425
-1.3591161 0.34205988 0.7993308 -0.48373002 2.5302355 -0.88276845 0.80810547 -0.8106547 0.0
