0.7558712 -1.0642116 -0.3760155 -1.0994389 3.748873 -0.8270138 -1.0161905 -0.63246304 0.0
-1.0650393 -0.8531307 -0.49522096 -0.85515696 -1.0917768 -0.67405474 5.1472287 -0.4900207 0.0
0.14029902 -0.30201 -0.30044028 -0.66025436 0.12209985 -0.20432614 -0.42003933 -0.31127527 2.3530781
0.03351402 -0.53825796 -0.067197956 -0.72864395 -0.2369115 -0.35901943 -0.33331 -0.4982325 2.7667656
-0.19748484 -0.093981035 -0.2549171 -0.69397986 0.15313633 -0.2797058 -0.10394591 -0.45921627 2.3382235
-0.97281605 -0.80053383 -0.2359807 -0.53580165 3.6642036 -0.87911296 -0.6354447 -0.5420212 0.0
0.1236023 -0.73313266 -0.22437261 -0.45924696 0.011700109 -0.50584304 -0.2869936 -0.57349175 2.5744386
-0.28092936 -0.20142722 -0.56818557 -0.71132654 -0.16066518 -0.13847998 -0.27136803 -0.53003407 2.7715647
-0.2804033 -0.43553656 -0.36989272 -0.30821294 0.095133446 -0.3662874 -0.24428847 -0.17311677 2.5767324
-0.7740507 -0.8697426 -0.62228006 -0.26023588 -0.8003928 -1.0404599 2.3582995 1.8195326 0.0
-0.41038546 -0.27057594 -0.4109515 -0.39356077 -0.43813002 -0.2526951 -0.45046917 0.08762362 2.8554375
-0.40425864 -0.3193843 -0.44565433 -0.25623548 -0.36879438 -0.4779786 -0.46347684 -0.014850166 2.9175527
-0.29388362 -0.31230924 -0.5322578 -0.26235875 -0.47382239 -0.52936816 -0.17038321 -0.36995527 3.161868
0.07143147 -0.99154174 -0.18692057 0.4855257 -0.9880914 -0.7245644 0.58632714 1.8469981 0.0
-0.46173462 -0.56418705 -0.59762686 -0.61617357 -0.14311716 -0.141182 -0.32394823 -0.5106689 3.2282553
-0.5017407 -0.32184583 -0.56211424 -0.37226188 -0.36501864 -0.04799087 -0.34328112 -0.4591842 3.0061896
-0.44568846 -0.4047709 -0.26863033 -0.50931394 -0.29143432 -0.43336272 -0.4091244 -0.3501341 3.2235162
0.20492066 -1.3568301 0.02724128 0.16332184 0.90924835 -0.27999255 -0.09736199 0.8225201 0.0
-0.39300182 -0.07720692 -0.44391406 -0.34046364 -0.19069794 -0.5471412 -0.37793264 -0.68290716 3.1251807
-0.3813696 -0.4118518 -0.3003532 -0.6391832 -0.44265464 -0.11525149 -0.4849034 -0.71223724 3.3499715
-0.3904369 -0.3512115 -0.43584317 -0.4899924 -0.29365173 -0.35402 -0.3059353 -0.33886167 3.0793257
-0.47653133 0.27347738 -0.74696416 -0.78165257 3.590667 -0.37445983 -0.52459455 -0.78922045 0.0
