1.1730729 0.98180926 0.7178091 0.7463468 0.78684855 0.8105042 0.7294331 0.72240335 0.0
0.76506054 0.75460243 1.068393 0.73807144 0.74324614 0.8767267 0.7629568 0.77943236 0.0
0.7504311 0.728839 0.7514279 0.75318074 0.7446841 0.7341143 0.76203495 0.73256785 0.82184976
0.73069286 0.7554322 0.73850715 0.7432545 0.740462 0.7484246 0.751204 0.74906164 0.82240266
0.7456516 0.7559264 0.7413945 0.73460835 0.7488759 0.73170376 0.73823595 0.7383575 0.78688556
0.7463996 0.75424033 0.73942554 0.7415169 0.7804777 0.8137957 0.7421334 0.7643606 0.0
0.7353851 0.73563606 0.7349004 0.7434423 0.74703246 0.73645747 0.7365403 0.7394844 0.7450355
0.74446774 0.7330004 0.7452693 0.7359576 0.73914146 0.73735565 0.73560375 0.73543894 0.7445103
0.73493934 0.7399309 0.7423218 0.7423247 0.74445474 0.7319297 0.7384804 0.7301585 0.75226784
0.754808 0.75195676 0.7989334 0.7352747 0.7549127 0.74186003 0.78153306 0.7402502 0.0
0.7393381 0.73401654 0.73634315 0.7390452 0.7426151 0.7350886 0.7376224 0.73974997 0.7579462
0.7443662 0.7311178 0.73925 0.7330356 0.7424732 0.73868877 0.7363218 0.7376683 0.7652257
0.7417275 0.74298763 0.73913616 0.7330293 0.73491484 0.73150694 0.7377862 0.7363952 0.7752788
0.770479 0.7478822 0.7507789 0.7425032 0.7957888 0.75589067 0.7813826 0.74095106 0.0
0.7416943 0.73637605 0.73883 0.7346808 0.73404807 0.7396842 0.7407585 0.73165655 0.76088506
0.72905886 0.73735136 0.7424981 0.73341197 0.74004924 0.7399597 0.7416401 0.7339147 0.7937657
0.73681283 0.7373502 0.73978895 0.7372503 0.7355699 0.7371603 0.7357422 0.7323619 0.81694597
0.74893415 0.76368445 0.7497556 0.74664944 0.7701689 0.74861443 0.7584688 0.7468871 0.0
0.7364554 0.736122 0.7413654 0.7321531 0.7426315 0.7366505 0.7381064 0.73371595 0.79515815
0.7396924 0.74170154 0.73505783 0.73321795 0.74543035 0.74290717 0.7343953 0.73083764 0.8046653
0.74087155 0.7376815 0.7373236 0.7335589 0.7399564 0.7392046 0.7369284 0.73197496 0.793605
0.7423919 0.7958157 0.7575241 0.73550653 0.7340924 0.7552895 0.7442117 0.7374568 0.0
