0.3186907 -0.45734847 -0.62200767 -0.37148243 3.4510987 -0.84558797 -0.92066354 -0.35919777 0.0
-0.51472104 -0.60910213 0.07168786 -0.34791782 -0.21116154 -1.2942573 4.9539824 -0.15699765 0.0
0.119046874 -0.6915507 -0.49202427 -0.41687194 -0.47958225 0.15206254 -0.29059425 -0.29301766 3.4294417
-0.21351162 -0.68097043 -0.11382308 0.058102034 -0.35298273 -0.4820277 -0.51605433 -0.33125374 2.7505324
0.26287135 -0.43607712 -0.58715844 -0.19141772 0.03866157 0.17896967 0.017743504 -0.25528952 2.1728308
-1.664285 -0.57297164 -0.6752543 -1.0512682 5.7258463 -1.2628641 -0.60030556 -0.357024 0.0
-0.11395556 -0.31195325 -0.12302864 -0.21620297 0.010464331 -0.42406818 -0.31893554 -0.029411422 2.020556
0.08958898 0.038446542 -0.76020336 -0.22218029 -0.18011789 0.5791446 -0.4939223 -0.8197861 2.7680445
-0.25696358 0.025981585 -0.5755198 -0.28650638 0.29679433 -0.23011033 -0.0592466 -0.22205244 2.1568606
-0.5195842 -1.4692068 -0.5796571 -0.3922637 -1.2706321 -1.1364515 4.2776046 0.76805615 0.0
-0.011623306 -0.4689964 -0.08110858 0.022426214 0.944572 -0.64531356 0.09691092 -0.7570687 1.8667998
-0.17430498 0.29173842 -0.07000096 -0.3461758 0.029063214 -0.31853652 -1.2159661 -0.9144257 3.4929903
-0.22883375 -0.4169188 -0.042761553 -0.5517076 -0.2316939 -0.33261526 -0.5764173 -0.24338719 3.0506487
-0.32129005 -1.0335296 -0.70165443 -0.9742575 -0.61263335 -0.13971514 0.11523964 3.2304661 0.0
0.81263053 0.18976647 -0.08035265 -0.7638072 -0.46041057 -0.30609155 -0.32440767 -0.47286528 2.1585953
-0.29604003 -0.23800077 0.052377738 -0.7880773 0.1155736 0.09892413 -0.06148775 -0.87636787 2.682854
-0.48623285 -0.41977665 -0.4376222 -0.2845331 0.07269494 0.02429628 -0.5679265 -0.23409408 3.3496299
-0.3528533 -0.9460723 0.5170008 0.4617906 0.954576 -0.50373954 -0.41584983 1.104799 0.0
-0.18767218 -0.24707527 -0.5299712 0.061842382 -0.26791817 -0.32125986 -0.42142934 -0.60393256 3.2161746
-0.4775263 0.14014336 -0.30937278 -0.30092606 -0.36063734 -0.18187343 -0.27483016 -0.17925218 2.9310367
-0.04946779 -0.38236845 -0.31479207 -0.053802386 0.15973008 -0.019030951 -0.6114407 -0.39466146 3.1484122
-1.3052031 0.3391244 0.7979267 -0.4816078 2.5261748 -0.8456397 0.7994712 -0.77012277 0.0
