0.33384633 -0.62290925 -0.6767459 -0.40795246 3.5484297 -0.85729194 -0.97265 -0.36010942 0.0
-0.6259536 -0.731785 0.07177224 -0.40433416 -0.21153492 -1.3205929 4.9588284 -0.20574906 0.0
0.12985836 -0.4442311 -0.57014686 -0.5230968 -0.51194257 0.17889869 -0.3131387 -0.37340796 3.2928147
-0.23941307 -0.73997927 -0.42905062 0.0599859 -0.3639261 -0.5249287 -0.55193615 -0.33624783 3.0924563
0.2735127 -0.5408944 -0.60724413 -0.19408645 0.035353847 0.19371691 0.01929993 -0.57421434 2.4809282
-1.734099 -0.6475602 -0.7489995 -1.0582161 5.758333 -1.3134103 -0.60762745 -0.4514213 0.0
-0.11549428 -0.3163491 -0.12475862 -0.21910709 0.011426592 -0.5258257 -0.3488229 -0.3410842 2.3667958
0.09975149 0.041380864 -0.81523335 -0.23547907 -0.21669538 0.46933898 -0.5520965 -0.8392876 2.8794782
-0.29986116 0.026825102 -0.67036545 -0.30322695 -0.01095761 -0.26278207 -0.26548755 -0.24275343 2.5414476
-0.53220236 -1.5169948 -0.6533016 -0.4117641 -1.3386229 -0.8399667 3.9949136 0.77991974 0.0
-0.013532323 -0.5568473 -0.2114985 0.061537787 0.96943593 -0.716293 -0.24898008 -0.49901664 1.8955535
-0.005933713 0.34376913 -0.17311628 -0.44239375 0.034827765 -0.36311138 -0.9177297 -0.8789237 3.2153127
-0.2626097 -0.5024748 -0.074248716 -0.62578726 -0.26281878 -0.35658145 -0.57372814 -0.27394956 3.188073
-0.32721826 -1.1289258 -0.7096202 -0.6844677 -0.65155196 -0.14798166 0.116224155 3.0621567 0.0
0.8542221 0.21191297 -0.08327332 -0.8311504 -0.47268793 -0.34991965 -0.38126162 -0.50618565 2.2019272
-0.3303593 -0.32458627 0.061400168 -0.8366907 0.13338329 0.108007096 -0.07644443 -0.91393185 2.7634475
-0.60704637 -0.50489706 -0.48855716 -0.35341343 0.07858135 0.031883616 -0.64482576 -0.3305919 3.560669
-0.07068835 -1.0141612 0.21921477 0.4651786 0.9664433 -0.5141846 -0.4262948 1.1004844 0.0
-0.24942645 -0.3137537 -0.26621848 0.07193444 -0.34123886 -0.42693487 -0.53672546 -0.6801826 3.1075754
-0.5692318 0.16084048 -0.3830584 -0.35327727 -0.446487 -0.20377153 -0.3494506 -0.23150133 3.1354363
-0.08675842 -0.4803482 -0.35242552 -0.1055424 0.178481 -0.03146367 -0.62125325 -0.47774965 3.2226439
-1.3822863 0.3432933 0.80005175 -0.48461926 2.5319345 -0.89875346 0.8108998 -0.8282054 0.0
