1.7142771 -0.21154135 -0.5203958 -0.8123639 2.0869117 0.15664293 -0.5587599 -0.97840476 0.0
-0.5019822 -0.8134643 0.6208312 0.0969132 -0.20833784 0.6635396 2.1987777 0.6298569 0.0
-0.25326467 -0.108330294 0.31016177 -0.4230811 0.20973633 -0.3565505 -0.46818864 -0.5877216 2.3000553
0.1125298 -0.2942899 -0.42223483 -0.41984704 0.36766517 -0.24781285 -0.29699698 -0.38970587 2.1896431
-0.24360748 0.22056223 0.14865498 -0.3170549 -0.26017013 -0.4498715 0.51342136 -0.7067214 1.4505465
-0.17992657 -0.3815844 0.40447313 -0.07712565 1.1142011 -0.080746 0.33231637 0.3571175 0.0
-0.5842215 -0.54957443 -0.26485935 -0.47564158 0.25244322 -0.2820583 -0.45924422 -0.1261007 1.6889523
-0.27270338 -0.30232427 -0.22944736 -0.08174175 -0.15596728 -0.30227232 -0.28028145 -0.3061153 1.715971
-0.39331222 -0.34542572 -0.43005088 -0.34687927 -0.12592281 -0.38799232 -0.19526513 -0.35827845 2.9394135
-0.18721618 -0.6759459 0.2941554 0.26186174 -0.07487513 -0.2653318 0.85921234 1.0835257 0.0
-0.47505474 -0.41109285 -0.4436438 -0.41377422 -0.18236376 -0.23493391 -0.28631443 -0.39164558 2.5633879
-0.38903025 -0.40998578 -0.42331952 -0.4043778 -0.42967916 -0.44494337 -0.49128994 -0.42412275 2.8856566
-0.38412657 -0.54661995 -0.7061934 -0.5556162 -0.44753182 -0.485308 -0.5731053 -0.6710007 2.9435391
0.33333778 0.07251074 0.3433156 0.2672554 -0.33394706 0.009898558 0.35040864 0.50515395 0.0
-0.2843064 -0.60998845 -0.34146598 -0.5538972 -0.16116938 -0.34646973 -0.52654827 -0.58020794 3.195515
-0.6382259 -0.5090372 -0.4881087 -0.6404665 -0.40553904 -0.42810643 -0.3726359 -0.5678578 3.4630892
-0.43363973 -0.705028 -0.50768024 -0.5882668 -0.32918984 -0.6975605 -0.47317034 -0.5686717 3.387351
0.56009185 -0.55740404 -0.034076195 0.020157583 0.6407365 0.45531353 0.050790366 0.28877455 0.0
-0.22490937 -0.46583655 -0.53241277 -0.8164783 -0.22129056 -0.39810643 -0.47849673 -0.8893969 2.89638
-0.39736602 -0.3604415 -0.58243084 -0.8036063 0.06254319 -0.30922708 -0.6052031 -0.7427298 2.903271
-0.1876395 -0.4189975 -0.62649274 -0.8534142 -0.28545657 -0.117200844 -0.4633823 -0.6932124 2.8334217
0.56637347 0.6392586 0.21622294 -0.73085856 0.9015792 0.87195337 0.036696453 -0.7644967 0.0
