0.3486424 -0.80466515 -0.73295814 -0.4427393 3.6445684 -0.86851466 -1.0245589 -0.36993206 0.0
-0.753173 -0.8704735 0.06120035 -0.4660763 -0.21189289 -1.3460051 4.972279 -0.26566318 0.0
0.09836922 -0.5317714 -0.6554091 -0.6484118 -0.5445526 0.20861544 -0.33606932 -0.46958494 3.4327376
-0.2670864 -0.80211586 -0.44052806 -0.11508962 -0.3740754 -0.52075607 -0.5881742 -0.34546205 3.2137094
0.29239205 -0.6630807 -0.62686884 -0.0709084 -0.039215337 0.20884927 0.0006346725 -0.6765775 2.4214997
-1.8028514 -0.7270232 -0.8261545 -0.7911839 5.3980756 -1.3630965 -0.32642186 -0.5635125 0.0
-0.11698172 -0.64761454 0.17871346 -0.22196078 0.30015412 -0.6439704 -0.37966204 -0.3678072 2.3720946
0.106521815 -0.22303845 -0.84420997 -0.2487952 -0.25808185 0.49182045 -0.7048743 -0.8581666 3.0088146
-0.50504535 -0.30513266 -0.7742929 -0.3199875 -0.012261863 -0.3007232 -0.2452512 -0.26410472 2.8829513
-0.5442354 -1.5636419 -0.73154896 -0.4299008 -1.4062974 -0.8665961 4.0360346 0.7913102 0.0
-0.019388722 -0.655014 -0.24606952 0.06354038 0.60968804 -0.79804015 -0.28138238 -0.5512908 2.2543616
-0.007885829 0.4014775 -0.40774056 -0.55783206 0.04184371 -0.42790246 -0.9699394 -0.76253486 3.3444693
-0.2973121 -0.5994678 -0.39094272 -0.4866509 -0.09492818 -0.38084033 -0.37516364 -0.3063768 3.1793776
-0.3307201 -1.2272702 -0.71725047 -0.6972552 -0.6906434 -0.15385072 0.11598782 3.079817 0.0
0.69234717 0.23483992 -0.086095795 -0.64992636 -0.10185187 -0.39712015 -0.4241677 -0.5396554 1.9672923
-0.3664619 -0.43518326 0.071364656 -0.64951444 0.15253927 0.1174182 -0.093692854 -0.95095325 2.7248054
-0.74878305 -0.6012072 -0.26193452 -0.43232775 0.18880114 0.04121965 -0.7271172 -0.45791313 3.5452714
-0.07798011 -1.0193288 0.22597568 0.78620243 0.6273211 -0.52473885 -0.50655353 1.1186363 0.0
-0.31796053 -0.39278054 -0.641977 0.10031057 -0.42974177 -0.55858904 -0.6746096 -0.7611447 3.4770603
-0.67215544 0.069464535 -0.4687296 -0.6663974 -0.5524622 -0.2243365 -0.45014095 -0.2948145 3.4732237
-0.117120676 -0.5821966 -0.3921588 -0.20162529 0.1984639 -0.05256571 -0.2170677 -0.5723448 3.0865383
-1.4594051 0.28941244 0.57742393 -0.38989392 2.7324748 -0.95209384 0.9395903 -0.8871818 0.0
