1.6374068 -0.120421715 -0.39723268 -0.7555592 1.985611 0.27592131 -0.4992087 -0.8902389 0.0
-0.19023223 -0.5619797 0.62213385 0.276799 0.0030382092 0.7676458 1.7541741 0.5784625 0.0
-0.15289456 0.031126317 0.36305746 -0.3015742 0.32875237 -0.19282624 -0.32251415 -0.64057475 1.9255168
0.27504563 -0.14404178 -0.34749755 -0.356146 0.36109853 -0.040834483 -0.11793694 -0.39046067 1.7190675
-0.059672378 0.2975287 0.16917637 -0.2487408 -0.082011394 -0.3403745 0.47838864 -0.6417156 1.2128712
0.047443952 -0.1289625 0.45975482 -0.065929234 0.8620878 0.06663778 0.33116132 0.2152244 0.0
-0.38588524 -0.4357014 -0.31013507 -0.28522283 0.34420535 -0.36617377 -0.32315183 -0.08274457 1.3527653
-0.0025653625 -0.3107869 -0.22748986 0.011823059 -0.13479699 -0.22357203 -0.122896105 -0.32438242 1.3577006
-0.28798985 -0.1581875 -0.29332963 -0.32243082 0.07891231 -0.22470006 0.009087058 -0.22506121 2.2005787
0.020063125 -0.3615844 0.27147904 0.26332754 -0.021314034 -0.0790419 0.69577557 0.8414535 0.0
-0.25146532 -0.22915119 -0.33218223 -0.32767293 -0.08780801 -0.1284554 -0.030447857 -0.38250569 1.9464195
-0.19579919 -0.28594896 -0.2846491 -0.3303618 -0.2909591 -0.26995826 -0.5142914 -0.28094655 2.3854887
-0.26629648 -0.4257049 -0.462022 -0.30024514 -0.39726517 -0.3973734 -0.46877402 -0.53370845 2.3045938
0.47350547 0.19727726 0.26444885 0.34248808 -0.14098412 0.027851647 0.19246562 0.31563672 0.0
-0.18582076 -0.24593988 -0.27207658 -0.4500832 -0.06078076 -0.19915394 -0.43385312 -0.5459282 2.6084645
-0.46469575 -0.33607167 -0.37986153 -0.5247174 -0.22418474 -0.36106694 -0.27897704 -0.5442983 2.9252722
-0.28197235 -0.49770728 -0.45859838 -0.55198854 -0.3534856 -0.6453369 -0.50318754 -0.5025861 2.9866362
0.47087055 -0.28397682 -0.0029230136 -0.13594338 0.71756047 0.67501354 0.039410006 0.08201314 0.0
0.142809 -0.3239584 -0.3410379 -0.7669313 -0.017761746 -0.121541604 -0.4858654 -0.8473622 2.3113751
-0.16534935 -0.2246312 -0.5163306 -0.8401059 0.19988452 -0.24040394 -0.44484773 -0.7816731 2.50537
-0.20516463 -0.16386978 -0.45087102 -0.8014304 -0.06580516 0.12073221 -0.39028543 -0.839642 2.3865728
0.5091297 0.67089164 0.38128448 -0.576112 0.7428317 0.91827404 -0.03730216 -0.5688781 0.0
