0.5888658 -0.66806966 -0.6670895 -0.5947687 3.6132047 -0.8081393 -0.830333 -0.62059873 0.0
-1.1381053 -1.3208046 -0.46480757 -0.53054756 -0.89820474 -1.2237841 5.692896 -0.45787737 0.0
-0.15437272 -0.8090894 -0.64958745 -0.7621869 -0.43690267 0.049882606 -0.40764064 -0.80259424 3.702925
-0.08904784 -0.6908279 0.11637073 -0.6355739 -0.06500961 -0.61027855 -0.30850887 -0.3371809 2.7374258
0.11277433 -0.9492592 -0.7424124 -0.24122398 -0.4857234 -0.32827467 0.20133267 -0.5873739 2.7606192
-1.6851337 -0.9853293 -0.802904 -1.0052664 5.192502 -1.1696597 -0.44228327 -1.0192044 0.0
-0.40987632 -0.7675983 -0.13285649 -0.03309085 -0.2083739 -0.35143235 -0.55024564 -0.5388348 2.8401256
-0.14555499 -0.07178762 -0.45940447 -0.7072303 -0.28328568 0.28508854 -0.74807143 -0.922455 3.042127
-0.40218142 -0.42410573 -0.4640327 0.23123719 -0.25829044 -0.6858964 -0.013747684 -0.53094244 2.7969823
-1.006494 -1.2273281 -0.82583153 -0.075195484 -1.3509531 -0.7263896 3.043904 1.6019024 0.0
-0.36789498 -0.46195197 0.13832724 -0.329825 -0.29267594 -0.46102178 -0.5039963 -0.44638598 2.8094258
-0.31845573 -0.053639017 -0.62764823 -0.7330089 0.065908395 -0.5033632 -0.32322863 -0.100513496 3.05493
-0.093273446 -0.22080329 -0.69195455 -0.5901933 -0.5588361 -0.2007509 -0.48749727 -0.07341598 3.1570857
-0.016880058 -1.257096 -0.5950453 0.079416245 -1.0234002 -0.1993696 0.1741267 2.5861006 0.0
0.5514492 0.31910527 -0.40619406 -0.4818545 0.020213502 -0.9178996 -0.16164507 -0.2755233 2.0416236
-0.253595 -0.61753273 -0.1853371 -0.47554645 0.34865314 0.11133043 -0.18490978 -0.70227444 2.2747245
-0.6859722 -0.8262333 -0.29701337 -0.15327449 0.50783587 -0.66637903 -0.7952725 -0.6521958 3.5913436
-0.28733215 -1.0138166 0.14199562 0.031075908 1.0571135 -0.5332091 -0.4017328 1.2468792 0.0
-0.36052606 -0.37453353 -0.9006929 0.025656192 -0.8760177 -0.25893375 -0.6787452 -0.46397772 3.3038805
-0.8033885 0.12073416 -0.26472133 -0.75907314 -0.45415398 0.35169253 -0.10632482 -0.50534403 2.8470395
-0.48543775 -0.5595377 -1.0007445 -0.58063966 -0.2112538 -0.06633737 -0.533276 -0.4389261 3.7627206
-1.4528546 0.31709746 0.16952199 -0.4222897 3.1746395 -0.5967797 0.5035104 -0.9650454 0.0
