1.031081 1.0838196 0.5472814 0.5570789 0.88238233 0.7754292 0.6428166 0.5870523 0.0
0.77352303 0.6155347 0.899041 0.5797348 0.7450354 0.9207685 0.8257845 0.6711381 0.0
0.6420819 0.57956845 0.67125654 0.6138967 0.63083047 0.614641 0.60470057 0.54496676 0.8748438
0.6109254 0.6307367 0.5732539 0.5947764 0.5832834 0.6218029 0.5975147 0.5965809 0.8239383
0.6479819 0.5924186 0.64601284 0.5823296 0.60462046 0.5838188 0.5890025 0.5737614 0.8098516
0.6033166 0.59388727 0.686905 0.5990082 0.83547145 0.72494686 0.6747974 0.60239947 0.0
0.5790621 0.57676417 0.5831767 0.5967675 0.63065624 0.5713289 0.57438135 0.5783839 0.6810192
0.59840035 0.57943183 0.61097187 0.5837885 0.56994736 0.5800095 0.5807244 0.579457 0.6268446
0.5763148 0.58506465 0.6104652 0.60248244 0.59370154 0.56956154 0.5974837 0.5614906 0.67146
0.633091 0.6385385 0.7700376 0.60134876 0.5917513 0.60960096 0.6655283 0.67871964 0.0
0.59313244 0.5954177 0.55950606 0.59081525 0.61348134 0.5675021 0.58450097 0.57384527 0.72594804
0.58529407 0.56791085 0.6039722 0.5724304 0.5943125 0.5834853 0.5760097 0.58876085 0.73667204
0.622415 0.58561486 0.5774888 0.588379 0.56907 0.577686 0.5875081 0.56349975 0.7382265
0.6630589 0.62600744 0.57751024 0.63138235 0.6797579 0.63076955 0.79370147 0.6233087 0.0
0.60158145 0.59573716 0.5968603 0.55910885 0.57067907 0.6000435 0.5878589 0.5619824 0.7125474
0.56682974 0.5835382 0.5881009 0.56040704 0.59363234 0.59559304 0.60526234 0.55838686 0.843833
0.5804916 0.58096427 0.578986 0.5742697 0.5776413 0.5803675 0.5825134 0.5770051 0.8965643
0.59531826 0.6256143 0.5911902 0.6163958 0.76819956 0.68904656 0.6356183 0.583235 0.0
0.58507025 0.61266136 0.5646988 0.5652299 0.6035324 0.5899108 0.5776866 0.56415355 0.8749197
0.57457846 0.60712606 0.58490545 0.56104344 0.6468013 0.5988576 0.5565771 0.5596594 0.89445126
0.59588397 0.5964514 0.57745194 0.55726135 0.5888086 0.5991551 0.5830126 0.5577698 0.8753543
0.5693448 0.719942 0.7001197 0.55720425 0.59729207 0.757649 0.6288423 0.5609186 0.0
