0.95749265 -1.0234524 -0.5715886 -1.1350584 3.416683 -0.4139844 -0.8971425 -0.8774618 0.0
-1.0548539 -1.2544495 -0.39946967 -0.6368954 -0.7063188 -0.32579944 4.5124106 -0.41969833 0.0
-0.37008938 -0.28818023 -0.30791184 -0.22094074 -0.47918874 -0.3061163 -0.22197738 -0.2861943 2.741079
-0.42163748 -0.43937624 -0.113307826 -0.4016018 0.01138881 -0.4428413 -0.65204763 -0.41533232 2.8959968
-0.34119594 -0.3131694 -0.12560834 -0.7014519 -0.45089567 -0.42343327 0.043049946 -0.7850676 2.7901113
-1.0019337 -1.0182712 -0.1256523 -0.43092468 2.9180605 -0.57175785 -0.35975176 0.06037803 0.0
-0.2478379 -0.86906075 -0.1522176 -0.40530622 -0.100926615 -0.44912755 -0.37287542 -0.22450277 2.6412218
-0.31342807 -0.24162869 -0.5985583 -0.37328932 -0.33073118 -0.19783357 -0.34639433 -0.30935845 2.7313128
-0.18686925 -0.51159996 -0.41515702 -0.425715 -0.4956573 0.0048969085 -0.34763908 -0.36872602 2.9908779
-1.0860158 -1.0262594 -0.2842582 -0.12720853 -0.73236376 -0.8694082 2.4246502 1.503099 0.0
-0.59528434 -0.52105254 -0.48598194 -0.4156128 -0.09288579 -0.27056703 -0.35661805 -0.37527213 3.190989
-0.4498367 -0.37247056 -0.5212362 -0.38505542 -0.49914497 -0.28691503 -0.39501494 -0.01153994 3.0440576
-0.26216358 -0.2779483 -0.4468245 -0.4271889 -0.25971702 -0.276811 -0.5650827 -0.30468494 3.042633
0.3439992 -0.62880504 0.17538519 0.60480833 -1.133213 -0.5127364 0.37584242 1.2381059 0.0
-0.30004427 -0.4181969 -0.34910163 -0.4593706 -0.27046782 -0.42996275 -0.35481694 -0.3342326 3.0653834
-0.2454367 -0.38008595 -0.46087962 -0.5039431 -0.27288187 -0.3418597 -0.32090807 -0.11189494 2.9867346
-0.52362525 -0.47231415 -0.6885843 -0.2849458 -0.06303874 -0.37679902 -0.48593876 -0.34155706 3.305284
0.34538746 -1.1076511 -0.20790763 0.28882945 0.6788661 -0.0704051 0.04717797 0.6377748 0.0
-0.3725879 -0.56955165 -0.59334344 -0.53743607 -0.10681485 -0.37317008 -0.23068792 -0.5840471 3.2673128
-0.30537778 -0.43188944 -0.50236183 -0.30330163 -0.3331435 -0.30777735 -0.49281162 -0.49490044 3.212549
-0.47913155 -0.337102 -0.31343457 -0.58259344 -0.41054 -0.31944475 -0.30184755 -0.4756833 3.1835942
-0.30464652 0.12181997 -0.60069317 -1.0563798 3.7017877 -0.4070049 -0.7072621 -1.1458393 0.0
