0.30909625 -0.8484706 -0.8109297 -0.5443202 4.179474 -1.1827763 -0.91579854 -0.71290356 0.0
-0.9516167 -1.0840292 -0.32764378 -0.55821604 -0.68075025 -1.102882 5.37519 -0.36687765 0.0
-0.10827332 -0.6935908 -0.7803583 -0.847443 -0.33279425 0.20541638 -0.15590627 -0.62585 3.436817
0.058109853 -0.66926247 -0.44581404 -0.49075693 -0.1272987 -0.3449274 -0.46428338 -0.0044659115 2.8101804
0.023141999 -0.86118144 -0.41139755 -0.5088535 -0.5441084 -0.27329206 -0.022434842 -0.65725905 3.0686874
-1.8937169 -0.84158146 -0.9350589 -0.91345805 5.513316 -1.3472644 -0.39219016 -0.74579394 0.0
-0.4534815 -0.35999876 -0.021412358 0.13631749 -0.085304685 -0.8505763 -0.25361553 -0.5901556 2.6985357
0.22143875 -0.2659156 -0.74691224 -0.48083457 -0.18960859 0.41747615 -0.93810654 -0.6407955 2.8566394
-0.75949 -0.43991065 -0.569751 -0.08498327 0.0021047974 -0.37070477 0.008279277 -0.5460842 2.923916
-0.2831528 -1.6246909 -0.844102 -0.446834 -1.4967926 -0.95377386 3.694804 1.2055092 0.0
0.15011917 -0.6663958 -0.07073596 0.22044316 0.26581743 -0.5742232 -0.32450557 -0.6006083 2.1051035
-0.00676185 0.43575528 -0.23506624 -0.76461685 -0.059931442 -0.2207817 -0.6006694 -0.7777711 3.0434666
-0.17300873 -0.7340121 -0.36547342 -0.60051244 -0.097709864 -0.003072349 -0.43409932 -0.24557179 2.9476838
-0.30585048 -1.2455069 -0.44125447 -0.34496757 -0.74467933 -0.1368308 -0.064131185 2.9494033 0.0
0.5885409 0.36485693 -0.09935837 -0.7382374 0.01838146 -0.66827726 -0.28719085 -0.3628738 1.8620521
-0.41284618 -0.6538711 -0.1285617 -0.763913 -0.054785337 0.05403073 -0.0013167053 -1.0120327 2.9800458
-0.8935515 -0.73025185 -0.14049794 -0.45190275 0.620823 -0.12863375 -0.8355769 -0.4448592 3.402171
0.22480294 -1.0883039 0.03686473 0.39060143 0.8982205 -0.51691705 -0.40349513 0.99134004 0.0
-0.26817656 -0.5223876 -0.9649808 0.18815342 -0.34290427 -0.5666868 -0.7002798 -0.6338953 3.346774
-0.8243698 0.008816133 -0.43620884 -0.8724063 -0.37035215 -0.20753087 -0.4013647 -0.36276144 3.509102
-0.29999268 -0.48215282 -0.832753 -0.4686301 0.05492638 0.0015385709 -0.48389468 -0.68566686 3.58504
-1.6150765 0.59247595 0.60228205 -0.13845663 2.6976657 -1.0237125 0.7342575 -0.9982088 0.0
