0.3331086 -0.6101266 -0.8382036 -0.5661814 3.989108 -1.2027241 -0.782024 -0.6030794 0.0
-1.0276258 -1.1650772 -0.37382287 -0.5003401 -0.78748256 -1.1593229 5.488102 -0.40857473 0.0
-0.12720715 -0.75586617 -0.75202614 -0.7253539 -0.34672022 0.13050534 -0.18236314 -0.68680537 3.4719276
0.12340456 -0.5542532 -0.39044115 -0.58579904 0.156457 -0.5187627 -0.5553929 0.27972093 2.543455
-0.024119925 -0.9520263 -0.5009211 -0.53721225 -0.29530802 -0.36191607 0.098759964 -0.6456241 3.0130188
-1.9245619 -0.8830339 -0.9688192 -0.95762837 5.576255 -1.3635554 -0.41687307 -0.9191066 0.0
-0.52471703 -0.5821662 -0.16937652 -0.19578022 -0.11023836 -0.8564766 -0.1038793 -0.5603356 2.9588225
0.3511383 -0.13714094 -0.49819767 -0.6459026 -0.43764684 0.30447158 -0.84883285 -0.71376115 2.7617629
-0.55272555 -0.42855322 -0.47971863 -0.08398964 -0.22754276 -0.3244862 -0.13345107 -0.38913706 2.866253
-0.47621235 -1.3858324 -0.9533556 -0.31286636 -1.5334162 -0.68351215 3.3268614 1.4242628 0.0
-0.046914425 -0.6516178 -0.016367748 -0.2012069 0.08757635 -0.45312047 -0.2162096 -0.7224933 2.5111048
-0.21957843 0.28206673 -0.44385722 -0.59399223 -0.19214003 -0.30569628 -0.54919297 -0.6089951 3.1246462
0.022795953 -0.5649789 -0.19022124 -0.55384815 -0.33359692 -0.10355568 -0.5367508 -0.4939517 3.010605
-0.09727108 -1.2719485 -0.58588046 -0.34872392 -0.6363348 -0.076520704 0.03402962 2.7450287 0.0
0.65973276 0.2736544 -0.47888404 -0.7769746 -0.22888492 -0.7094467 -0.2975022 -0.45634907 2.3996356
-0.42520738 -0.82767624 -0.14976548 -0.4291851 -0.08435218 -0.053197056 -0.080404 -0.7996602 2.8011713
-0.80114555 -0.77342886 -0.15806769 -0.110708565 0.66626084 -0.45267352 -0.8779761 -0.5356246 3.3936067
-0.05150973 -1.1158803 0.12388336 0.05839821 1.0672537 -0.47001326 -0.4002581 1.0868894 0.0
-0.17029642 -0.35945982 -1.0900363 -0.045632623 -0.67098457 -0.6126194 -0.7599418 -0.5326325 3.4969938
-0.6404645 0.034147248 -0.39200386 -0.9391044 -0.5419371 -0.06769368 -0.45416024 -0.382899 3.3649879
-0.37913528 -0.523175 -0.9595019 -0.48139575 0.059137616 0.08259886 -0.6168048 -0.7156384 3.8129566
-1.6518937 0.65306133 0.24015713 -0.11485859 2.8784766 -0.767735 0.611945 -1.0151073 0.0
