0.31876978 -0.7136439 -0.8161559 -0.54826003 4.131412 -1.1868715 -0.955176 -0.71526235 0.0
-0.96589464 -1.0992823 -0.33580673 -0.5662163 -0.6982743 -1.1136011 5.405109 -0.37448266 0.0
-0.111147135 -0.70763886 -0.79092026 -0.86192393 -0.3390704 0.18747097 -0.13934804 -0.6374932 3.4522214
0.05903378 -0.6627969 -0.44911546 -0.53254986 -0.09976759 -0.3370889 -0.491958 0.13159978 2.7815506
0.022448994 -0.8753716 -0.41855896 -0.5077721 -0.55431384 -0.27168626 0.053847983 -0.67151654 3.0215392
-1.8996469 -0.84946007 -0.9424695 -0.9218561 5.52426 -1.351454 -0.39684987 -0.7592307 0.0
-0.46562964 -0.38602117 -0.054919876 0.13592619 -0.08716899 -0.837871 -0.25506568 -0.5977065 2.7309725
0.15044107 -0.34797603 -0.65618455 -0.3789315 -0.18427265 0.22163938 -0.789638 -0.6512544 2.861718
-0.74718755 -0.39165598 -0.5820395 -0.085910864 0.03915183 -0.36893165 0.0013520919 -0.56985927 2.8978243
-0.3357291 -1.6286328 -0.85312325 -0.44708413 -1.5027516 -0.9561699 3.6803522 1.2569028 0.0
0.14507347 -0.59724385 -0.07272704 0.20507917 0.25159574 -0.49441916 -0.34237182 -0.61517817 2.093308
-0.027592277 0.44241583 -0.26520097 -0.78098726 -0.074036 -0.22696221 -0.5876367 -0.6612908 2.97937
-0.12911345 -0.74434435 -0.3678093 -0.60612535 -0.09871282 -0.0021081641 -0.44196692 -0.38850927 3.0002627
-0.3115308 -1.2506125 -0.44722924 -0.3532335 -0.7300937 -0.1410402 0.0045588627 2.9277625 0.0
0.5974028 0.24433693 -0.29995736 -0.6917278 0.018991513 -0.6771429 -0.29140946 -0.39343998 2.0674243
-0.41201076 -0.6681769 -0.110301286 -0.650389 -0.048268415 0.053775482 0.0748698 -0.88095236 2.812038
-0.91671515 -0.73366976 -0.1442018 -0.2663826 0.622508 -0.13166988 -0.84370005 -0.46115828 3.3419623
0.36849254 -1.0950832 0.078509144 0.26076314 0.89431244 -0.52769643 -0.47363856 0.9900685 0.0
-0.1492353 -0.5306341 -0.9239289 0.076067716 -0.49696118 -0.58091074 -0.71760166 -0.645497 3.4401522
-0.75966877 0.009679236 -0.36173344 -0.88875693 -0.38151857 -0.20946412 -0.40759856 -0.36805525 3.4748342
-0.31318164 -0.50186217 -0.85709745 -0.48416516 -0.18183929 0.0015999323 -0.50922114 -0.69113356 3.7950811
-1.6222836 0.59560454 0.5084125 -0.13900779 2.762204 -1.0283762 0.70446545 -1.0041268 0.0
