0.29688245 -0.82045335 -0.75604886 -0.4582414 3.963404 -0.8729157 -1.0937874 -0.68040323 0.0
-0.8092978 -0.931187 -0.25311464 -0.49252734 -0.51641065 -1.3560119 5.5225654 -0.29337832 0.0
0.10158228 -0.57025117 -0.6918708 -0.7050737 -0.5569358 0.22136526 -0.34542453 -0.51329523 3.4811199
-0.17666216 -0.85102934 -0.4396441 -0.117066786 -0.405198 -0.53812826 -0.60263735 -0.34898248 3.2366903
0.18810548 -0.7213111 -0.33540514 -0.22940159 -0.16218925 -0.06574204 0.0005217642 -0.72109437 2.5855825
-1.8302975 -0.76046115 -0.8582303 -0.8269073 5.449173 -1.3829066 -0.3455734 -0.6142048 0.0
-0.11876734 -0.68228024 0.1691353 -0.22673589 0.3542948 -0.704246 -0.37955895 -0.626906 2.5853746
0.1108114 -0.22770646 -0.85741925 -0.26148725 -0.25506714 0.52609867 -0.74014974 -0.86560625 3.0178394
-0.53703165 -0.32400742 -0.72317296 -0.5030517 0.009057051 -0.31573394 -0.25226507 -0.27288195 3.016881
-0.26316094 -1.5821528 -0.7644165 -0.4340697 -1.4335079 -0.8771729 3.921653 0.7954911 0.0
-0.08946683 -0.6976562 -0.13960642 -0.05305249 0.62844527 -0.77489746 -0.32190534 -0.5966242 2.3542554
-0.009726508 0.4263708 -0.426671 -0.6304796 0.044715438 -0.4490264 -0.76381236 -0.78500473 3.2432957
-0.31199726 -0.6420223 -0.41346523 -0.5190536 -0.10452744 -0.39047715 -0.41068313 -0.29077682 3.2233331
-0.38349214 -1.2677537 -0.68332666 -0.70224315 -0.70645744 -0.15639375 0.116088256 3.0799444 0.0
0.7095652 0.26104638 0.16101289 -0.7012998 -0.105849564 -0.41711953 -0.43848518 -0.5533321 1.7801563
-0.3815321 -0.48765978 0.0756544 -0.74254584 -0.044261854 -0.056225054 -0.060531143 -0.9657384 2.885568
-0.81237566 -0.64298 -0.29183295 -0.46814537 0.19483411 0.04553632 -0.76184887 -0.30287334 3.59774
-0.07859045 -1.0532811 0.2261127 0.7771655 0.61214626 -0.5765692 -0.49726552 1.1931831 0.0
-0.3529561 -0.42878407 -0.7286621 0.11202545 -0.46964866 -0.41955656 -0.73726285 -0.79544705 3.5192804
-0.7169596 0.07727206 -0.5051248 -0.7271476 -0.5909186 -0.17882492 -0.5124761 -0.32383117 3.5335748
-0.1656937 -0.62834424 -0.70526433 -0.26198292 0.27113205 -0.06322672 -0.2777791 -0.61394894 3.3055377
-1.4905192 0.53454 0.30894852 -0.5479301 2.950314 -0.97365457 0.8166054 -0.9112492 0.0
