0.3244286 -1.0975556 -0.46034136 -0.8754129 4.1986046 -0.7742459 -1.2477969 -0.9208511 0.0
-1.4399763 -0.9174603 -0.66998583 -0.89941645 -1.1078818 -0.68540287 5.496348 -0.5512374 0.0
0.11800571 -0.4908344 -0.5661309 -0.421307 -0.15942591 -0.28356668 -0.36038846 -0.57375693 2.7615535
-0.29581273 -0.30399555 -0.15818623 -0.5089993 -0.30799526 -0.29056904 -0.45417893 -0.5498534 2.8590012
-0.005599472 -0.14435484 -0.3282616 -0.4633319 -0.061872404 -0.5014512 -0.15042058 -0.51345307 2.4096618
-1.2555158 -0.5014615 -0.69215953 -0.47802994 4.1189117 -0.90080243 -0.74223447 -0.8162168 0.0
0.0969193 -0.5776552 -0.26197338 -0.41046226 0.0140169 -0.48924762 -0.20524514 -0.5716878 2.4871383
-0.38086167 -0.24282634 -0.4783053 -0.99178475 -0.040315557 -0.2034133 -0.26608613 -0.4547944 2.914638
-0.4179484 -0.4538197 -0.42315623 -0.22138901 -0.0691641 -0.33590907 -0.17679748 -0.18330206 2.6193717
-0.95673203 -0.9727112 -0.5035437 -0.41857186 -1.1216375 -0.8146746 2.6024344 1.7427131 0.0
-0.42137074 -0.32212624 -0.13850397 -0.3715642 -0.35460767 -0.24638985 -0.4000632 0.0031720502 2.6612585
-0.024281213 -0.01708767 -0.48012528 -0.35143763 -0.2200396 -0.34071445 -0.5191763 -0.17908265 2.6481743
-0.27603546 -0.35545996 -0.46216664 -0.24087895 -0.6316482 -0.5518257 -0.12560213 -0.48717237 3.208251
-0.14859302 -1.1882764 0.047674805 0.3340073 -1.2628044 -0.6346878 0.53631437 2.100875 0.0
-0.3584027 -0.34513444 -0.61062557 -0.6283168 -0.23769084 -0.09264421 -0.30013204 -0.52477634 3.157268
-0.2805761 -0.5352315 -0.49251172 -0.32754034 -0.34226835 0.08033134 -0.18777244 -0.49010283 2.7779617
-0.22031544 -0.5404138 -0.15336563 -0.474247 -0.24296923 -0.4072952 -0.28711185 -0.2921095 3.0055382
-0.23040509 -1.3814187 -0.067086175 0.015390977 1.4479227 -0.4334444 -0.2025118 0.97530603 0.0
-0.4668789 -0.055095546 -0.5073449 -0.5627104 -0.24564804 -0.49535647 -0.35774386 -0.8918531 3.3713481
-0.38592374 -0.3191579 -0.30685282 -0.5447468 -0.46092382 -0.08748246 -0.3161702 -0.6444245 3.1705256
-0.48885745 -0.2822708 -0.73684204 -0.60436434 -0.1355504 -0.3207124 -0.4940976 -0.3073057 3.2505012
-0.58656025 0.3174497 -0.61421454 -0.97305685 3.729089 -0.36719948 -0.7295314 -0.93473166 0.0
