0.3042191 -0.84417385 -0.7913745 -0.52960676 4.247058 -1.1673453 -1.127078 -0.70236105 0.0
-0.8992626 -1.0279783 -0.29940954 -0.5340572 -0.61822164 -1.3614548 5.5720897 -0.33932266 0.0
0.11459788 -0.63188976 -0.7490553 -0.7934084 -0.30688998 0.14044002 -0.36673337 -0.5835104 3.4187644
-0.1885966 -0.8895162 -0.16554762 -0.11905458 -0.4173323 -0.28487355 -0.4586525 -0.055772897 2.775779
0.02173124 -0.8092057 -0.3628917 -0.33112025 -0.44773376 -0.059118986 -0.024429692 -0.5331909 2.840769
-1.8713161 -0.8123054 -0.9075432 -0.8822398 5.5081706 -1.3868597 -0.37497726 -0.69690204 0.0
-0.4303443 -0.4152791 0.025109163 0.07214204 0.23839597 -0.7907926 -0.2067152 -0.6795825 2.5727577
0.1479339 -0.22889307 -0.7153383 -0.49859864 -0.15195517 0.4231009 -0.84114504 -0.60045195 2.8094933
-0.58757526 -0.252401 -0.7683413 -0.16721085 0.009759297 -0.32750967 -0.26868823 -0.2882413 2.826957
-0.31019017 -1.609704 -0.81531215 -0.44541404 -1.4743776 -0.89292395 3.924949 0.83839226 0.0
-0.0093419235 -0.87901455 -0.03341026 0.1951679 0.31713563 -0.818993 -0.3842015 -0.38078293 2.2729342
-0.0063159424 0.4042865 -0.4486428 -0.71911496 -0.10300296 -0.19890478 -0.80075336 -0.8158719 3.2756903
-0.07689392 -0.70170814 -0.3977655 -0.5709795 -0.054086592 -0.31347698 -0.40360594 -0.10969417 3.0230658
-0.11497926 -1.3294634 -0.44086322 -0.41398057 -0.75965047 -0.13610227 0.11986451 2.7567565 0.0
0.50753087 0.44830284 -0.1246776 -0.7860373 -0.115771964 -0.41710687 -0.35475028 -0.5732086 2.0718324
-0.4046811 -0.57928413 -0.007895311 -0.7763512 -0.051837947 -0.22490999 -0.023280736 -0.98780954 3.0023568
-0.9138036 -0.6926816 -0.19856976 -0.52603287 0.47880882 0.048818573 -0.8157571 -0.39101148 3.4619586
0.010663649 -1.1067114 0.044870093 0.7500592 0.67914855 -0.5131329 -0.4596611 1.0973295 0.0
-0.411894 -0.48762664 -0.8773858 0.19225107 -0.47449255 -0.50996625 -0.8137989 -0.59073967 3.43599
-0.7881248 -0.005563596 -0.36975753 -0.81296724 -0.5678543 -0.26226223 -0.58330864 -0.36866036 3.6348257
-0.2264736 -0.41145754 -0.74641347 -0.38439175 0.14116696 -0.02451086 -0.39879566 -0.67741555 3.4340835
-1.5940723 0.61213124 0.45055145 -0.5100833 2.9229703 -1.0061667 0.69763225 -0.95578057 0.0
