1.8424821 -0.49398944 -0.5150651 -0.8504633 2.0497797 0.0886041 -0.59453976 -0.9653997 0.0
-0.8223063 -1.1336702 0.23276009 -0.1831381 -0.6305092 0.29374772 3.1443105 0.49176115 0.0
-0.573748 -0.4221656 -0.15438294 -0.4962495 -0.1120159 -0.4717793 -0.44193256 -0.47236463 3.1927888
-0.07834233 -0.2776084 -0.43869045 -0.5604957 -0.02709523 -0.40870878 -0.5260243 -0.471801 2.9168108
-0.41431555 -0.12437908 -0.29694104 -0.47250435 -0.37781313 -0.60232836 0.23217574 -0.43333846 2.3728905
-0.6402131 -0.693961 0.16356802 -0.12624666 1.6912516 -0.4731624 0.1905706 0.5871292 0.0
-0.507097 -0.65566427 -0.5791808 -0.54051185 -0.03492424 -0.5264925 -0.48444805 -0.2731669 2.5486038
-0.42214066 -0.44672573 -0.56405073 -0.41085762 -0.40696296 -0.5698109 -0.3207958 -0.1961441 2.7860613
-0.3381134 -0.46185085 -0.43523142 -0.39256737 -0.34982607 -0.30023354 -0.33119372 -0.38808337 3.2028737
-0.6473898 -0.92033184 -0.09930567 0.34343362 -0.34366167 -0.81242836 1.6646479 1.3528492 0.0
-0.55100566 -0.4603899 -0.39191225 -0.41451314 -0.40052232 -0.40128687 -0.42783296 -0.503462 3.1459122
-0.46497554 -0.38484257 -0.5390304 -0.38966727 -0.47322074 -0.5043801 -0.4880358 -0.4229295 3.284899
-0.589936 -0.49408695 -0.53196305 -0.44413453 -0.486236 -0.32845896 -0.4836516 -0.4427332 3.2248917
0.7325673 -0.07731543 -0.19335735 0.56197757 -0.8233961 -0.44284266 0.3628269 0.9121006 0.0
-0.45467377 -0.46579787 -0.37961105 -0.50780183 -0.33635163 -0.42895 -0.2726359 -0.4671733 3.3526156
-0.61434805 -0.4332675 -0.3479839 -0.45787266 -0.36118957 -0.4315528 -0.43549284 -0.41394156 3.4333906
-0.4918831 -0.5552356 -0.50610507 -0.5276811 -0.2954718 -0.517854 -0.4403074 -0.39885214 3.5117576
0.8593245 -0.60308456 -0.17993146 -0.23532541 0.7283073 0.19796926 -0.021834083 0.19643731 0.0
-0.32767993 -0.5548217 -0.5421275 -0.7299428 -0.33497068 -0.3278289 -0.30121836 -0.6342466 3.2533882
-0.45540166 -0.55285746 -0.5586026 -0.5443305 -0.23897502 -0.41458008 -0.56304485 -0.5563759 3.3965693
-0.43376252 -0.4986428 -0.587118 -0.6610718 -0.4079278 -0.35747355 -0.373567 -0.54049057 3.3131993
0.30814582 0.49505013 -0.16624273 -0.8413502 1.2754947 1.2387118 -0.52305496 -0.757138 0.0
