1.128416 0.91775566 0.82090366 0.8279226 0.8245319 0.8256367 0.8252225 0.8197288 0.0
0.8314502 0.8231709 1.104906 0.8217601 0.8206891 0.8573185 0.84004694 0.82204056 0.0
0.83293295 0.82488066 0.82003653 0.82323706 0.8266235 0.8212049 0.8317104 0.8193021 0.8554924
0.82928365 0.8275111 0.82217103 0.8223829 0.8241126 0.823338 0.8277636 0.8231963 0.83760667
0.8245325 0.83200043 0.8265222 0.8216049 0.82220465 0.82029784 0.8210963 0.82132155 0.841497
0.8209094 0.8328464 0.82163244 0.82519996 0.83471525 0.8498847 0.82198185 0.8274306 0.0
0.8230942 0.8211671 0.82162076 0.8228359 0.8240904 0.82326585 0.82119435 0.8227288 0.8262794
0.82572484 0.81995505 0.8229311 0.82056844 0.82397944 0.82231474 0.82349515 0.82110125 0.8255912
0.8217506 0.8232257 0.82294255 0.82307464 0.8233355 0.8205696 0.8215816 0.82186246 0.8270053
0.82904196 0.8255392 0.828827 0.82832944 0.8315072 0.82694805 0.8267398 0.8240644 0.0
0.822342 0.8209382 0.8207084 0.82411814 0.8222696 0.8227833 0.8220052 0.8227522 0.8317593
0.8239978 0.82141167 0.82299787 0.8214247 0.82165784 0.82337755 0.82174814 0.820979 0.83283824
0.82228947 0.82376325 0.8229271 0.8220092 0.8212304 0.8209745 0.8222311 0.8212937 0.8336899
0.8420662 0.8297197 0.8292671 0.8222953 0.83649105 0.8269586 0.8343439 0.8238831 0.0
0.82239926 0.8227765 0.8232588 0.8215374 0.8224091 0.8232861 0.821977 0.8202715 0.82700384
0.8194149 0.82248163 0.8234566 0.82177055 0.82244384 0.82233936 0.823506 0.82209885 0.8330168
0.82285 0.82172906 0.8235549 0.82180434 0.82200444 0.82292056 0.8222247 0.81985205 0.8410318
0.83035433 0.8324009 0.8309853 0.82269335 0.82426155 0.826657 0.8292388 0.824681 0.0
0.8215568 0.82331395 0.82179093 0.8210548 0.8235564 0.8231135 0.8222773 0.820937 0.83524835
0.82255006 0.8254629 0.82100964 0.8204916 0.82474893 0.821889 0.82302815 0.8204737 0.8411522
0.82182163 0.82317185 0.8224544 0.82100755 0.82445824 0.8221811 0.8214297 0.8212541 0.8349147
0.8310981 0.8362324 0.82694674 0.820286 0.82152855 0.8299865 0.8272394 0.8208397 0.0
