0.29838285 -1.0346642 -0.58039653 -0.7396389 4.148669 -0.8941088 -0.86232156 -0.9258777 0.0
-1.2093992 -1.1396087 -0.51496726 -0.7361297 -1.0966907 -0.88541466 5.4276543 -0.3717846 0.0
0.4469227 -0.74031806 -0.26732686 -0.8010838 -0.4237416 -0.29290056 -0.18898405 -0.68508506 2.96457
-0.25849423 -0.6473483 -0.026451496 -0.41043717 -0.16805051 -0.23868732 -0.3069334 -0.3126243 2.6467633
0.15381806 -0.15981452 -0.7684526 -0.5921708 -0.4405455 -0.33362234 -0.00086290285 -0.9505609 2.8821733
-1.5649256 -0.68468666 -0.60611033 -0.43084022 4.5074306 -1.1126826 -0.5699225 -1.0337468 0.0
0.04624147 -0.8166434 -0.07298447 -0.21941416 -0.20232499 -0.3747338 -0.7703609 -0.55127674 2.7555737
-0.10416511 -0.62546134 -0.55121905 -0.5732743 -0.13912179 0.22022322 -0.5112774 -0.78949124 2.8475869
-0.5543814 -0.52780074 -0.608189 -0.13451272 0.4557997 -0.44164217 -0.4832213 -0.7053704 2.9364371
-1.203992 -0.8110762 -0.5903272 -0.10461304 -1.1683044 -0.5250509 2.3013961 1.9895694 0.0
-0.46111944 -0.40138394 -0.30867127 -0.20023614 -0.30062675 -0.4932798 -0.23479973 -0.28705606 2.80988
0.01592368 -0.46582356 -0.08196971 -0.73881423 -0.19757348 -0.18977785 -0.5184427 -0.4840252 2.9470448
-0.11963382 -0.42064598 -0.631889 -0.24931286 -0.29708922 -0.22717544 -0.18994704 -0.40500155 2.977527
-0.66045207 -1.0145957 -0.16257967 0.6139966 -1.35904 -0.655444 0.8601989 2.0956604 0.0
0.40502048 -0.44674903 -0.3162385 -0.4390541 -0.044452403 -0.35656154 -0.25450936 -0.53834313 2.5526264
-0.11617075 -0.27630407 -0.45633948 -0.3531251 -0.024767537 0.086190015 -0.050079845 -0.6082019 2.336311
-0.40854555 -0.23623227 -0.4584771 -0.43781304 -0.028398499 -0.67252594 -0.38784555 -0.4597974 3.2342262
-0.3891924 -1.1410496 0.19900227 0.47280535 1.1834731 -0.66216797 -0.2199004 0.85143805 0.0
-0.48883292 -0.12998316 -0.45352665 -0.07526518 -0.39652666 -0.3356588 -0.4916219 -0.6851934 3.038695
-0.37394726 -0.15965824 -0.17457354 -0.450721 -0.38583666 -0.0036220711 -0.13599867 -0.75264704 2.9691126
-0.3829313 -0.08757898 -0.8102827 -0.56298447 -0.33294567 -0.41574252 -0.73869324 -0.31182775 3.4282765
-1.0761483 0.30415034 -0.52625555 -1.2512095 3.9153538 -0.3806742 -0.45975494 -1.017753 0.0
