0.74125004 -1.1675926 -0.24341597 -1.0908207 3.7618082 -0.79756445 -0.958274 -0.8605411 0.0
-0.9123448 -0.52343166 -0.58563733 -0.7398181 -1.101201 -0.70575535 4.9464784 -0.48417252 0.0
0.12907441 -0.25740415 -0.15286765 -0.51986367 -0.2850372 -0.028167438 -0.3046668 -0.41454706 2.3343022
-0.1363387 -0.38052228 0.012904336 -0.4092135 -0.15128995 -0.41197008 -0.2740324 -0.29356888 2.4685113
-0.194941 -0.30449802 -0.19200678 -0.8089235 0.052557167 -0.298662 -0.08006727 -0.35621318 2.4437726
-0.88093245 -1.0983977 -0.19946831 -0.43815446 3.633521 -0.95773524 -0.6319654 -0.47394365 0.0
-0.012026533 -0.56817037 -0.42250782 -0.26446322 0.10069166 -0.48361912 -0.23037061 -0.41653982 2.4273202
-0.2308927 -0.11832656 -0.609392 -0.7196929 -0.26128057 -0.020121446 -0.27089313 -0.31744972 2.6288831
-0.34801844 -0.33708078 -0.28048587 -0.28588375 -0.08289459 -0.3829155 -0.40862733 -0.2792893 2.7438989
-0.74786437 -1.0150743 -0.4779247 -0.029473396 -0.7922397 -1.1118025 2.612842 1.4460906 0.0
-0.36185572 -0.29515305 -0.2946422 -0.361204 -0.5282133 -0.32302293 -0.34051767 -0.08185349 2.8924758
-0.54877937 -0.2163442 -0.39417285 -0.3471799 -0.50894815 -0.43402582 -0.4280843 -0.070342526 2.9943428
-0.32743108 -0.29409757 -0.4743992 -0.34749767 -0.36785823 -0.668518 -0.49107596 -0.16073962 3.2242606
0.012976172 -0.8957293 -0.09191585 0.62437797 -0.67229366 -0.8639571 0.5944045 1.6091955 0.0
-0.22968136 -0.43684435 -0.6079866 -0.73840976 -0.1868891 -0.2429894 -0.18950173 -0.09768733 2.9861236
-0.45500124 -0.2611532 -0.7132183 -0.420587 -0.30104443 0.036409695 -0.36085755 -0.4677799 3.0205727
-0.45414588 -0.3467911 -0.21753111 -0.3008388 -0.20566316 -0.42662394 -0.501927 -0.44477293 3.1460238
0.031517744 -1.2987173 -0.1355021 0.18783812 0.927193 -0.39623335 0.12552525 0.9268272 0.0
-0.3475882 -0.34504586 -0.5670144 -0.41929007 -0.20755959 -0.44092384 -0.1967695 -0.55713415 3.1463711
-0.40986213 -0.34229368 -0.21312204 -0.6182773 -0.18350622 -0.2817336 -0.45630917 -0.4581938 3.1062121
-0.34460148 -0.17385085 -0.448461 -0.4006878 -0.33983037 -0.3910326 -0.20537417 -0.20219973 2.9051032
-0.42729405 -0.0021796727 -0.789893 -1.0453119 3.8121748 -0.41939312 -0.40337816 -0.9096986 0.0
