0.2984466 -0.45492133 -0.55214685 -0.32544875 3.4410064 -0.8293335 -0.85194194 -0.3579144 0.0
-0.3903828 -0.46998242 0.07156891 -0.2813533 -0.21063545 -1.2579613 4.9471498 -0.10710303 0.0
0.10527904 -0.6632732 -0.3995357 -0.30240816 -0.43732893 0.12085496 -0.2614867 -0.20798501 3.317045
-0.48433512 -0.60554856 -0.1124651 0.055026013 -0.33808675 -0.42733324 -0.46931142 -0.3186001 2.766378
0.24854438 -0.32161555 -0.54085326 -0.18771152 0.035948344 0.16003063 0.01575594 -0.2542698 2.1628294
-1.5704614 -0.48200154 -0.5832838 -1.0415362 5.6802893 -1.1947801 -0.59011614 -0.2562507 0.0
-0.11181574 -0.30584985 -0.12062664 -0.21216767 0.009242049 -0.31290343 -0.28102672 -0.046225462 2.000021
0.07697042 0.034652688 -0.6887468 -0.20466614 -0.13869634 0.62667876 -0.4220296 -0.7930169 2.6586883
-0.20593129 0.024835344 -0.4640281 -0.2644492 0.29252282 -0.1880893 -0.0526159 -0.19578125 2.1280715
-0.5022735 -1.404277 -0.48954037 -0.36628583 -1.1804568 -1.1334175 4.2663345 0.7516109 0.0
-0.009416023 -0.36795658 -0.06404048 0.020742172 0.9183223 -0.556865 0.0934382 -0.7287132 1.8193973
-0.12712602 0.23134859 -0.065036714 -0.24474443 0.02252214 -0.26472023 -1.2070347 -0.8563133 3.4678354
-0.19010061 -0.32024756 -0.040088613 -0.46173802 -0.19389471 -0.5543239 -0.5395027 -0.20592678 3.1008267
-0.31310126 -0.91236794 -0.69069564 -0.9644667 -0.5615924 -0.13183604 0.11396991 3.2085738 0.0
0.7572398 0.16236378 -0.076397374 -0.6778221 -0.44361573 -0.25335613 -0.25821453 -0.42950487 2.098872
-0.2535401 -0.15345575 0.041840535 -0.72418064 0.094383724 0.08741002 -0.045196388 -0.8259334 2.5729938
-0.3553244 -0.32336652 -0.374581 -0.20942967 0.26708356 0.016543008 -0.47465253 -0.48416817 3.314465
-0.41790572 -0.8568113 0.51240444 0.45705032 0.99204844 -0.4893503 -0.40153453 1.0992657 0.0
-0.12550615 -0.17624947 -0.5010117 0.050173 -0.1903127 -0.21488735 -0.29940346 -0.51054966 3.0593302
-0.37255007 0.11535525 -0.22875336 -0.2398952 -0.26667446 -0.15488547 -0.19579089 -0.42552108 2.8977017
-0.02231576 -0.27696836 -0.26836917 -0.019484445 0.13654622 -0.009336384 -0.58828 -0.30126652 3.0374749
-1.2036121 0.3333236 0.7951548 -0.4773875 2.5180652 -0.7759259 0.7822746 -0.6949561 0.0
