-0.35617054 4.9102945 -0.4149292 -0.5303615 -0.54774785 -0.55306554 -0.9978484 -0.5282164 0.0
-0.6019534 -0.6407155 -0.80365556 -0.81028706 5.2438 -0.6865454 -0.30227563 -0.5215239 0.0
-0.44216132 -0.51956826 -0.22877619 -0.8271785 -0.3836517 -0.08834325 -0.6027121 -0.7979527 4.333936
-0.5335684 -0.14718477 -0.4815831 -0.48362836 -0.44679224 -0.24979185 -0.54386204 -0.5812815 4.163842
-0.53508425 -0.57820404 -0.34239322 -0.5286855 -0.20856574 -0.6105323 -0.72442794 -0.7049769 4.338551
-0.9946134 -0.5878289 -0.26838958 -0.6512457 5.0514755 -1.159071 -0.51006997 -0.68050116 0.0
-0.52440345 -0.64040184 -0.5866903 -0.56441855 0.059822455 -0.33354634 -0.19734439 -0.4933945 4.0135336
-0.5974162 -0.60139656 -0.34212798 -0.3500285 -0.5257547 -0.40085343 -0.44483936 -0.64042443 4.0627913
-0.32074204 -0.5302201 -0.42501673 -0.4527447 -0.31625044 -0.45225883 -0.5119434 -0.40534183 4.123763
-0.9631628 -1.107323 -0.8436247 -0.35112038 5.175391 -0.6592159 -0.7069833 -0.7035907 0.0
-0.50955206 -0.38599092 -0.6330672 -0.75892735 -0.29318276 -0.5698098 -0.3338531 -0.8027847 4.3852296
-0.7058102 -0.48410136 -0.21654469 -0.53714234 -0.8067506 -0.53413314 -0.7065069 -0.14557263 4.3311424
-0.46504495 -0.70562696 -0.5908308 -0.6412267 -1.021803 -0.31503472 -0.371858 -0.5130682 4.958132
-0.5369756 -0.9109973 -0.5168556 -0.49001515 5.2577815 -1.012333 -0.82558167 -0.9597508 0.0
-0.233457 -0.6435942 -0.41028243 -0.61762196 -0.31769732 -0.6238943 -0.71106356 -0.43046284 4.293383
-0.6821757 -0.4904875 -0.5405246 -0.45981348 -0.09341976 -0.5592199 -0.32289824 -0.4932706 4.155422
-0.44105467 -0.42270705 -0.53655195 -0.46560287 -0.35935473 -0.44078642 -0.46197048 -0.826514 4.39966
4.8749413 -1.1252027 0.10113965 -0.827405 -0.74178714 -0.51831317 -0.8889061 -0.2875221 0.0
-0.30420068 -0.5874542 -0.7042976 -0.9217322 -0.3614421 -0.53291756 -0.548466 -0.5340414 4.6681128
-0.49120674 -0.43561396 -0.67116237 -0.8069201 -0.22528726 -0.64905566 -0.51700836 -0.808713 4.7056785
-0.23695132 -0.24813972 -0.9233026 -0.7251519 -0.7117192 -0.41109675 -0.52336705 -0.75580025 4.626537
-0.27405164 -0.4413796 -0.56783086 -1.0615696 4.564311 -0.887279 -0.5501188 -0.7384456 0.0
