0.049615737 4.86963 -0.52806276 -0.75531155 -0.4598199 -0.46261662 -0.8640611 -0.39832422 0.0
-0.78003764 -0.7961676 -0.8647832 -0.67219675 5.3455343 -0.5101484 -0.0681311 -0.6688415 0.0
-0.61388856 -0.56609803 -0.42401445 -0.6022248 -0.23715067 -0.381711 -0.33232224 -0.75926715 4.582157
-0.5714851 -0.3777769 -0.29015204 -0.5566778 -0.64397156 -0.28511912 -0.30784446 -0.6568208 4.238471
-0.5252371 -0.41192728 -0.16982037 -0.4960238 -0.29797179 -0.5595557 -0.3074542 -1.1686914 4.4189606
-0.8766632 -0.48196697 -0.04986019 -0.73164517 5.209399 -0.96346164 -0.7909901 -1.1353654 0.0
-0.56820905 -0.33560756 -0.6299344 -0.780453 -0.12314666 -0.57728755 -0.32998163 -0.5444378 4.268391
-0.61252415 -0.36956167 -0.08097747 -0.42798233 -0.25328684 -0.4206312 -0.39784363 -0.976002 3.9941206
-0.48141634 -0.17347297 -0.5926715 -0.45570618 -0.1514534 -0.17328764 -0.51057893 -0.16978788 3.821767
-0.81782454 -0.94297403 -0.6022278 -0.98101884 5.3528223 -0.3722339 -0.58454484 -0.5885478 0.0
-0.10187499 -0.8234787 -0.561837 -0.5579117 -0.32132068 -0.5507445 -0.21707648 -0.73713845 4.389948
-0.40327024 -0.5485935 -0.21549682 -0.55830127 -0.4309812 -0.53503853 -0.48632672 -0.22518799 4.025482
-0.3233929 -0.3964257 -0.34631884 -0.46569517 -0.8634388 -0.3743329 -0.122650996 -0.6385914 4.547982
-0.5164566 -0.6986989 0.25681797 -0.46395627 4.6898494 -1.0819626 -0.7248433 -0.6666884 0.0
-0.38610604 -0.3873222 -0.034689885 -0.11224276 -0.31822994 -0.5562695 -0.4544777 -0.5617558 3.9310741
-0.83126193 -0.4445253 -0.449093 -0.24284448 -0.42786485 -0.54011315 -0.5959922 -0.4133118 4.303576
-0.5534104 -0.65503687 -0.79681224 -0.08892364 -0.40285707 -0.59862995 -0.6843352 -0.6516248 4.873592
4.840062 -0.9475618 -0.046962984 -0.79599243 -0.59766555 -0.9784524 -0.53282326 -0.02437351 0.0
-0.47320497 -0.57036835 -0.5444816 -0.6680623 -0.628789 -0.22699231 -0.34039408 -0.6732548 4.690304
-1.0136398 -0.12334526 -0.80526227 -0.8033306 -0.446209 -0.5373147 -0.26078463 -0.4524962 4.824058
-0.117397815 -0.14485052 -0.7614519 -0.53913504 -0.3169118 -0.5421824 -0.6364872 -0.7307206 4.3430543
-0.413951 -0.41497803 -0.69132525 -0.6311503 4.270891 -0.5942495 -0.37337673 -0.9098171 0.0
