-0.1956951 4.918541 -0.796129 -0.9020678 -0.48792675 -0.5154118 -0.85266966 -1.0321412 0.0
-0.5493733 -0.9514354 -0.84037024 -0.87136775 5.1029124 -0.6824385 -0.61286855 -0.8362506 0.0
-0.3736918 -0.43885037 -0.6095964 -0.7085153 -0.5506585 -0.5887521 -0.644666 -0.76440144 4.6327085
-0.5519568 -0.41890118 -0.35698232 -0.7097778 -0.35148397 -0.4778579 -0.632602 -0.7690555 4.499735
-0.51261365 -0.5543328 -0.39948392 -0.6407202 -0.5192574 -0.5920583 -0.70782775 -0.8216969 4.646127
-0.6235281 -0.74715465 -0.56342024 -0.5600303 4.583994 -0.88970333 -0.6687031 -0.73195815 0.0
-0.5802336 -0.6171266 -0.5077917 -0.7073746 -0.38166136 -0.508011 -0.52880746 -0.6590156 4.3953276
-0.42394108 -0.46490532 -0.5381865 -0.552428 -0.5079247 -0.6118912 -0.4748546 -0.67248094 4.2341094
-0.5753447 -0.54546946 -0.52778745 -0.5896461 -0.50244457 -0.5781207 -0.399975 -0.6217479 4.3687744
-0.2976379 -0.7247641 -0.6410499 -0.77422607 4.175755 -0.6744394 -0.5282465 -0.8782406 0.0
-0.49844933 -0.6187537 -0.6312775 -0.43828562 -0.41198838 -0.4718685 -0.5413788 -0.64516217 4.4407825
-0.47834972 -0.49498543 -0.47841746 -0.5821904 -0.46330538 -0.61227554 -0.649749 -0.55000865 4.4795017
-0.4956631 -0.63436836 -0.46375957 -0.5482671 -0.4178637 -0.48391178 -0.5840421 -0.68256474 4.5350847
-0.9470945 -0.4612871 -0.6619809 -0.50255895 4.0727973 -0.59304863 -0.5313579 -0.80638695 0.0
-0.4072919 -0.39549643 -0.60147244 -0.6463077 -0.41786394 -0.5706557 -0.5898899 -0.6277692 4.44879
-0.6019135 -0.5210145 -0.46366274 -0.66932946 -0.602978 -0.47047305 -0.5367655 -0.5648195 4.609787
-0.39171883 -0.42877278 -0.52290267 -0.68645024 -0.5896656 -0.6372647 -0.58993185 -0.61159635 4.6834044
4.303237 -0.6773168 -0.7164877 -0.62189746 -0.4742367 -0.5602251 -0.6188891 -0.6304116 0.0
-0.3221464 -0.51228565 -0.5952814 -0.7727463 -0.54654104 -0.5505275 -0.5199861 -0.7922016 4.657862
-0.53563255 -0.33979848 -0.6704417 -0.8447124 -0.386759 -0.39637792 -0.54629296 -0.762009 4.622271
-0.42661116 -0.59460825 -0.43436047 -0.7394695 -0.42502883 -0.5096575 -0.58891445 -0.78538734 4.5922647
-0.44906276 0.89107937 -0.5932323 -1.1590567 3.9331374 -0.5510534 -0.98636234 -1.1738164 0.0
