0.041450713 4.839079 -0.41988492 -0.7158099 -0.41926992 -0.44493958 -0.82332927 -0.73288465 0.0
-0.6734069 -0.6969349 -0.7860144 -0.51551086 5.4207478 -0.4813032 -0.07083906 -0.90136945 0.0
-0.4946707 -0.69432515 -0.29479504 -0.48887894 -0.109400935 -0.5656854 -0.41907805 -0.57825655 4.608608
-0.8211824 -0.4284589 -0.42318732 -0.4905606 -0.5616163 -0.18103634 -0.27850583 -0.7100789 4.4176927
-0.45009553 -0.319957 -0.4245074 -0.67139316 -0.24625373 -0.40552086 -0.46101153 -1.1687316 4.6557355
-0.8082881 -0.70617455 -0.093669616 -0.63077086 5.276553 -1.0210422 -0.75009274 -1.0332786 0.0
-0.38370413 -0.28484485 -0.49618635 -0.8256539 -0.3816735 -0.44975862 -0.2260737 -0.4141271 4.1853423
-0.44299626 -0.09982149 -0.06956362 -0.42513064 -0.24550536 -0.54046726 -0.42536688 -0.8542175 3.92375
-0.49796587 0.10249779 -0.38348296 -0.41508955 -0.1828935 -0.30303958 -0.31561276 -0.09185826 3.5047023
-0.73248166 -0.7761803 -0.33123082 -1.1425287 5.4870296 -0.3245138 -0.75699824 -0.6485164 0.0
-0.54306006 -0.72493786 -0.48660535 -0.5863185 -0.38176644 -0.54356927 0.35266653 -0.6572466 4.3125515
-0.43879986 -0.16319375 -0.17589353 -0.66664547 -0.27395034 -0.6821294 -0.59342045 -0.31597468 3.9586031
-0.24621524 -0.6050523 -0.09177858 -0.44274127 -0.7161075 -0.53626484 -0.08884506 -0.74205786 4.643251
-0.1486448 -0.41018492 0.19238073 -0.33957326 4.2701063 -1.1326392 -0.58903444 -0.65007174 0.0
-0.38127887 -0.2660024 0.31798434 -0.63145626 -0.24174522 -0.2779463 -0.3200265 -0.6921408 3.5970595
-0.7507868 -0.3302784 -0.32249096 -0.37184155 -0.2978353 -0.7312282 -0.44393402 -0.6410414 4.361797
-0.24407327 -0.6789889 -0.70941496 -0.042669196 -0.2931683 -0.5377332 -0.5164914 -0.725625 4.6164765
4.923785 -0.8434598 -0.03867002 -1.0339061 -0.623432 -0.9062258 -0.38302383 -0.023020217 0.0
-0.37670413 -0.5991283 -0.31793764 -0.45289108 -0.52815795 -0.11919518 -0.32429606 -0.8748834 4.549808
-0.80875295 0.027490353 -0.68674546 -0.6428548 -0.3927142 -0.16850054 -0.15519471 -0.59578145 4.4038777
-0.5125761 -0.52852213 -0.49134305 -0.5439442 -0.44689506 -0.6386108 -0.24432604 -0.6505998 4.345408
-0.36961547 -0.38156715 -0.59864604 -0.5958902 3.9266486 -0.44384187 -0.041058585 -1.0137639 0.0
