-0.7054311 5.0593023 -0.64633673 -0.67332876 -0.8787401 -0.5012386 -0.7358543 -0.88248324 0.0
-0.7067411 -0.67960036 -0.90896493 -0.6784197 5.879787 -1.3566654 -0.78884065 -0.67904955 0.0
-0.2494056 -0.26275364 -0.42775568 -0.86403596 -0.40238637 -0.40385094 -0.50540996 -0.82299525 4.321807
-0.33450577 -0.38000828 -0.28257757 -0.7791688 -0.3925236 -0.6498709 -0.6913531 -0.83526933 4.4897823
-0.5604095 -0.30240768 -0.22596778 -0.7643413 -0.4773897 -0.28585 -0.7822192 -0.56559175 4.317404
-0.9597484 -0.8371889 -0.44996285 -0.3800393 5.27946 -1.212254 -0.80714977 -0.81028694 0.0
-0.33223113 -0.75112015 -0.8145218 -0.61315286 -0.37071544 -0.8044341 0.059098575 -0.6742499 4.377538
-0.2461769 -0.31189683 -0.4465043 -0.49485084 -0.60094965 -0.44575205 -0.7383044 -0.43498713 4.10537
-0.48371065 -0.7364453 -0.48497447 -0.3829239 -0.6292031 -0.6065595 -0.62671584 -0.4569321 4.4178233
-0.4380219 -0.8684238 -1.0486804 -0.8027112 4.9982276 -0.6029733 -0.69560224 -1.0294087 0.0
-0.6491991 -0.46083167 -0.6605968 -0.6302251 -0.29396218 -0.46185622 -0.5252173 -0.5626515 4.525348
-0.43047014 -0.42080483 -0.195411 -0.5123695 -0.7726239 -0.6265215 -0.11828181 -0.5754248 4.1506596
-0.5641886 -0.6340633 -0.73855454 -0.63220096 -0.67832476 -0.064199336 -0.98069626 -0.64026195 4.7941628
-0.64138967 -0.5692464 -0.7398564 -0.37097266 4.8667336 -0.73020345 -0.83606607 -1.164956 0.0
-0.34632492 -0.3350511 -0.5111526 -0.5894587 -0.7881941 -0.63321245 -0.47116944 -0.7865906 4.43871
-0.51203257 -0.5144164 -0.6701826 -0.787217 -0.43506742 -0.47459263 -0.6302727 -0.34821334 4.592577
-0.18346348 -0.36684337 -0.79798836 -0.7941406 -0.5006801 -0.7143987 -0.54099286 -0.45080674 4.475443
5.011547 -0.8291056 -0.62688684 -0.7297668 -0.656346 -0.5518656 -0.83902985 -0.62013936 0.0
-0.54036856 -0.36807406 -0.50584716 -0.55721533 -0.63598305 -0.7022691 -0.5375139 -0.70500773 4.5619617
-0.63148737 -0.33945763 -0.5590891 -0.6491394 -0.1508019 -0.50302106 -0.5266669 -0.78391534 4.499833
-0.13330373 -0.65656507 -0.49576664 -0.70982325 -0.17862141 -0.49659958 -0.5947365 -0.78625673 4.311185
-0.20882684 -0.4012785 -0.61415493 -0.8814704 4.282045 -0.6179823 -0.5144468 -1.0720373 0.0
