-0.6981672 5.056399 -0.6636853 -0.6718675 -0.85685027 -0.5714318 -0.7188977 -0.833602 0.0
-0.69882786 -0.6967156 -0.9278047 -0.6734456 5.841873 -1.3277436 -0.6711496 -0.646097 0.0
-0.23398177 -0.27058646 -0.3396483 -0.8887387 -0.43004525 -0.33047068 -0.5789167 -0.88719624 4.326359
-0.31734392 -0.40428266 -0.26868153 -0.5972863 -0.4560302 -0.68483746 -0.6482865 -0.8342407 4.4246707
-0.50737983 -0.3349393 2.1354297e-05 -0.68435454 -0.55289525 -0.31217444 -0.8291788 -0.60088223 4.1757913
-0.9648196 -0.81284684 -0.4553162 -0.45339492 5.170712 -1.2609012 -0.58197874 -0.796282 0.0
-0.4702607 -0.7694222 -0.7808435 -0.57940274 -0.36685425 -0.9023093 -0.06124669 -0.7650847 4.481092
-0.22935973 -0.25487787 -0.5163572 -0.54081154 -0.57012516 -0.4390906 -0.7979506 -0.45125067 4.144214
-0.5148175 -0.79357636 -0.38968545 -0.4597539 -0.56962156 -0.57058 -0.6023233 -0.45168495 4.38404
-0.44225088 -1.0265889 -1.0183764 -0.73935175 5.0312033 -0.5403604 -0.72938955 -1.0398672 0.0
-0.6201754 -0.34865242 -0.6185397 -0.63817614 -0.26170227 -0.40023905 -0.47403184 -0.5269211 4.3790474
-0.43960196 -0.42433512 -0.07305582 -0.49957407 -0.8554351 -0.40034562 -0.35000017 -0.42200008 4.0194507
-0.48859644 -0.7139376 -0.7274757 -0.67313105 -0.58311605 -0.099231385 -0.9232227 -0.6371094 4.797118
-0.60021985 -0.5305825 -0.69867784 -0.5336815 4.865953 -0.74011016 -0.81683666 -1.122577 0.0
-0.3828124 -0.30534583 -0.48000643 -0.57501364 -0.8245599 -0.6198724 -0.42898074 -0.7587655 4.4152727
-0.5370675 -0.3769935 -0.6637761 -0.7663216 -0.36811295 -0.4916679 -0.6084258 -0.4182442 4.5223675
-0.2679221 -0.32672495 -0.8858156 -0.74171305 -0.47970763 -0.74866414 -0.39591774 -0.47048765 4.496952
4.9322386 -0.7204377 -0.50213706 -0.68732536 -0.72858226 -0.53165597 -0.8152214 -0.6517879 0.0
-0.521093 -0.35057446 -0.5414981 -0.6672544 -0.571984 -0.69297975 -0.5761431 -0.67549205 4.5856023
-0.65035754 -0.30207473 -0.5343228 -0.6003661 -0.29581738 -0.639074 -0.4540446 -0.7327856 4.5025067
-0.16940467 -0.708322 -0.37344098 -0.6880918 -0.09724385 -0.48732838 -0.6037663 -0.7897997 4.2787323
-0.23906228 -0.38227597 -0.57762414 -0.93079495 4.2864394 -0.6281201 -0.48961526 -1.0357318 0.0
