-0.5854582 5.08155 -0.739378 -0.9637258 -0.6039009 -0.4722172 -0.790223 -0.9725711 0.0
-0.64042753 -1.0428032 -0.8690215 -0.63633555 5.2016473 -0.78720206 -0.4514728 -0.86629426 0.0
-0.42115852 -0.6415483 -0.4348891 -0.6566766 -0.41039386 -0.5936181 -0.7162872 -0.7474917 4.584654
-0.40483487 -0.45573363 -0.63923293 -0.7183037 -0.51041615 -0.6319701 -0.5354053 -0.7887124 4.5932674
-0.43464118 -0.30342013 -0.5399791 -0.6363431 -0.4375764 -0.45480838 -0.6710769 -0.83560735 4.522323
-0.5782894 -0.68469614 -0.8114719 -1.0034645 4.793214 -0.4663764 -0.706741 -0.6847762 0.0
-0.53900295 -0.3614018 -0.5143718 -0.69782335 -0.27326432 -0.58096486 -0.49411297 -0.60952795 4.231593
-0.41907078 -0.5166217 -0.4948488 -0.6340499 -0.53225815 -0.6154933 -0.32381663 -0.4461067 4.101961
-0.44521683 -0.69880605 -0.57027406 -0.6758518 -0.61179185 -0.6089632 -0.51795197 -0.5501549 4.49656
-0.47821528 -0.82040644 -0.69596326 -0.5121083 4.2262983 -0.6844858 -0.44971904 -0.6272857 0.0
-0.7013358 -0.45955908 -0.57500464 -0.64868295 -0.3055917 -0.41483507 -0.49830386 -0.69981897 4.4183846
-0.2995766 -0.6328174 -0.5972671 -0.6671147 -0.5262945 -0.50332385 -0.45876503 -0.6764526 4.4796376
-0.5077928 -0.7676818 -0.6193894 -0.6483217 -0.48251936 -0.530848 -0.5166685 -0.61765033 4.6362023
-0.94459444 -0.4960303 -0.66366893 -0.6782294 4.1313844 -0.5701388 -0.4500035 -0.52404386 0.0
-0.27412736 -0.65988505 -0.6894061 -0.75059736 -0.30010778 -0.64436257 -0.55554044 -0.70695144 4.492255
-0.58256555 -0.6412783 -0.6878821 -0.6587106 -0.5972127 -0.5257508 -0.55996174 -0.65609246 4.6860924
-0.561446 -0.65823454 -0.59963256 -0.6574783 -0.55301493 -0.6755058 -0.5262031 -0.5786304 4.753713
4.578468 -0.5280655 -0.686324 -0.97128403 -0.614745 -0.7352769 -0.62896365 -0.7132954 0.0
-0.42191955 -0.57577467 -0.5757993 -0.71026933 -0.45496508 -0.44516507 -0.58099794 -0.75037444 4.6287646
-0.54465073 -0.57128966 -0.5294713 -0.6396388 -0.4281837 -0.35065502 -0.63131857 -0.7595295 4.5475664
-0.4328821 -0.4985026 -0.69100475 -0.86044943 -0.29634884 -0.5058163 -0.61379886 -0.7007093 4.576906
-0.59533536 0.3188486 -0.59750766 -0.94656205 4.0987267 -0.5939858 -0.6246907 -0.97923714 0.0
