0.035988525 4.751558 -0.41077307 -0.6960042 -0.37968418 -0.40498936 -0.7285869 -0.6502762 0.0
-0.6306115 -0.6200994 -0.7228356 -0.41874835 5.331849 -0.45713907 -0.17808756 -0.88158923 0.0
-0.7358513 -0.6784091 -0.28753722 -0.33069333 -0.07543492 -0.4941804 -0.3770849 -0.6677973 4.6753964
-0.7875208 -0.33944577 -0.4492985 -0.44002813 -0.7393939 -0.12061002 -0.2501256 -0.59391207 4.3909736
-0.37574503 -0.23438567 -0.40327394 -0.6044225 -0.17875487 -0.38720566 -0.54791385 -1.0443276 4.5652394
-0.75263834 -0.6824724 -0.045261227 -0.6044259 5.157772 -0.93595815 -0.71595776 -0.9511203 0.0
-0.3058344 -0.6516013 -0.59528387 -0.6978018 -0.3042512 -0.21592255 -0.6105135 -0.26546454 4.2974873
-0.331886 -0.07268356 -0.05253664 -0.4496046 -0.105885476 -0.28857413 -0.51933557 -0.73063993 3.6352758
-0.5092586 -0.033664767 -0.42825377 -0.70992726 -0.015301094 -0.51312447 -0.027456237 -0.17198817 3.628156
-0.66451293 -0.4064413 -0.27223468 -1.1121718 5.239257 -0.28769803 -0.72143894 -0.54429793 0.0
-0.5360018 -0.6468492 -0.5701829 -1.080014 -0.36080888 -0.4600542 0.34115535 -0.5637765 4.5586314
0.01713922 -0.43194056 0.06349047 -0.6092063 -0.2011488 -0.5449497 -0.61645305 -0.24713902 3.628001
-0.19531745 -0.57141536 -0.56337047 -0.50851774 -0.6074737 -0.45406273 0.015257518 -0.6384617 4.8612056
-0.14394446 -0.597257 -0.22070563 -0.2667619 4.727754 -1.0715679 -0.41412544 -1.0068346 0.0
-0.3007886 -0.18514761 0.3341293 -1.0423868 -0.42840078 -0.43251297 -0.22422412 -0.6627364 3.9987335
-0.6344423 -0.50185907 0.36434346 -0.32305261 -0.50036854 -0.77981853 -0.3424054 -0.517951 4.0176387
-0.23826776 -0.63126427 -0.6392041 0.22465059 -0.2390104 -0.47410095 -0.3223016 -0.61064816 4.361568
4.717942 -0.75792915 -0.033502404 -0.97432405 -0.6097564 -0.8469482 -0.08684695 0.18210877 0.0
-0.2379938 -0.63467 -0.21545796 -0.3380855 -0.5129018 -0.078848004 -0.40796494 -0.7480928 4.360535
-0.73037523 -0.002642222 -0.61566937 -0.5241654 -0.49643746 -0.40402624 -0.10952628 -0.5244538 4.514771
-0.6746336 -0.3701421 -0.4411522 -0.65256476 -0.33438018 -0.5381065 -0.31763315 -0.5179675 4.3231983
-0.33634165 -0.30184227 -0.26563412 -0.54254186 3.6045911 -0.051308658 -0.04000083 -0.9744219 0.0
