0.82669824 4.9129014 -0.5600079 -1.0299336 -0.0708306 -0.6073964 -0.83032805 -1.2446642 0.0
-0.19770926 -0.69685817 -0.76075095 -0.8455769 4.777058 -0.7326659 -0.88821554 -1.0093958 0.0
-0.52270746 -0.49327603 -0.5954795 -0.74251544 -0.48773986 -0.54919535 -0.54423296 -0.9764661 4.8187003
-0.36096144 -0.46844923 -0.70052034 -0.76407766 -0.3821277 -0.5452915 -0.6568014 -0.91758424 4.788799
-0.63896984 -0.43604827 -0.60897076 -0.7106534 -0.5462195 -0.6105889 -0.6394451 -0.95354635 4.8218136
-0.17039284 -0.42985246 -0.5368208 -0.73434734 4.139733 -0.7963812 -0.7644994 -0.82704616 0.0
-0.5922657 -0.5995738 -0.5165497 -0.6115647 -0.49389046 -0.6741424 -0.5914681 -0.60398316 4.6510506
-0.5287235 -0.4044116 -0.5006681 -0.57688004 -0.5863276 -0.60197264 -0.485818 -0.52119356 4.3511605
-0.5130142 -0.6200729 -0.64951736 -0.5371116 -0.4521955 -0.5641975 -0.59866565 -0.5525932 4.5892763
0.68903595 -0.48286456 -0.84508646 -0.71827185 2.9969473 -0.98702544 0.41033256 -1.1491979 0.0
-0.61539876 -0.6577675 -0.5988538 -0.5739967 -0.41117185 -0.5013253 -0.5704968 -0.6408602 4.7046814
-0.5922876 -0.60875845 -0.5675342 -0.6730693 -0.52461296 -0.5801752 -0.58621514 -0.60238373 4.763376
-0.50495195 -0.5711638 -0.6904692 -0.6532443 -0.5433104 -0.573662 -0.6347186 -0.6995131 4.7980666
-0.8307829 0.01433196 -0.5267455 -0.63502556 2.4362607 0.23454161 0.04469662 -0.92635846 0.0
-0.55130744 -0.5991275 -0.6200717 -0.6309642 -0.32386136 -0.52887964 -0.5418211 -0.7577701 4.669188
-0.57718897 -0.5959851 -0.5979874 -0.7949549 -0.49787992 -0.62020993 -0.57297873 -0.71870786 4.814661
-0.5613806 -0.649813 -0.6065032 -0.7860446 -0.45928293 -0.734587 -0.6767424 -0.7114755 4.8851147
3.7520297 -0.6627565 -0.5725571 -0.83044684 -0.06822727 -0.35446337 -0.6331172 -0.8494961 0.0
-0.46541888 -0.65696454 -0.5770381 -0.8913028 -0.45613065 -0.38732335 -0.6036191 -0.96537954 4.825874
-0.5631595 -0.49132365 -0.6579912 -0.911084 -0.49939647 -0.43493158 -0.53579587 -0.93436474 4.8310184
-0.54420924 -0.46642306 -0.6914592 -0.88759696 -0.43945992 -0.69371 -0.5890655 -0.8799929 4.8380527
-0.120015 2.2506113 -0.88164014 -1.3897121 2.592032 -0.14500186 -0.86406726 -1.4264007 0.0
