0.75950634 4.905372 -0.5491796 -1.0250291 -0.08949685 -0.5895869 -0.8236263 -1.2321036 0.0
-0.20903307 -0.68043417 -0.7615411 -0.84315467 4.7562466 -0.7213157 -0.8325982 -0.9925862 0.0
-0.52575624 -0.4675936 -0.5783423 -0.74707603 -0.51492935 -0.56898403 -0.5834006 -0.9588571 4.8197384
-0.34208333 -0.43123925 -0.70337135 -0.7357063 -0.3829276 -0.48203126 -0.6659286 -0.90772575 4.7602053
-0.67868537 -0.4597057 -0.601829 -0.722425 -0.5644526 -0.5774141 -0.6245367 -0.9415013 4.827475
-0.25618333 -0.435973 -0.6152024 -0.7325744 4.2303357 -0.79686993 -0.7822863 -0.8226687 0.0
-0.5843231 -0.58848846 -0.53918815 -0.60189486 -0.5188247 -0.65776795 -0.5418421 -0.5712454 4.6319537
-0.54481447 -0.37061077 -0.5099012 -0.5443243 -0.5786494 -0.60920197 -0.5007975 -0.5364628 4.3413353
-0.52853566 -0.61486685 -0.6368662 -0.5426207 -0.45579526 -0.54158485 -0.5755883 -0.54612166 4.5757446
0.6726726 -0.4760584 -0.83539534 -0.7728156 3.0165899 -0.95337063 0.3886884 -1.1119119 0.0
-0.5776339 -0.65737015 -0.60163385 -0.66261756 -0.4473504 -0.5300704 -0.5762804 -0.62480617 4.71657
-0.5808042 -0.6281696 -0.5592072 -0.669933 -0.5234038 -0.55574536 -0.552126 -0.58839184 4.7489653
-0.4708033 -0.598612 -0.66939265 -0.6491859 -0.53655326 -0.58465964 -0.6226643 -0.7189111 4.7988935
-0.8247677 -0.013864346 -0.6020306 -0.60388076 2.5219376 0.221955 0.016647914 -0.9424287 0.0
-0.54296005 -0.6268064 -0.6059117 -0.63190246 -0.36014834 -0.5315228 -0.5231056 -0.75587595 4.668035
-0.5687185 -0.62583953 -0.6020403 -0.78459215 -0.462675 -0.6096028 -0.584642 -0.706347 4.812351
-0.5314142 -0.6213835 -0.5992624 -0.78121376 -0.47605518 -0.715885 -0.65912753 -0.69820887 4.8754225
3.768415 -0.6574525 -0.52979267 -0.8116163 -0.08330848 -0.33726093 -0.67738235 -0.87134576 0.0
-0.43440658 -0.6671439 -0.5712954 -0.87494093 -0.46313652 -0.46284518 -0.56987405 -0.9496327 4.8146906
-0.60940826 -0.511034 -0.6369763 -0.8936484 -0.48573852 -0.37301838 -0.53172237 -0.92097366 4.8205843
-0.5473414 -0.47932196 -0.67431563 -0.86552644 -0.4283689 -0.67027473 -0.5749371 -0.8661549 4.824346
-0.13543707 2.2873328 -0.84449315 -1.3911178 2.5965126 -0.2110013 -0.8705761 -1.430343 0.0
