-0.6954359 5.0584545 -0.6685434 -0.68220246 -0.86963123 -0.5214699 -0.72438294 -0.85697615 0.0
-0.7025925 -0.70079 -0.9319839 -0.6813961 5.872968 -1.3421648 -0.750886 -0.6624785 0.0
-0.2416236 -0.25292733 -0.41415545 -0.8986532 -0.43633723 -0.35678333 -0.54918087 -0.88963735 4.3590007
-0.29844043 -0.36265722 -0.27765703 -0.7545947 -0.39567384 -0.6371659 -0.6816522 -0.83564323 4.4590836
-0.5337621 -0.29051897 -0.046883505 -0.7188481 -0.51081586 -0.2979187 -0.835442 -0.5848001 4.19566
-0.95641357 -0.8269208 -0.45746896 -0.4424698 5.2000284 -1.2619054 -0.6266098 -0.8071174 0.0
-0.40935555 -0.7623303 -0.79794157 -0.59576535 -0.37769964 -0.89719146 -0.0013384068 -0.65353215 4.4282985
-0.2257781 -0.27466893 -0.45990407 -0.5144745 -0.59296083 -0.44753602 -0.7485139 -0.4279365 4.0943737
-0.45721734 -0.7844544 -0.4046036 -0.37398535 -0.5951831 -0.59441155 -0.6267293 -0.44200176 4.366471
-0.4396507 -0.9043398 -1.0334758 -0.7891967 5.0102453 -0.5620563 -0.727572 -1.0464194 0.0
-0.63767695 -0.43042263 -0.6340686 -0.6219345 -0.2737559 -0.422966 -0.49595013 -0.55418366 4.454681
-0.4501378 -0.4068401 -0.11025279 -0.4776714 -0.8539779 -0.57751375 -0.16817491 -0.46159118 4.0877075
-0.51794094 -0.6996271 -0.7422845 -0.6534753 -0.6743149 -0.020111294 -0.95288485 -0.65060216 4.8042707
-0.6195733 -0.5398566 -0.7128128 -0.408124 4.845306 -0.7392987 -0.82920253 -1.144194 0.0
-0.34914717 -0.32101393 -0.49991184 -0.5900474 -0.8210866 -0.62655735 -0.44676632 -0.7669894 4.4316187
-0.49748078 -0.49287823 -0.64600974 -0.7987783 -0.42814076 -0.44773903 -0.6256113 -0.36785293 4.5676923
-0.25333196 -0.34946388 -0.8363958 -0.7700848 -0.48308325 -0.7045801 -0.5154861 -0.45751047 4.4931684
4.9626036 -0.7547013 -0.5428375 -0.71019703 -0.7227213 -0.5410622 -0.82972425 -0.6034618 0.0
-0.5403033 -0.37104684 -0.52452826 -0.5603555 -0.6040735 -0.71317494 -0.5456653 -0.72482276 4.575563
-0.6623912 -0.32156652 -0.547208 -0.61606634 -0.22172844 -0.59897935 -0.4970355 -0.7639366 4.518677
-0.16335131 -0.6496665 -0.47657692 -0.7128612 -0.10955207 -0.4972317 -0.59608203 -0.7781943 4.297363
-0.22789493 -0.39127377 -0.59372157 -0.9311571 4.299197 -0.6219824 -0.50863636 -1.056214 0.0
