-0.8840981 -1.5490426 -0.9614735 -0.07959733 -0.34746876 -1.5493169 -0.74850404 4.278874 0.0
-1.6340588 -1.4469982 -0.19060518 -1.1847031 -0.34520167 -0.58293647 -0.5684207 4.793969 0.0
-0.5646977 -1.111822 -0.8204291 -0.3217353 -0.76435715 -0.95905817 -0.44869816 4.1987014 -0.82699686
-0.45613426 -0.11206404 -0.89135975 -0.49837652 0.73593926 -0.15495293 0.04391518 0.078329176 1.6910201
-0.3125825 -0.14010689 -0.99931604 -0.4107276 0.32492822 0.047064226 -0.48418507 0.08611525 1.9093262
-0.6110739 -1.142416 -0.4308154 -0.3414596 -1.17171 -1.4610701 3.6438606 0.6637625 0.0
0.42296124 -0.21348815 -0.32157528 -0.6001945 0.1390832 -0.24860057 -0.18256335 -0.2569971 1.5938526
0.030938916 -0.16817893 -0.31610548 0.5005649 -0.040153135 -0.32014233 -0.16038144 -0.47545126 1.3516438
-0.6893417 0.048846744 0.017846122 0.22817633 -0.024045678 0.14740166 0.23145796 -0.61073625 1.0690273
-0.6075355 -1.0586225 -0.47993043 0.058076147 -0.5994719 -0.25178632 0.2729967 2.8052638 0.0
-0.13492355 -0.43303087 -0.18525924 -0.68252605 0.12404353 0.2568551 0.13661346 -0.29447925 1.7713609
-0.2739959 -0.23580234 -0.23217407 -0.46012697 -0.2642329 -0.12332582 -0.08808895 -0.21634486 2.0698924
-0.04472617 -0.45242515 -0.27527636 -0.26184168 0.11297596 -0.3310081 -0.2880197 0.42948645 1.3237249
-0.089433715 -0.93547636 -0.14659125 -0.20875254 -0.93024975 -0.9964235 -0.46189544 3.2174463 0.0
-0.2098088 -0.49158 -0.14583617 0.21575847 -0.096161254 -0.14183457 0.035496384 0.22213025 1.2446849
-0.48595935 -0.27137128 0.004953017 -0.24599576 -0.11456601 -0.35532966 0.30177236 -0.32511583 1.9042307
-0.17068966 0.5254148 -0.11350117 -0.022077424 -0.504036 -0.40221298 0.06961674 -0.32921627 1.3757424
-0.97688174 -0.27522042 -0.4009706 -0.20172855 -0.7971836 -1.0574926 3.1156156 0.41758305 0.0
-0.00983165 -0.36141193 -0.42511585 -0.33710626 -0.012579356 0.22768545 -0.1822093 0.5169067 0.8501388
-0.18454157 -0.69086343 -0.42703727 -0.25936693 0.268829 0.03139385 -0.39844963 -0.039791286 1.8720213
0.003124303 -0.29135337 0.19036514 0.14185254 -0.41101703 -0.24229604 0.28864327 0.41594723 0.11559478
-0.064861804 -0.5777 -0.25239253 -0.40810037 2.2337828 -0.15777203 0.26661763 -0.5617217 0.0
