-0.46037528 -0.91253597 -0.32453576 -0.25742272 0.17374237 -0.32086742 -0.2877327 4.0254087 0.0
-1.1888794 -1.1307445 0.05318771 -0.69943565 -0.6333271 -0.22349018 -0.6050503 4.8006496 0.0
-0.01709861 -0.5343835 -0.3735344 -0.20048629 -0.1773252 -0.1810507 -0.31337768 4.1967583 -1.0644345
0.11518329 0.2926037 -0.6787447 -0.54150486 0.250343 0.3052642 0.72965205 -0.67381054 1.117769
-0.13773932 0.04609743 -0.03433767 -0.405561 -0.16834259 -0.21721488 -0.27796367 0.027900796 1.7744957
-0.6894047 -0.5337555 -0.3444766 -1.0999315 -0.23784801 -0.8407184 4.2174344 0.3964744 0.0
-0.24938421 -0.17924488 0.115836374 -0.13818201 0.20087211 0.0006591482 -0.010008267 -0.20568377 1.2482963
0.46880046 0.6393112 0.41186336 -0.11948217 -0.035398465 -0.28759867 -0.43276584 -0.5169475 0.624024
-0.25283232 0.042368025 0.06261957 0.25123745 0.12483475 -0.36136305 -0.05883071 -0.27163446 0.44645265
-0.44400638 -0.38252002 -0.13670199 1.1259074 -0.629281 -1.1636021 0.04331697 2.4397862 0.0
0.07994233 -0.47058874 -0.0014670363 -0.5107595 0.5445561 -0.051591124 0.3067624 0.13479324 0.6608548
0.084724106 -0.38098824 -0.18301857 -0.0077201966 0.16950263 -0.4693349 0.0057572406 -0.3284027 2.3127604
0.2627021 -0.18611449 -0.18127726 -0.046003036 0.0027387226 -0.20940503 -0.042184263 -0.093036786 0.80624586
-0.2572444 -0.59618324 -0.33711138 0.10886478 -0.5509138 -0.33583087 -0.53160965 3.3045282 0.0
-0.11768787 -0.28869632 -0.52883947 -0.13832068 0.06186931 1.4124093 0.005759567 0.17094696 -0.052148014
-0.3789374 -0.112573884 -0.039589424 -0.35498154 -0.058793057 -0.46470556 0.49404716 -0.0740382 1.8708574
-0.07154337 0.928641 -0.43519193 -0.04401569 -0.6424614 0.1907301 0.20858853 -0.1010689 0.75209504
-0.12572955 -0.122084886 -0.5194678 -0.40686226 -0.44917014 -0.18887363 2.468596 1.8205659 0.0
0.27413043 -0.012120635 -0.62101775 -0.37004864 0.34228626 0.088342816 -0.41778088 0.82275224 0.2168497
-0.74881536 -0.029324925 0.1351947 0.01690095 0.46673432 -0.4294143 -0.6838674 -0.37135848 1.7196245
0.27148423 -0.4780627 0.25603428 0.22328107 0.16051607 -0.15086599 0.6208971 -0.31270307 -0.1430389
-0.23790486 -0.95405155 -0.3918607 -0.030750869 2.5496447 -0.47166345 -0.03142719 0.11078206 0.0
