-0.42883202 -0.8181188 -0.28848282 -0.23486774 0.17241019 -0.2482068 -0.25699598 3.9950578 0.0
-1.1030786 -1.1263797 0.052758787 -0.64845693 -0.6122758 -0.17926171 -0.59624445 4.7844963 0.0
-0.009399377 -0.53037506 -0.33846566 -0.16822897 -0.13994543 -0.15768686 -0.26468733 4.166512 -1.0343158
-0.20015004 0.29046395 -0.36078346 -0.53626907 0.22812438 0.29464328 0.7083558 -0.36959672 0.9685083
-0.12721442 0.0425254 -0.03199798 -0.34980053 -0.1559176 -0.19951448 -0.25780234 0.027146287 1.7338969
-0.6552957 -0.4969187 -0.28892016 -1.0809491 -0.17994936 -0.7946632 4.169212 0.38964513 0.0
-0.22430702 -0.16673015 0.1127679 -0.13647163 0.19441281 0.00058868725 -0.009294586 -0.18066461 1.2349241
0.4526281 0.63627124 0.4110064 -0.1017765 -0.032053236 -0.28393403 -0.40573508 -0.51577044 0.6104165
-0.25054744 0.04165628 0.0546624 0.22834072 0.12331531 -0.35784724 -0.05323357 -0.26766106 0.3996556
-0.41149014 -0.37537602 -0.13187699 1.1253146 -0.6091069 -1.1629896 0.041298606 2.4142947 0.0
0.07739478 -0.41568145 -0.0012725926 -0.47591925 0.530982 -0.046713065 0.29886606 0.12185088 0.64692366
0.07266638 -0.38031426 -0.15492849 -0.005965634 0.15996887 -0.4285187 0.005068729 -0.28519025 2.3086715
0.24266611 -0.17560501 -0.14985207 -0.040535137 0.0023898396 -0.17720403 -0.039873444 -0.07303699 0.7399665
-0.2467657 -0.5190672 -0.3158483 0.10613748 -0.5221248 -0.2971455 -0.5174532 3.252578 0.0
-0.11053361 -0.2861106 -0.5016233 -0.12334706 0.06144428 1.3928535 0.005634352 0.14557172 -0.05150023
-0.35673228 -0.08471743 -0.029355591 -0.35491627 -0.046888687 -0.4415445 0.45311394 -0.05297721 1.8703825
-0.067444175 0.9110695 -0.4187433 0.2450557 -0.8434665 0.16786759 0.19182871 -0.08460686 0.73917633
-0.099718 -0.11064737 -0.6676141 -0.39030653 -0.4184044 -0.13772768 2.6220388 1.8152796 0.0
0.25388172 0.03269211 -0.5787643 -0.33460298 0.33863667 0.087406084 -0.3768504 0.7720121 0.19778016
-0.7169406 -0.024868058 0.124910966 0.013535102 0.45251057 -0.4119802 -0.6490196 -0.34178054 1.6699493
0.2613566 -0.4414598 0.2391332 0.21702565 0.22676261 -0.14391483 0.55652297 -0.30194297 -0.1284337
-0.23755029 -1.2503468 -0.33968183 -0.029464033 2.6028616 -0.4542102 -0.030638363 0.11069165 0.0
