-0.59952235 -1.5481559 -0.7252156 -0.14400648 -0.42864078 -1.8636974 -0.78329086 4.2577796 0.0
-1.9327301 -1.117576 -0.15741016 -1.141 -0.35796094 -0.8775771 -0.95630985 5.07768 0.0
-0.82333773 -1.067052 -0.74721533 -0.48591036 -0.6377086 -0.6915653 -0.75388974 4.5396123 -0.97195333
-0.27415907 0.10947295 -0.77588385 -0.37841702 0.86565053 -0.22137803 -0.22045238 -0.19939008 1.6332357
-0.2114075 -0.13324836 -0.5985223 -0.8467882 0.13443874 0.20717514 -0.49382102 0.13965516 1.8607922
-0.3995377 -1.3390789 -0.6461922 -0.38155544 -1.4824444 -1.5306946 3.7490094 0.80780774 0.0
0.46683812 -0.37053284 -0.15999717 -0.3111931 -0.05977713 -0.09433443 -0.30496326 0.17827661 1.0957407
0.30892146 0.4642762 -0.23653737 0.73181075 -0.23502803 -0.2081236 -0.3935331 -0.81831205 0.97915196
-0.68462104 -0.5477711 0.2145808 0.25094494 0.31942466 0.34284586 0.044054266 -0.48229545 1.0039067
-0.8486516 -0.8281334 -0.26276857 -0.097921744 -0.734697 -0.70990235 0.12788625 3.1989667 0.0
-0.122687906 -0.23391262 -0.012765957 -0.3489452 0.27433595 -0.015280166 0.05372085 -0.22498125 1.4049865
-0.27360395 -0.037349433 0.014002183 -0.4866893 -0.2753858 -0.51787126 -0.33498728 -0.10472143 2.0440576
0.26249307 -0.59749615 0.07431857 0.10769642 0.22508793 -0.46859422 -0.27503902 0.15630747 0.89291364
-0.07710479 -1.0077986 -0.45599332 -0.06551475 -1.1359733 -0.8724454 -0.040953506 3.2469869 0.0
-0.28342786 -0.105587274 -0.4386072 0.23021741 0.007679425 -0.019897662 -0.05100217 -0.1700541 1.297474
-0.085426524 -0.6180424 -0.21080922 -0.21371561 0.061043225 -0.34694108 0.12286479 -0.41952497 2.1163502
-0.4026607 0.74343157 -0.29859096 0.22834653 -0.75006974 0.061001368 -0.04374674 -0.4777571 1.1922585
-0.84339404 0.049483676 -0.6466932 -0.6319239 -1.2114321 -1.5423038 3.5455825 0.78621536 0.0
-0.06920378 -0.15723994 -0.4020892 -0.33511296 -0.07819658 0.3832208 -0.5169048 0.43417135 0.83570117
-0.21535923 -0.6879865 -0.2006347 -0.07909765 0.3321056 -0.19410837 0.051306795 -0.012042481 1.3450909
0.30959594 -0.253389 -0.020350154 0.2888925 -0.3773654 -0.041959073 -0.24015434 0.6327782 0.029482095
0.19732764 -0.78913885 -0.72474366 -0.070999175 2.4675832 -0.9145889 0.20253396 -0.18995154 0.0
