-0.66941464 -1.5753757 -0.7067985 -0.31272063 -0.3156363 -1.7620013 -0.8647563 4.4920087 0.0
-1.8202074 -1.0407628 -0.53171813 -1.0290679 -0.5752412 -0.96347445 -0.98859656 5.347713 0.0
-0.7042992 -1.1051195 -0.5448287 -0.6240801 -0.5603294 -0.59826106 -0.8056794 4.5417943 -0.86937183
-0.16346738 0.21086566 -0.57098687 -0.5837427 0.6408337 0.030892959 0.019900622 -0.2810458 1.4610932
0.01858797 0.31985882 -0.5581624 -0.9375001 0.09177517 0.114562504 -0.4709147 -0.09302811 1.756783
-0.6483954 -1.3003904 -1.1057832 -0.5910098 -1.441303 -1.2340616 4.0935006 0.4891848 0.0
0.374705 -0.4781917 -0.27191603 -0.4118022 0.013397328 -0.0875669 -0.30024168 0.1968704 1.2920765
0.41269344 0.1589796 0.012143754 0.27359298 -0.023965938 -0.11082556 -0.25672764 -0.84034073 1.0294366
-0.27281862 -0.5666915 0.48361328 0.020102905 0.47550365 0.08792642 -0.06448458 -0.3283054 0.8565183
-0.7930014 -0.459778 -0.095819816 0.051022127 -0.8572929 -0.7648116 -0.30669862 3.1818066 0.0
0.15781161 -0.32315636 -0.084856346 -0.37121266 0.27258158 -0.3007133 0.025359519 0.083106406 1.2738323
-0.2252458 -0.08076636 -0.10886995 -0.56282747 -0.475348 -0.8323961 0.014940737 -0.26257846 2.2543516
0.043395907 -0.44370496 0.08437491 0.10295609 -0.08310036 -0.4278251 -0.4752178 -0.011266203 1.4735389
-0.1683848 -1.1577045 -0.6135021 0.5261398 -1.0219007 -0.637233 -0.16289908 3.1943781 0.0
-0.43404478 -0.059372243 -0.47673422 0.06547738 0.058897264 0.44372118 -0.09964588 0.022505045 1.0471953
-0.1644859 -0.51655656 -0.17206226 -0.43488726 -0.25984362 -0.30574948 0.18096748 -0.30856472 2.2825286
-0.17772697 0.49548894 -0.24097201 -0.13854672 -0.4339725 0.3038069 0.31756082 -0.31864986 1.025
-0.6812476 -0.14575148 -0.7665028 -0.58665866 -1.2290913 -1.3226552 3.5045822 1.0643396 0.0
-0.0037235217 -0.005956204 -0.42956948 -0.31242254 -0.07623377 0.20737351 -0.49225563 0.30419302 0.9538003
-0.11440886 -0.3582048 -0.037369557 -0.010319526 0.07608564 -0.39529452 -0.28937778 -0.12045033 1.6223643
0.30699506 -0.36209095 0.006702996 0.19397536 -0.20041211 -0.14888556 -0.10873366 0.2844067 0.42092848
-0.11980502 -0.9917029 -0.75811505 -0.45944172 2.962011 -0.86111844 0.090912625 -0.3354695 0.0
