-0.7058798 -1.6918393 -0.65667725 -0.5627921 -0.052237913 -1.5014795 -0.60430837 4.4916215 0.0
-1.8662895 -0.9721713 -0.24538012 -1.0705395 -0.50514627 -0.8407103 -0.61660427 4.8014483 0.0
-0.544362 -0.90413105 -0.66364795 -0.32525316 -0.5280577 -0.3631571 -0.86488587 4.6084075 -1.0251008
-0.18949154 0.37974423 -0.57142544 -0.4598861 0.36300468 0.17721583 0.530169 -0.5837478 1.2697768
-0.3105441 0.17727827 -0.31799525 -0.91185653 0.0027631498 -0.2617499 -0.06339024 -0.063989446 1.9107158
-0.93588215 -1.1137505 -0.9919008 -0.94586325 -1.2701372 -1.1802527 4.417918 0.41197282 0.0
-0.27396426 0.22071269 -0.33593097 -0.8235025 0.4116428 0.058814872 0.20298061 -0.45728007 1.5918174
0.36066347 0.32966083 -0.038275246 -0.17519787 0.22190167 0.12032451 -0.5314488 -0.60456204 0.9752741
-0.16848016 -0.28801638 0.17595889 0.571799 0.05107331 -0.030257383 0.050362814 -0.2916941 0.55278987
-0.65058243 -0.13270286 -0.06737594 0.6402404 -0.49170935 -1.0450833 -0.19522406 2.5503001 0.0
0.19835901 -0.44766876 -0.1340397 -0.6474435 0.7147185 -0.06868571 -0.14213698 0.12589163 1.116018
-0.054096196 -0.17554338 -0.50577855 -0.24971451 -0.47020683 -0.88722646 0.466246 -0.298016 2.1706321
-0.011755684 -0.31986985 -0.29028064 0.61154085 -0.0024136933 -0.22839206 -0.47812244 -0.54176134 1.5384462
-0.10108884 -1.3569604 -0.3062485 0.59337735 -0.7817932 -0.56733984 -0.61403954 3.1995554 0.0
-0.61456627 -0.20617859 -0.4725129 -0.2532431 -0.36657682 0.9582344 0.28313416 0.34607524 0.8711624
-0.39216784 -0.1722632 -0.13066867 -0.1867602 -0.34252042 -0.6571451 0.34508 -0.56958586 2.302862
-0.24484345 0.52025354 0.010322922 -0.38990775 -0.2070854 0.48965728 0.22405413 -0.26074862 0.7903703
-0.5723137 -0.23805012 -0.84618586 -0.24469207 -1.0413995 -1.2567583 3.576218 0.9769139 0.0
0.2862795 0.098406136 -0.74735504 -0.5156942 -0.1988815 0.44528723 -0.7741462 0.75010544 0.67018753
-0.5775072 -0.27080533 -0.2311753 0.2437988 0.08136627 -0.6031893 -0.60211575 -0.27600777 2.2197108
-0.17727102 -0.62643147 0.66125816 0.44963858 -0.07984752 0.019021172 0.086477466 0.20237604 -0.19211578
-0.3971106 -1.16816 -0.911609 -0.41826072 2.4400055 -0.62230027 0.17395541 0.53373545 0.0
