0.8323357 0.38876903 0.32708785 0.9757189 0.3618205 0.28073773 0.39541218 0.642241 0.0
0.74972117 0.6208618 0.76456755 0.5793048 0.5731797 0.6408085 0.6558078 0.80688816 0.0
0.4113786 0.2650728 0.72885144 0.6574888 0.37194955 0.54203767 0.61493886 0.79795086 0.34909073
0.4239584 0.7776156 0.6344189 0.48947772 0.73427236 0.33195388 0.29857138 0.3012019 0.347366
0.7697621 0.5091351 0.38177982 0.13160616 0.25480345 0.6534669 0.33857432 0.4275633 0.3688675
0.7269397 0.49452743 0.8736845 0.51814765 0.29464945 0.6271847 0.71496445 0.69024813 0.0
0.28207532 0.6867821 0.40287116 0.4680473 0.40331373 0.7033372 0.28669348 0.27222624 0.32112402
0.26769525 0.6603388 0.36915737 0.48371786 0.3087898 0.3221749 0.6518553 0.65731335 0.35068575
0.46050382 0.82690245 0.3197834 0.36616868 0.5994314 0.359413 0.30962524 0.20897973 0.3161077
0.40932617 0.5621115 0.3183566 0.48204544 0.4077879 0.7097028 0.6738761 0.7252917 0.0
0.54498535 0.2654722 0.19490221 0.27097473 0.32107183 0.56341505 0.55912143 0.20897347 0.35181305
0.2124721 0.4136736 0.49692258 0.29994383 0.2893401 0.7332166 0.27213475 0.24979417 0.3431613
0.28531444 0.5892855 0.24284613 0.29396665 0.74107623 0.32046354 0.26755893 0.27824104 0.3454682
0.3879182 0.34097907 0.37571234 0.55097204 0.4256686 0.70561004 0.46182466 0.63665634 0.0
0.372089 0.66665 0.30100337 0.25312543 0.35879022 0.34275734 0.46329975 0.21191323 0.39093742
0.4309105 0.26158842 0.44911036 0.24337113 0.62653464 0.4011841 0.38550958 0.27879205 0.380304
0.3057922 0.29191908 0.36983266 0.3651607 0.31876335 0.22003262 0.4830346 0.41681665 0.39353567
0.4932195 0.6716577 0.3812786 0.384017 0.5914543 0.71152633 0.5175988 0.3087725 0.0
0.669611 0.3048215 0.22223842 0.1529562 0.28323543 0.2678471 0.17121045 0.28908426 0.6239889
0.37665448 0.3384246 0.40439713 0.21797524 0.24516013 0.27677265 0.44519255 0.28143024 0.5934456
0.60237044 0.3279276 0.18352538 0.1919585 0.23610964 0.27125907 0.45670038 0.36317673 0.6385889
0.5158823 0.7574743 0.48064947 0.13809048 0.71010643 0.8298091 0.68154293 0.60005933 0.0
