-0.62939423 -1.4766499 -0.5450794 -0.3855231 0.17974004 -0.9926035 -0.47319007 4.162015 0.0
-1.6539832 -1.1501921 0.055120893 -0.9762539 -0.7350892 -0.5894522 -0.6454506 4.8725286 0.0
-0.23419395 -0.552422 -0.57664466 -0.433799 -0.5021088 -0.3326065 -0.6588852 4.332772 -1.2080117
0.33435202 -0.020390399 -0.5715079 -0.5652072 0.37704238 0.10217407 0.6038696 -0.7856771 1.4313618
-0.19540063 0.06579446 -0.046858147 -0.7777639 -0.2359853 -0.31586012 -0.035529014 -0.3354777 2.1862981
-0.86216927 -0.7314375 -0.7469833 -1.187674 -0.8106708 -1.0776571 4.4368157 0.42803717 0.0
-0.3349239 -0.24260314 0.13038953 -0.14616734 0.21444176 -0.0034855208 -0.013921158 -0.3607692 1.308808
0.3987006 0.91219187 -0.028568411 -0.24251115 -0.05482795 -0.3040558 -0.30758968 -0.2282399 0.7601974
-0.041132357 0.04565216 0.11389525 0.38257658 0.13176142 -0.6236989 -0.09137177 -0.2898679 0.727202
-0.6207333 -0.41567042 -0.16016147 0.8227161 -0.62504363 -0.8656764 0.053454172 2.5260322 0.0
0.09442762 -0.8126667 -0.00311828 -0.6975113 0.305835 -0.07989928 0.3441329 0.21018009 0.9943379
0.16650322 0.13458186 -0.38099462 -0.018987533 -0.111701004 -0.45103756 0.0076117874 -0.6111423 1.9686991
0.16599655 -0.2404413 -0.24154717 -0.08029968 0.0046666735 -0.43082824 -0.10416443 -0.27796128 1.4390578
-0.30899137 -1.0972764 -0.449202 0.12174725 -0.6979177 -0.5756436 -0.5987693 3.5436783 0.0
-0.15522805 -0.30037856 -0.6570025 -0.22907506 -0.113721944 1.5033714 0.008079325 0.34676477 0.34632066
-0.49445105 -0.39253992 -0.14725408 -0.10753777 -0.15897052 -0.58213407 0.7230265 -0.3218533 1.9741282
-0.092785634 0.7454425 -0.22539045 -0.08880315 -0.8348525 0.3346143 0.3013019 -0.22077373 0.8267863
-0.3483367 -0.18827938 -0.598824 -0.48861012 -0.614011 -0.7563474 2.4979806 1.8463187 0.0
0.17801312 -0.026311355 -0.84711754 -0.31327772 0.35486624 0.092594065 -0.6579172 1.0342519 0.32498565
-0.9070614 -0.060969546 0.20056295 0.04541844 0.36580145 -0.52006114 -0.6470871 -0.5342738 1.9499329
0.32100144 -0.6790294 0.34664014 0.3984692 0.19769625 -0.18572524 0.549484 -0.3648883 -0.19829373
-0.2394748 -1.3084933 -0.735103 -0.037126027 2.2451797 -0.55693394 -0.03515363 0.47041678 0.0
