0.35771915 -0.05816751 0.22995947 0.9020086 0.30238995 -0.25466758 0.090295024 1.0583465 0.0
0.0953468 0.33389145 0.99997294 0.45527723 0.29427546 0.21183959 0.5471175 1.1122051 0.0
0.12939183 0.29485384 0.31689113 0.15695038 0.031928405 0.28875157 0.17982477 0.789295 0.51568407
0.121834785 0.4252049 0.18212417 0.14748201 0.4648604 0.26205978 0.07894376 0.3677021 0.53745705
0.24947704 0.29317987 0.112985484 -0.052130993 0.31276813 0.36670512 -0.03185856 0.10851974 0.5587263
0.61927056 0.3991147 0.5840403 0.42005554 0.09840826 0.2544556 0.52626175 0.75345534 0.0
0.14899582 0.38763607 0.15088733 0.30353528 0.050201192 0.37093702 0.28131115 -0.05810117 0.45118687
0.13214262 0.31658217 0.104960576 0.14068913 0.27396885 0.373518 0.32119203 0.25176087 0.41402814
0.15533042 0.42566636 0.008480425 0.19623426 0.35153225 0.0037304217 0.2065787 0.04126684 0.541685
0.22666702 0.2653797 0.19974521 0.5160341 0.18266192 0.47333017 0.6287634 0.5769246 0.0
0.1859424 0.073911585 -0.022592254 0.086809434 0.19192049 0.1408578 0.18523003 0.04507238 0.5175815
-0.03720933 0.2826247 -0.0318446 -0.02401084 0.13270937 0.4020747 0.21192351 0.023375332 0.5467774
0.23677717 0.25056523 -0.017196681 0.044785142 0.31878987 0.19094016 -0.0009796611 0.17474744 0.529856
0.3835619 0.11986791 0.15393946 0.22861612 0.35345113 0.6932778 0.17105721 0.49171758 0.0
0.1800321 0.23311715 -0.0966555 0.011140263 0.014430708 0.2787557 0.21271098 0.105000265 0.545299
0.026837386 0.28061533 0.077583425 0.12742901 0.32715124 0.26941285 0.27388194 -0.015020054 0.31117225
0.037820645 0.09680733 0.12874807 0.01262585 0.1215235 0.00014365719 0.08295084 0.22519249 0.45692885
0.124515094 0.49715546 0.31662855 0.4283853 0.30583876 0.4403344 0.56119686 0.1259429 0.0
0.25088 0.060981438 -0.0315652 0.18032442 0.109493345 0.16065656 0.15386213 0.11195265 0.44410095
0.20529234 0.116878405 0.10375918 0.03992593 0.15709469 0.093565546 0.19964983 0.012358943 0.47501275
0.37156808 -0.0007892552 -0.00045962443 0.0534298 0.17093445 0.09830087 0.0484077 0.26656047 0.44490895
0.5185272 0.59980226 0.23618145 0.016510252 1.0660408 0.5735982 0.42762822 0.25491223 0.0
