-0.6861922 -0.8728568 -0.54135084 0.66239876 -0.5526891 -0.9103988 -0.80500597 3.0544345 0.0
-1.4237074 -0.7375805 0.41465902 -1.0567352 0.05156552 -0.45159537 0.8027942 3.1467845 0.0
-0.5759974 -0.6874963 -0.36167398 -0.26044363 -0.544564 -0.45813823 -0.5489137 2.8604593 -2.7890144e-05
-0.65527 -0.19026136 -0.67151535 0.027797565 0.6280649 -0.10158043 -0.3290473 0.59882426 1.3532306
-0.59446746 -0.477628 -0.12604567 -0.47876602 0.37086198 0.55804265 -0.035859525 -0.16934462 1.2573307
0.39149097 -0.69079804 -0.1317834 0.1468379 -0.8122214 -0.51963454 1.9991658 0.658629 0.0
0.0002775075 -0.4606822 -0.4163002 -0.13157266 0.34380522 -0.16632126 -0.03742547 -0.2786695 1.6495625
-0.43424174 -0.13030648 -0.40544504 -0.004517425 -0.10866804 0.036598377 -0.02141624 -0.08757075 1.7253109
-0.4722219 -0.12383413 -0.13218032 -0.08442927 -0.2278154 -0.21209943 -0.03688857 0.051330008 1.5408865
-0.4008587 -0.72628164 -0.6187835 -0.12383036 -0.36075082 0.18803881 0.49747548 2.2918804 0.0
-0.51857334 -0.6846116 -0.31667227 -0.3645584 -0.18774584 -0.22848944 -0.15028113 0.14421526 2.2666051
-0.50721157 -0.5120227 -0.3908367 -0.44207802 0.02354596 -0.11092692 -0.023028549 0.016020423 1.9366037
-0.17609583 -0.48695183 -0.4508369 -0.27901226 0.22238222 -0.17679846 -0.06597353 0.14754713 1.5706416
-0.29601684 -0.93156356 0.35810542 -0.05913371 -0.36736417 -0.14708288 -0.4245192 2.178816 0.0
-0.56608933 -0.41598505 -0.32016298 0.014870499 -0.18447123 -0.40195158 0.117247224 0.02832671 1.7718866
-0.42743322 -0.37382716 -0.2751727 -0.4644418 -0.18544509 -0.2041605 -0.03744106 -0.0024498769 2.2786703
-0.615083 -0.42167857 -0.40319857 0.0012268982 -0.2860414 -0.34337345 -0.13312167 0.25356796 2.0514617
-0.6539354 -0.62864155 0.07628084 -0.17759581 -0.5083413 -0.8318165 1.3258209 1.889962 0.0
-0.50747067 -0.24248151 -0.038362518 0.27210268 -0.33677894 -0.23267557 -0.109057255 0.21213682 1.0101576
-0.26140392 -0.42434764 -0.20712171 -0.1891239 -0.27829286 -0.1494148 -0.077452235 0.24980147 1.4639453
-0.020442761 -0.51917964 -0.2711964 -0.017166348 -0.25641078 -0.037198357 -0.16676383 0.5012645 0.9440358
0.13961937 -0.37358123 -0.20924823 -0.6771941 2.0537374 -0.43679214 0.6597897 -0.35771558 0.0
