-0.6662279 -1.6117824 -0.5989556 -0.41489097 0.2502084 -1.2187176 -0.51797366 4.1194963 0.0
-1.7563943 -1.1537672 0.05548022 -1.0372949 -0.7552914 -0.70296293 -0.6530878 4.8857265 0.0
-0.3757617 -0.5557701 -0.6240138 -0.4990826 -0.36473387 -0.37147236 -0.75413704 4.350679 -1.2361494
0.078670666 -0.02147264 -0.52756906 -0.5536936 0.40618378 0.14168361 0.88169146 -0.5499829 1.129405
-0.34361604 0.25154755 -0.053708754 -0.87547946 -0.25269833 -0.33812636 -0.042056847 -0.3540234 2.2347155
-0.89796674 -0.7727509 -0.859787 -1.2043729 -1.0128715 -1.1274487 4.4776697 0.43404567 0.0
-0.2993268 0.05170879 -0.16489165 -0.52912456 0.22187895 -0.00526457 -0.05984513 -0.4002179 1.8162552
0.35610723 0.9752059 -0.04437631 -0.18885341 -0.015560023 -0.20714252 -0.33584788 -0.1534405 0.4759383
-0.49659047 -0.2872791 0.12737666 0.58831954 0.38198373 -0.44741994 -0.2859877 -0.01994453 0.80142355
-0.6597341 -0.42200774 -0.16061476 0.91980475 -0.64238226 -0.8513963 0.055456508 2.480481 0.0
0.1136263 -0.85185736 -0.003222571 -0.7297302 0.3184029 -0.08649528 0.33729398 0.24071606 1.0091615
0.18757235 0.23281819 -0.43554145 -0.023322186 -0.13920145 -0.51077354 -0.04365457 -0.6142994 1.9258419
0.17220442 -0.26280153 -0.2887826 -0.06498829 0.0065860683 -0.480401 -0.10906081 -0.3371815 1.5809395
-0.31946817 -1.2260009 -0.4732775 0.12434092 -0.72860134 -0.63488203 -0.61187345 3.588982 0.0
-0.5149764 -0.29840815 -0.6854439 -0.13370651 0.0055432715 1.2505369 0.1540144 0.39724916 0.38776347
-0.5190295 -0.49236625 -0.18682805 -0.13105683 -0.19042382 -0.6064881 0.5339893 -0.4124341 2.2457836
-0.39292708 0.5924456 -0.20667297 -0.15246877 -0.591775 0.4204499 0.50081676 -0.2544715 0.8362723
-0.4191453 -0.21468166 -0.61453307 -0.21942496 -0.6499321 -0.9729685 2.9087582 1.3583082 0.0
0.07504222 -0.10600737 -0.9047721 -0.3418382 0.05233512 0.39981484 -0.5025007 1.058064 0.3479272
-0.9392416 -0.06955561 0.16177925 0.037416104 0.0751731 -0.53764385 -0.66792417 -0.2960451 2.1653817
0.013299686 -0.9576005 0.6285594 0.6011555 0.20536597 -0.20129563 0.13294876 0.24099606 -0.21039768
-0.5481248 -1.385895 -0.8243757 -0.038420547 2.55625 -0.57418394 -0.036487453 0.47897428 0.0
