-0.49959233 -1.034869 -0.37166685 -0.2860944 0.17528997 -0.43117827 -0.32770768 4.060664 0.0
-1.2960246 -1.1357942 0.053686198 -0.7631392 -0.6584769 -0.28805965 -0.61535674 4.819329 0.0
-0.03399291 -0.5390393 -0.4184448 -0.24534875 -0.23285462 -0.2122691 -0.3806222 4.231881 -1.1002208
0.11920427 0.29477927 -0.70741284 -0.54760087 0.27863726 0.31797448 0.754981 -0.7014308 1.1254735
-0.15094407 0.050584596 -0.037245188 -0.48085803 -0.18388449 -0.23955414 -0.30314448 -0.26962724 2.0708761
-0.73090124 -0.5795804 -0.42178664 -1.1222146 -0.32786548 -0.8970869 4.2736864 0.40449056 0.0
-0.2817536 -0.19482704 0.11947502 -0.14017919 0.2085796 0.00075079204 -0.010898406 -0.23881191 1.263883
0.48814803 0.6428317 0.412853 -0.14371155 -0.039685465 -0.29187942 -0.46613914 -0.5183071 0.64007664
-0.2554906 0.043203108 0.07322577 0.28046414 0.1266085 -0.3654566 -0.06600908 -0.27628538 0.5071709
-0.48465353 -0.39091864 -0.14247938 1.1265917 -0.5591159 -1.1643094 0.04576448 2.43967 0.0
0.08298115 -0.5428594 -0.0017279718 -0.55410886 0.560631 -0.057842877 0.31611827 0.15140924 0.67727643
0.10110326 -0.3817663 -0.22171763 -0.01038635 0.18119007 -0.5211818 0.006666601 -0.38632682 2.3174796
0.28783593 -0.19900134 -0.22569072 -0.053218424 0.0032039396 -0.25378424 -0.045012392 -0.12291602 0.8899766
-0.26986778 -0.6992833 -0.36338204 0.11209367 -0.5860482 -0.3866552 -0.5483989 3.3654144 0.0
-0.12650375 -0.29170442 -0.56202453 -0.1578278 0.062362615 1.4352803 0.0059072734 0.20568302 -0.05290438
-0.40623206 -0.15612775 -0.055846468 -0.048092905 -0.076278366 -0.4928935 0.5457928 -0.108804755 1.624636
-0.07657464 0.9498881 -0.45494244 -0.052887607 -0.6879647 0.2209369 0.22971262 -0.12402141 0.7672585
-0.16416493 -0.13672835 -0.53913116 -0.4268056 -0.48741913 -0.27160785 2.476814 1.8266759 0.0
0.29946026 -0.014845769 -0.6735228 -0.41554463 0.3465302 0.089434475 -0.47045434 0.86946064 0.24109964
-0.78729373 -0.0354532 0.14809169 0.021822661 0.31765944 -0.45041364 -0.4482112 -0.4086085 1.7786887
0.28363818 -0.5239961 0.2769858 0.23071109 0.16949943 -0.1592901 0.6421769 -0.3255745 -0.16192642
-0.23831408 -1.0361744 -0.4619419 -0.032303013 2.5517476 -0.49260172 -0.03236115 0.11088631 0.0
