0.67642236 0.26959306 0.382031 0.90323377 0.4391097 0.21482687 0.609018 0.50801885 0.0
0.50024694 0.75690913 0.8671571 0.39678758 0.4610726 0.59110254 0.58526576 0.66847056 0.0
0.37089086 0.38598615 0.53133553 0.45333862 0.2042871 0.4535351 0.3953756 0.6650355 0.4703724
0.33179978 0.6056871 0.3918678 0.33553424 0.5764039 0.35185108 0.23019193 0.3318992 0.48139504
0.55325717 0.4291339 0.362535 0.10948698 0.32967803 0.44283807 0.123919755 0.20691165 0.492621
0.70456004 0.60159117 0.64503264 0.37916818 0.23876172 0.5183231 0.52826357 0.82511747 0.0
0.2903345 0.54731166 0.22064511 0.3620398 0.23330346 0.5352405 0.34812677 0.19014004 0.41808262
0.19427471 0.45771727 0.3178492 0.36814475 0.4148382 0.38597244 0.46355176 0.4108595 0.45963946
0.27856287 0.6300358 0.29002547 0.27667174 0.42900112 0.1404892 0.330852 0.19783817 0.42906103
0.39011034 0.6149122 0.066553846 0.37999535 0.3258517 0.65038294 0.7870974 0.64617664 0.0
0.29644787 0.2289409 0.12084048 0.28078157 0.21897194 0.39226064 0.260591 0.2572302 0.44309476
0.041333187 0.3174846 0.28958705 0.31389725 0.19464554 0.5378292 0.32035127 0.025335489 0.45917165
0.27488095 0.38173598 0.26392958 0.075547084 0.55848736 0.23690479 0.16264628 0.33083084 0.45767716
0.2379117 0.29533878 0.21569255 0.42566472 0.5327526 0.8982496 0.2358054 0.49944434 0.0
0.30164465 0.380429 0.046936184 0.21069309 0.119208924 0.35233635 0.29306194 0.27285612 0.52998877
0.20770848 0.3533536 0.32720026 0.24301827 0.42342454 0.2903162 0.2316442 0.103295244 0.42597362
0.23566823 0.2619982 0.23420937 0.23194326 0.21741645 0.08528011 0.26797855 0.19230117 0.5198575
0.42109972 0.6537573 0.39334 0.3105818 0.6290716 0.5800005 0.433117 0.1138433 0.0
0.5516122 -0.0074440073 0.06633721 0.18986045 0.107284404 0.187538 0.19005503 0.19151054 0.65467924
0.34584692 0.17108142 0.19496988 0.22361289 0.156898 0.1811099 0.21639954 0.16423257 0.6757947
0.36422038 0.1418884 0.13845348 0.048737746 0.14693181 0.13999562 0.30185738 0.44119096 0.6960673
0.5859049 0.80339533 0.42787483 -0.21154392 0.9472247 0.7717686 0.61499447 0.28120568 0.0
