-0.2170366 -0.5628956 0.03480854 0.90865743 -0.23912154 -0.8319743 -0.29931316 1.9044431 0.0
-0.64883226 -0.1593172 0.66987324 -0.07994981 0.6201139 -0.030678682 0.46047238 1.8471582 0.0
-0.22685386 -0.26290405 0.22850926 0.055602383 -0.19486824 0.005019705 -0.017679593 1.1477823 0.5025688
-0.41166133 0.25013348 -0.40421444 0.31249774 0.38150865 -0.13043535 -0.033201538 0.5153454 0.8133369
-0.2639103 0.3034605 0.025080737 -0.061286777 0.26353258 0.23840944 -0.189575 0.04511701 0.6912187
0.7423554 -0.32889104 0.42739195 0.3816944 -0.46445125 -0.2670143 1.0247271 0.86543286 0.0
0.065695286 -0.16835003 -0.19848427 0.41946787 0.08661774 0.16906106 0.027915522 -0.052412428 0.64453226
-0.45052272 0.0067804432 -0.17333601 0.0363888 0.14019257 0.27152225 0.017830335 0.28343967 1.0978473
-0.34670973 0.14835472 -0.03673075 0.3329942 0.220003 0.10178335 -0.05466885 0.14604771 0.5217116
-0.10010929 -0.3323781 -0.33624405 0.10505881 -0.03433542 0.5308036 0.7674036 1.305307 0.0
-0.23171806 -0.52005917 -0.2546457 -0.08485495 -0.17546442 0.04001176 0.029369446 0.5195063 1.0995066
-0.3618154 -0.36550018 -0.36444706 -0.1942193 -0.004150595 0.41626495 0.18378328 0.2710076 0.86003053
-0.09563968 -0.42446545 -0.21780574 -0.15815449 0.4266029 -0.07886729 0.27599084 0.36075088 0.9413746
0.14901544 -0.37594593 0.06228475 0.18994676 0.14611728 0.18658508 0.042149495 1.0963769 0.0
-0.26276785 -0.022920247 -0.2970894 0.12730834 -0.21402757 0.045390908 -0.054712296 0.45637178 0.7569089
-0.25321448 -0.51158845 -0.16163273 0.00066946854 0.064221874 -0.06165193 -0.036643084 0.30129763 1.7332488
-0.2309963 -0.56080794 -0.05679613 0.045123383 -0.12789202 -0.2767216 0.30058315 0.4589173 0.87208533
-0.14281164 0.14664564 0.16670129 -0.027179629 0.06995201 -0.22305529 0.96932495 0.86079556 0.0
-0.1336933 -0.39244425 -0.19556776 0.14733814 -0.1513249 -0.0730904 0.14696334 0.34759697 0.6651678
-0.27963626 -0.4093511 0.005574475 0.08766123 0.048154596 -0.1150364 -0.06116997 0.2693692 0.90194273
-0.3268478 -0.5233301 -0.1313632 0.10577888 0.08842319 -0.19069515 -0.027267352 0.54037386 0.8052863
0.5210744 0.31880277 -0.034117613 -0.14288642 1.0483991 0.2946641 0.3837921 0.10636591 0.0
