-0.597437 -1.5285243 -0.72336775 -0.13310665 -0.47628242 -1.9031347 -0.75332254 4.2697697 0.0
-1.9277433 -1.1138082 -0.15687813 -1.1357008 -0.36859724 -0.8750108 -0.97296983 5.084236 0.0
-0.84005666 -1.0721389 -0.74724126 -0.57990247 -0.6321208 -0.6858183 -0.751786 4.5719676 -0.96588683
-0.21447104 0.107240774 -0.7607408 -0.3816292 0.844519 -0.22948849 -0.14195213 -0.21195224 1.5696231
-0.20763686 -0.14317617 -0.59331834 -0.80518895 0.14319879 0.19783537 -0.4903518 0.117344216 1.8341722
-0.4008087 -1.3340074 -0.64415324 -0.3829784 -1.475835 -1.576513 3.7662845 0.8043513 0.0
0.4551125 -0.399974 -0.117285214 -0.30667982 -0.051744696 -0.10826448 -0.3455068 0.18191978 1.1092991
0.308127 0.44407567 -0.23526433 0.7090491 -0.22656195 -0.24903597 -0.37464648 -0.8233391 1.0263757
-0.6930115 -0.56053925 0.2571824 0.20321393 0.33481508 0.34954926 0.03948736 -0.46054313 0.997905
-0.8420687 -0.82463664 -0.2289122 -0.065235786 -0.73769563 -0.74546 0.13051309 3.1839378 0.0
-0.109416984 -0.24111712 -0.021051314 -0.35465434 0.27979302 -0.014827895 0.05101782 -0.2300255 1.4071697
-0.28058782 -0.045903977 0.013278449 -0.48302725 -0.27831283 -0.5180291 -0.3337912 -0.12389758 2.062212
0.26237458 -0.6270184 0.11361532 0.16431758 0.17630398 -0.45900443 -0.32867122 0.15313496 0.90796554
-0.13243203 -1.0026776 -0.41532686 -0.013134383 -1.1325593 -0.8686479 -0.13115744 3.2856407 0.0
-0.27392378 -0.11317416 -0.47927222 0.22415833 0.049850605 -0.013815036 -0.03182518 -0.17962322 1.2946882
-0.077849746 -0.60082406 -0.20159265 -0.22617996 0.09223871 -0.3765383 0.12237044 -0.42380884 2.0985053
-0.42314002 0.75566703 -0.2855474 0.20070165 -0.7443694 0.10597091 -0.052095577 -0.49117512 1.1919808
-0.82764786 0.090869986 -0.65910655 -0.6338174 -1.2395862 -1.5244709 3.5230343 0.8322018 0.0
-0.034765504 -0.16134325 -0.38452867 -0.3344854 -0.09678502 0.37452966 -0.5348737 0.4125411 0.8504917
-0.20916717 -0.66860074 -0.18960635 -0.06300573 0.29657665 -0.18017213 0.09924701 -0.03482592 1.3119676
0.34577188 -0.20450024 -0.019703152 0.26659855 -0.392628 -0.061678864 -0.29985526 0.65267223 0.034577493
0.28111488 -0.7978387 -0.7417924 -0.04366495 2.4620137 -0.94219506 0.17893928 -0.2132106 0.0
