-0.71393824 -0.9846347 -0.6822294 0.5603275 -0.5685538 -0.96697736 -0.62126565 3.1563513 0.0
-1.2411319 -0.6507452 0.44805083 -1.041793 0.047204737 -0.32991424 0.8234628 2.991247 0.0
-0.50607324 -0.7662561 -0.24007705 -0.109527394 -0.5345177 -0.3924085 -0.5143225 2.5493972 0.20647776
-0.58972514 -0.13526948 -0.82014257 -0.11715559 0.67493063 -0.07829811 -0.041443735 0.5094017 1.2871267
-0.48037475 -0.43110546 -0.0692825 -0.5187692 0.29238963 0.52984643 -0.19177362 -0.07826156 1.3155543
0.4068004 -0.6235655 -0.02252921 0.2827011 -0.67284954 -0.48439127 1.7400405 0.6505172 0.0
-0.06295544 -0.46887136 -0.42121196 0.039199166 0.32534987 -0.1806936 -0.04673288 -0.15800653 1.5000876
-0.4337711 -0.18634002 -0.5199892 -0.059026256 -0.04056606 0.06682787 -0.05711297 -0.11076705 1.8941152
-0.46882144 -0.0153410705 -0.16237597 -0.08343534 -0.16152403 -0.20971484 0.037181612 -0.027873859 1.4583485
-0.34580523 -0.655339 -0.66746813 -0.1446617 -0.26436213 0.25539565 0.53855944 2.181048 0.0
-0.6142196 -0.65225875 -0.3121809 -0.42728963 0.007182567 -0.23223098 -0.07742853 0.18051578 2.1798596
-0.52381766 -0.59978807 -0.3979646 -0.358668 0.08328818 -0.15032406 0.07543635 0.032869864 1.8725181
-0.3229808 -0.48115867 -0.4020039 -0.14925699 0.20393285 -0.16742183 -0.043216854 0.1594748 1.5603276
-0.27672324 -0.87101614 0.30792797 -0.006069963 -0.32245004 -0.18794464 -0.22431108 2.0413349 0.0
-0.56734526 -0.3234779 -0.3373267 0.019494468 -0.1683721 -0.36785218 0.14327888 0.09836535 1.622322
-0.40703478 -0.44707745 -0.32405937 -0.52846354 -0.17725734 -0.15522042 -0.014145733 -0.0072701685 2.3585994
-0.597869 -0.60383433 -0.33656693 0.049246456 -0.2724831 -0.3132957 -0.12129382 0.1897543 2.0813231
-0.6006997 -0.43123946 0.038235303 -0.15744467 -0.43778434 -0.8386522 1.3162754 1.744348 0.0
-0.41366643 -0.23310427 -0.03232218 0.17182675 -0.34430033 -0.31528735 -0.0071129226 0.17057963 1.0244843
-0.3772798 -0.36402923 -0.22569059 -0.12620121 -0.2807556 -0.08295121 -0.24572259 0.2708383 1.5270919
-0.058582447 -0.49082214 -0.28064194 -0.077396214 -0.2270195 -0.047084644 -0.18710257 0.47315413 1.0623637
0.12498933 -0.33473203 -0.23541172 -0.6678988 2.0133374 -0.41815317 0.7004647 -0.2629798 0.0
