-0.5369847 -1.1564504 -0.4189258 -0.3140482 0.17666823 -0.5596 -0.36758444 4.092058 0.0
-1.3986415 -1.1402729 0.05413034 -0.8241908 -0.6815146 -0.360353 -0.6246048 4.835886 0.0
-0.06224432 -0.5431849 -0.46255815 -0.29320526 -0.29611254 -0.24426496 -0.45185626 4.263145 -1.1328225
0.12287161 -0.017527312 -0.73373336 -0.5530414 0.3062614 0.32963747 0.7780784 -0.72676075 1.3821847
-0.16365004 0.054907672 -0.040016137 -0.5588508 -0.19879413 -0.26117772 -0.022000672 -0.2886824 2.012413
-0.7696143 -0.6232987 -0.5043057 -1.1422682 -0.43516278 -0.9499959 4.323993 0.41170442 0.0
-0.3138014 -0.20970635 0.12278316 -0.14196694 0.2156312 0.00084221526 -0.011749856 -0.27245763 1.2778094
0.36519393 0.64595693 0.41372895 -0.16914351 -0.043899216 -0.29571292 -0.23958646 -0.51951045 0.65459603
-0.24494773 0.04395426 0.08406944 0.3090777 0.12819593 -0.3830183 -0.07307017 -0.280459 0.5675977
-0.52362233 -0.39848906 -0.1477837 1.1271969 -0.5789313 -1.1649346 0.0480403 2.4660316 0.0
0.08576051 -0.61582357 -0.0019965563 -0.5954308 0.5752209 -0.063988216 0.32461715 0.16777092 0.6921176
0.11816893 -0.0699422 -0.2626111 -0.013492543 0.19217746 -0.57169396 0.0075878394 -0.44588357 2.0192006
0.31201646 -0.21111935 -0.27383402 -0.060521528 0.003679757 -0.30069813 -0.047666676 -0.15714478 0.97110534
-0.28152835 -0.8050166 -0.3882735 0.11502461 -0.61892915 -0.437872 -0.5636655 3.42012 0.0
-0.13483487 -0.294387 -0.5930533 -0.17731991 -0.11163974 1.4582177 0.00604086 0.24215536 0.27383506
-0.43196115 -0.20832811 -0.07563985 -0.06185923 -0.09597344 -0.519201 0.59596276 -0.15277483 1.7265834
-0.081310205 0.97025466 -0.4731267 -0.06219091 -0.73448825 0.25154912 0.25013268 -0.14896616 0.7809412
-0.20771635 -0.1511078 -0.557113 -0.44522715 -0.5238879 -0.37417537 2.4840944 1.8320893 0.0
0.32376146 -0.01775497 -0.7235589 -0.46033412 0.3503304 0.090409786 -0.5224457 0.91290355 0.2647512
-0.8229118 -0.041916426 0.16049659 0.02734163 0.33328342 -0.47398198 -0.5027243 -0.44458836 1.832535
0.294822 -0.56820446 0.2969045 0.23747773 0.17784874 -0.16711867 0.6615742 -0.33738026 -0.18066062
-0.23867609 -1.1145458 -0.5341413 -0.03373857 2.553607 -0.51186246 -0.033208966 0.110978484 0.0
