-0.6053346 -1.3906521 -0.51097846 -0.3666005 0.17898095 -0.8623721 -0.44475213 4.1447287 0.0
-1.5872768 -1.1477488 0.054876033 -0.9365095 -0.72155887 -0.52241325 -0.640269 4.863506 0.0
-0.16928786 -0.5501397 -0.54627264 -0.39404702 -0.44109938 -0.3083406 -0.60063833 4.315572 -1.1891028
0.32722417 -0.019647008 -0.7796143 -0.56219566 0.35828418 0.3499535 0.8182256 -0.770853 1.3430644
-0.18714386 0.06291568 -0.045078143 -0.7171639 -0.22625779 -0.30146098 -0.031504434 -0.32333228 2.142293
-0.83846575 -0.7032715 -0.6783326 -1.1763617 -0.69591004 -1.0448121 4.408845 0.4239683 0.0
-0.3158134 -0.23695461 0.12847963 -0.14498606 0.21083984 0.0010192279 -0.013312497 -0.33906505 1.3012748
0.39019838 0.94855165 -0.026150284 -0.22184339 -0.051918622 -0.30219004 -0.28929543 -0.21832108 0.6794355
-0.040101033 0.045230534 0.105717435 0.36315352 0.13087608 -0.61950594 -0.08649439 -0.28752893 0.68418616
-0.59534514 -0.41138485 -0.15703021 1.118445 -0.6133939 -1.1562139 0.05207115 2.5104368 0.0
0.090582244 -0.75918937 -0.0025373625 -0.67093885 0.5870876 -0.07566118 0.33923608 0.19891503 0.72861767
0.15306711 -0.07269606 -0.347749 -0.02081963 -0.09608378 -0.41432473 0.009405692 -0.5656415 2.1408381
0.15693262 -0.23288669 -0.33027965 -0.07491657 0.004630136 -0.3984184 -0.06627314 -0.23615746 1.3488319
-0.30201074 -1.0169517 -0.4334138 0.120061375 -0.6776402 -0.5382653 -0.5899583 3.512939 0.0
-0.14996313 -0.2988963 -0.64838624 -0.21512088 -0.113207154 1.4929779 0.0062693795 0.31753516 0.34720156
-0.47832108 -0.33604977 -0.12506044 -0.09389798 -0.14046086 -0.56601214 0.6896228 -0.26810992 1.9101933
-0.08982676 0.7053764 -0.5049367 -0.08137103 -0.8090122 0.31198505 0.2881099 -0.20099062 1.0863855
-0.30684575 -0.17838587 -0.5883036 -0.47758374 -0.5905467 -0.636417 2.4821696 1.8553077 0.0
0.24985802 -0.023890872 -0.8149603 -0.3897495 0.35673323 0.09205295 -0.62172097 0.9898751 0.3092362
-0.88564134 -0.055340644 0.19305918 0.039738923 0.35789037 -0.5083502 -0.60821295 -0.5114745 1.9192512
0.3143726 -0.6499711 0.33318242 0.2561469 0.19262786 -0.1809742 0.6876258 -0.35793427 -0.21570672
-0.23927844 -1.2579628 -0.6796911 -0.03626418 2.556627 -0.54551846 -0.03466607 0.111213095 0.0
