-0.698966 -1.6656889 -0.64605516 -0.5551478 -0.051213756 -1.4490714 -0.5948882 4.4655538 0.0
-1.847698 -0.9380212 -0.24370907 -1.0917215 -0.4903574 -0.8154901 -0.6546789 4.834532 0.0
-0.4967057 -0.865668 -0.655072 -0.31228775 -0.5015418 -0.4066387 -0.8450807 4.598064 -1.0182635
-0.085954115 0.25592855 -0.60009074 -0.56419766 0.34677675 0.22262761 0.7416883 -0.57640207 1.1878502
-0.40792942 0.22114366 -0.24898762 -0.8899166 -0.26630157 -0.18656027 -0.06220533 -0.29112223 2.2484798
-0.92931557 -0.8112815 -0.96805686 -0.93739885 -1.2221297 -1.1712333 4.3476257 0.41058108 0.0
-0.27704203 0.18064927 -0.3036597 -0.8035154 0.54332775 0.057729073 0.20603026 -0.48949862 1.4999928
0.28941825 0.56672186 -0.03715402 -0.16764389 0.0986272 0.1346409 -0.50877076 -0.50251514 0.82408535
-0.5144348 -0.28747755 0.2652717 0.6122744 0.06732579 -0.15443717 -0.035044774 -0.019831432 0.61891556
-0.6450849 -0.10283737 -0.038334437 0.8467333 -0.4104309 -1.1146146 -0.19320458 2.3953001 0.0
0.38386175 -0.66213226 0.008646683 -0.5965514 0.5406395 -0.051817015 0.15373881 0.09193709 0.8507563
0.108154 -0.16679415 -0.50122094 -0.005621356 -0.44638604 -0.8733475 0.23106869 -0.531588 2.260242
-0.021412514 -0.3100029 -0.28553545 0.41413623 -0.0013163353 -0.11252169 -0.45693585 -0.42177936 1.5431225
-0.08724003 -1.3420774 -0.31867757 0.48551106 -0.7759844 -0.54335487 -0.61616224 3.2477472 0.0
-0.5990146 -0.19995055 -0.4407793 -0.2501715 -0.33202255 0.94279385 0.27107552 0.33922926 0.8212022
-0.37289867 -0.17414027 -0.1276312 -0.18043263 -0.48673153 -0.64072365 0.5421376 -0.5697721 2.1688008
-0.3045735 0.59463656 0.014761762 -0.39161208 -0.3901552 0.35961857 0.2299415 -0.074608006 0.8289764
-0.55416423 -0.23482569 -0.84117264 -0.23628886 -1.0018622 -1.2031606 3.5927293 0.9166835 0.0
0.17035207 0.09467691 -0.97907615 -0.4034988 -0.18356356 0.34996235 -0.6782802 1.0455226 0.5880197
-0.41783518 -0.3164839 -0.20910528 0.14206688 0.10967666 -0.79645115 -0.58099806 -0.34029314 2.3410861
-0.17796978 -0.6032105 0.6756023 0.43222094 0.16429166 -0.12121077 -0.04072478 0.19471586 -0.18287927
-0.30429655 -1.1168934 -0.89493215 -0.31396943 2.5035722 -0.5850863 -0.08503458 0.53600717 0.0
