-0.632712 -1.4886507 -0.54984987 -0.3881491 0.17984277 -1.0116129 -0.47716248 4.1643524 0.0
-1.6631937 -1.1505221 0.055154007 -0.9817426 -0.7369339 -0.5991288 -0.6461528 4.8737464 0.0
-0.24466598 -0.5527307 -0.5808685 -0.43945864 -0.5109581 -0.3360223 -0.6671618 4.335098 -1.2105855
0.33821377 -0.020492805 -0.57539797 -0.5656147 0.37964663 0.10286197 0.6058302 -0.7862518 1.4312279
-0.19509493 0.066188574 -0.04708809 -0.78632015 -0.23732902 -0.3178543 -0.036097605 -0.33715054 2.1916227
-0.8654176 -0.73528826 -0.7567594 -1.1892084 -0.8275332 -1.0821661 4.440597 0.42858908 0.0
-0.33628657 -0.22685266 0.13064934 -0.14922851 0.21268804 -0.0035147208 -0.014898291 -0.36424702 1.3106061
0.3998682 0.91307914 -0.028911214 -0.24540295 -0.05517915 -0.30000645 -0.31014413 -0.22961183 0.75379145
-0.053135827 0.045683805 0.115045585 0.3852924 0.13189971 -0.6103909 -0.09205036 -0.29018486 0.73318684
-0.6242398 -0.41625193 -0.16058461 0.82376367 -0.62663203 -0.8673397 0.053643532 2.5280108 0.0
0.1020567 -0.8201179 -0.0031512342 -0.70117533 0.27671394 -0.080488816 0.34478956 0.21175621 0.9971627
0.1684025 0.1350849 -0.38571528 -0.01935194 -0.11399462 -0.45623195 0.0076838345 -0.6175531 1.9726671
0.16725852 -0.24147895 -0.24557061 -0.08105475 0.004713934 -0.4361786 -0.10460569 -0.2829701 1.4516473
-0.30994517 -1.1085862 -0.45137516 0.121974654 -0.70069915 -0.58088 -0.5999688 3.5478487 0.0
-0.1561076 -0.3005791 -0.65958124 -0.23102517 -0.11379157 1.5047795 0.008380139 0.35090765 0.34996015
-0.4966679 -0.40085143 -0.15053374 -0.10952274 -0.1616466 -0.5843437 0.727653 -0.32980648 1.9829055
-0.09319586 0.75107294 -0.22725867 -0.08985615 -0.83839715 0.33778957 0.3031764 -0.22369249 0.8331909
-0.3543456 -0.18965517 -0.6002575 -0.4901169 -0.6172466 -0.77416515 2.5067496 1.8384167 0.0
0.17933753 -0.026656054 -0.85155123 -0.31763002 0.35514855 0.092667304 -0.662958 1.0383544 0.3264116
-0.9099907 -0.06171679 0.20100452 0.04616886 0.36678994 -0.52166134 -0.65251714 -0.52100533 1.9486169
0.32190332 -0.6830472 0.34840092 0.39943078 0.19839007 -0.1863756 0.5508619 -0.36583665 -0.19988792
-0.23950131 -1.3154631 -0.7429147 -0.037243836 2.245426 -0.5584927 -0.035216775 0.47106895 0.0
