-0.7016298 -0.87576675 -0.5400371 0.6169361 -0.5261606 -0.8651671 -0.8634777 3.0906358 0.0
-1.4290595 -0.76377875 0.40242994 -1.086729 0.06293122 -0.4570856 0.8008856 3.171243 0.0
-0.5669345 -0.67902267 -0.34724674 -0.30742657 -0.54691935 -0.46111408 -0.55041844 2.8965626 -0.039859228
-0.67620784 -0.1901584 -0.7171139 0.043992765 0.60598856 -0.059480704 -0.33477932 0.5862385 1.3832406
-0.6260472 -0.46824223 -0.17068177 -0.47879535 0.4140516 0.580347 -0.03712168 -0.17541154 1.2522758
0.39976236 -0.7067678 -0.13389996 0.116884366 -0.79848844 -0.5110918 1.9858992 0.6893576 0.0
0.0138615165 -0.500767 -0.3766098 -0.17911297 0.37766403 -0.12733403 -0.0097883865 -0.2953047 1.6119943
-0.39172217 -0.1636589 -0.33949876 0.009101884 -0.12436489 0.025426231 -0.02753169 -0.0887041 1.6855928
-0.5147171 -0.08848785 -0.123454385 -0.06271055 -0.24570207 -0.20698082 -0.06549177 0.019045604 1.5655855
-0.42551976 -0.7142865 -0.58689547 -0.12517767 -0.3779851 0.14922844 0.41835928 2.3626359 0.0
-0.47855473 -0.6970783 -0.37598106 -0.34420416 -0.21232358 -0.206151 -0.19229127 0.18917675 2.2648659
-0.51325643 -0.5122224 -0.3466112 -0.4719759 0.0065121083 -0.056649715 -0.060610175 0.0070684487 1.929558
-0.1268789 -0.52482057 -0.41958418 -0.2968442 0.20660888 -0.15775874 -0.060118098 0.15031019 1.5459316
-0.30346832 -0.91719854 0.32895508 -0.03082884 -0.3523438 -0.17279579 -0.42252228 2.1799943 0.0
-0.5751342 -0.40278277 -0.31440935 0.0119890105 -0.18137082 -0.3896317 0.14344043 0.02557014 1.7393196
-0.40282947 -0.35280776 -0.30087903 -0.4566265 -0.21133037 -0.2063426 -0.05530146 -0.010137615 2.2872524
-0.63840705 -0.42074057 -0.36934748 -0.024719741 -0.229491 -0.3367636 -0.14613694 0.1958005 2.0692623
-0.67057556 -0.6424973 0.05655489 -0.13950257 -0.49286756 -0.85630083 1.3155432 1.9052085 0.0
-0.4976336 -0.25636783 -0.010892157 0.27545023 -0.36118567 -0.2684023 -0.10850359 0.2683829 0.9785749
-0.23531301 -0.4323937 -0.21869577 -0.17943092 -0.2714952 -0.1483183 -0.060376637 0.25019062 1.4329251
-0.021291258 -0.54799664 -0.2504275 -0.01959266 -0.28742847 -0.027163057 -0.18215701 0.5147562 0.96298516
0.1515826 -0.3823502 -0.22107781 -0.6875112 2.0468655 -0.4378522 0.6794358 -0.36802503 0.0
