-0.5659203 -1.2537447 -0.45701405 -0.33607304 0.1776775 -0.6763424 -0.39958957 4.115044 0.0
-1.4783379 -1.1435412 0.054455683 -0.871631 -0.6987738 -0.4240338 -0.6314181 4.8479633 0.0
-0.09653448 -0.54622006 -0.49752447 -0.33374912 -0.3526149 -0.2705116 -0.511869 4.2860284 -1.1571385
0.12560941 -0.01842614 -0.75348806 -0.55703235 0.32805058 0.3383868 0.79531926 -0.7457548 1.3917015
-0.17355523 0.05828122 -0.042159595 -0.6233796 -0.21038881 -0.27811584 -0.025785012 -0.30337876 2.0683022
-0.79904866 -0.65714586 -0.5742516 -1.1570781 -0.5345628 -0.9904207 4.3609548 0.41703174 0.0
-0.28520855 -0.22123428 0.12524644 -0.1432815 0.20439054 0.00091559417 -0.012410444 -0.29985607 1.2880347
0.37594348 0.6485275 0.41424093 -0.1904104 -0.047241084 -0.29853263 -0.26021564 -0.5203868 0.66536224
-0.03962111 0.044508796 0.092947 0.33169818 0.12936302 -0.6108443 -0.078673586 -0.28353396 0.6160042
-0.5539112 -0.40408704 -0.15176481 1.1276364 -0.5937815 -1.1653895 0.049766056 2.4853835 0.0
0.0878401 -0.6749563 -0.0022176423 -0.6274009 0.5860695 -0.068862215 0.33094123 0.18076603 0.70311534
0.13235515 -0.071135364 -0.29699302 -0.016317418 0.20058334 -0.6114656 0.008336487 -0.49486548 2.0494864
0.33086452 -0.22039212 -0.31515104 -0.06645217 0.0040694247 -0.34015423 -0.049694583 -0.18785515 1.0347072
-0.29032347 -0.89179903 -0.4074377 0.117204234 -0.6439932 -0.47931662 -0.5750346 3.4604688 0.0
-0.14123544 -0.29635364 -0.6166879 -0.19298573 -0.11232357 1.4733417 0.0061399094 0.27266306 0.30385566
-0.4516884 -0.25689453 -0.094288796 -0.07427395 -0.113405414 -0.53920954 0.63531494 -0.19548577 1.8047267
-0.08493667 0.98406774 -0.48680592 -0.069964506 -0.76624805 0.27643374 0.26611078 -0.1698587 0.791018
-0.24644792 -0.162503 -0.5705662 -0.45912132 -0.55210793 -0.47223637 2.475373 1.8501856 0.0
0.34266084 -0.020221097 -0.76226264 -0.4959015 0.35312057 0.09112584 -0.5638192 0.94585365 0.28339183
-0.8498226 -0.04734196 0.17016388 0.032208905 0.34237325 -0.48874044 -0.5464758 -0.47272372 1.8727189
0.30323127 -0.6026743 0.3122823 0.24252316 0.18417753 -0.17305225 0.6760489 -0.34623393 -0.19562781
-0.23893972 -1.1752362 -0.593617 -0.03482244 2.5549605 -0.526341 -0.033839487 0.11104558 0.0
