-0.5274816 -1.1251028 -0.4067037 -0.3068886 0.17632623 -0.5246561 -0.3572899 4.084268 0.0
-1.372521 -1.139163 0.054020114 -0.80864704 -0.675741 -0.3409391 -0.62230396 4.8317842 0.0
-0.053601258 -0.5421562 -0.45123062 -0.28056315 -0.2790256 -0.23592763 -0.43308318 4.2553887 -1.1246678
0.12195392 -0.01723162 -0.7271318 -0.5516903 0.29918283 0.3267128 0.77229905 -0.7204101 1.3789626
-0.1604106 0.053804997 -0.039312027 -0.5384537 -0.19499685 -0.2556533 -0.020843755 -0.2838466 1.9937472
-0.75985 -0.6121856 -0.48250225 -1.1372738 -0.4057359 -0.93662304 4.311492 0.40990776 0.0
-0.3055495 -0.20592289 0.12195629 -0.14152253 0.21386474 0.00081861316 -0.011533222 -0.26371777 1.2743498
0.47521842 0.64518243 0.41351205 -0.16246223 -0.04281693 -0.29475978 -0.44148332 -0.5192128 0.6509735
-0.2572554 0.043767214 0.08124624 0.3017386 0.12780136 -0.36822188 -0.0712561 -0.27942047 0.5520107
-0.5136997 -0.39660254 -0.1464533 1.1270467 -0.57396424 -1.1647797 0.04746695 2.4594831 0.0
0.085064344 -0.59690887 -0.0019264666 -0.5849299 0.5715762 -0.062409792 0.3224934 0.16356596 0.6884157
0.11369687 -0.06954089 -0.25184318 -0.012647169 0.18939877 -0.5587599 0.0073487465 -0.43034747 2.0090008
0.30585185 -0.20805445 -0.26104653 -0.058626693 0.0035558587 -0.2883432 -0.046995807 -0.14788172 0.95037115
-0.27859747 -0.7774589 -0.3819613 0.11429243 -0.61062664 -0.42460358 -0.5598494 3.406503 0.0
-0.13272412 -0.293721 -0.58522105 -0.17228493 -0.11140808 1.4531085 0.006007531 0.2325725 0.26431158
-0.42544818 -0.19398603 -0.07017306 -0.058125753 -0.0906738 -0.5125647 0.58313775 -0.14047664 1.7007802
-0.08011208 0.9656002 -0.46856135 -0.059747614 -0.7239863 0.24360324 0.244918 -0.14245917 0.77754265
-0.19597359 -0.14741573 -0.55260915 -0.44059697 -0.5146195 -0.34567574 2.482291 1.8307484 0.0
0.31757206 -0.016986256 -0.71084476 -0.44882396 0.3493863 0.09016748 -0.50907266 0.9019579 0.2586927
-0.8139526 -0.040215675 0.15733431 0.025858795 0.32663983 -0.4649458 -0.48865134 -0.435403 1.8190631
0.29201475 -0.5569324 0.29184738 0.2357854 0.17574564 -0.1651468 0.6567213 -0.33442023 -0.17583369
-0.23858647 -1.0946218 -0.5152944 -0.033377584 2.5531468 -0.50702834 -0.032997165 0.11095569 0.0
