-0.67022145 -1.0149405 -0.7552631 -0.87433434 -0.8511448 5.2015457 -0.9800433 -0.9552775 0.0
0.97065556 -1.5665281 -1.0999087 5.475924 -1.1728377 -1.3055017 -0.9184044 -1.1404237 0.0
-0.8516073 -0.5586041 -0.54715794 -0.7928526 -0.70636004 -0.69552743 -0.6127348 -0.59838563 5.04996
-0.8506202 -0.8364911 -0.66687346 -0.7282283 -0.5081056 -0.755678 -0.77676666 -0.70324785 5.195739
-0.56940764 -0.31137967 -0.85764915 -0.49393114 -0.63540393 -0.77841467 -0.7375332 -0.74198514 4.8987875
-1.3375497 -1.4785256 -0.32317343 -0.95869386 -1.246547 -1.4798325 0.4361017 5.334463 0.0
-0.50185317 -0.5211967 -0.70053005 -0.66939384 -0.5769912 -0.5241415 -0.6866396 -0.64143604 4.5618167
-0.50168425 -0.5270791 -0.6466783 -0.6468996 -0.5471252 -0.4723931 -0.56265235 -0.61622304 4.279452
-0.69857764 -0.73237985 -0.8582545 -0.67972475 -0.2678357 -0.60183465 -0.43086377 -0.5587165 4.536098
-1.3008522 -1.1045743 -1.256493 0.67771435 -1.3226321 -1.2805002 -1.0179018 5.2645974 0.0
-0.8264923 -0.36496368 -0.4289446 -0.5724262 -0.409316 -0.65592384 -0.45290706 -0.45119175 4.254044
-0.7873362 -0.8266162 -0.5718823 -0.7110222 -0.37644807 -0.6488206 -0.638264 -0.5146711 4.6843047
-0.63520414 -0.443833 -0.77079093 -0.49132234 -0.5464332 -0.46774468 -0.48658678 -0.66501004 4.358374
-1.0501581 -1.1490412 -0.9927436 -0.15711255 -0.92923295 -1.284041 -0.70131594 4.985194 0.0
-0.59435874 -0.57668364 -0.75621206 -0.57378757 -0.32899183 -0.3478353 -0.44828114 -0.5292979 4.2185283
-0.5963931 -0.5381312 -0.59096414 -0.69649684 -0.35347924 -0.34079096 -0.5904809 -0.58523196 4.197724
-0.5550265 -0.4343263 -0.45148873 -0.6598186 -0.6551963 -0.57794225 -0.38492936 -0.469882 4.209924
-0.93565094 -1.4688588 -0.753094 3.984079 -1.2543404 -1.3616664 -0.83603334 0.7300356 0.0
-0.55421984 -0.5740074 -0.7290621 -0.6733862 -0.62098885 -0.5777602 -0.5835394 -0.35942307 4.4908714
-0.52395433 -0.6623358 -0.65216583 -0.62131435 -0.46960798 -0.3370843 -0.49129337 -0.4713794 4.2492394
-0.5784387 -0.6064563 -0.5391832 -0.5960119 -0.5916896 -0.5278277 -0.5596044 -0.54962546 4.3872156
-0.97042906 4.0352955 -0.7575625 -1.2625021 -0.8776939 -1.2694337 0.1517615 -1.0965813 0.0
