-0.81800765 -0.79928356 -0.72128516 -0.9095139 -0.29797655 4.109015 -0.7750066 -1.1362584 0.0
3.1007586 -1.6963583 -0.38098547 2.6426592 -1.0359446 -1.5036745 -0.8252193 -1.1017287 0.0
-0.5367831 -1.1410923 -0.48122257 -0.6832885 -0.5163803 -0.38409716 -0.82840496 -0.5771751 4.604333
-0.8636633 -0.8534203 -0.5584954 -0.35659775 -0.6998979 -0.71502686 -0.30133632 -0.57481444 4.293573
-0.74508274 -0.4416586 -0.77100927 -0.4924595 -0.5645396 -0.93842274 -0.55955434 -0.5458901 4.4201226
-0.90659124 -1.9206682 1.3441625 -0.56954795 -0.9482957 -1.5546958 1.7307264 2.415647 0.0
-0.6563749 -0.44989154 -0.49148127 -0.83651024 -0.41715398 -0.5396473 -0.39701596 -0.6634626 4.0589523
-0.54819196 -0.4638826 -0.73104405 -0.47783443 -0.58187425 -0.24061687 -0.4166211 -0.5176493 3.5791433
-0.68078417 -0.4787508 -0.6085229 -0.7257909 -0.41347602 -0.40726915 -0.69847006 -0.4977195 4.0329514
-1.1620462 -0.73145574 -1.0133559 1.8971506 -0.45008764 -1.3325677 -0.35755938 2.528358 0.0
-0.71291745 -0.62633634 -0.608466 -0.60412693 -0.461015 -0.67791456 -0.4700763 -0.44201872 4.1061807
-0.701371 -0.7653766 -0.60930026 -0.74108213 -0.6595828 -0.5749614 -0.43652138 -0.42265794 4.268005
-0.69636077 -0.47621402 -0.61536497 -0.625276 -0.58231235 -0.4240532 -0.62767285 -0.5173841 4.2292104
-0.7716657 -0.28409317 -1.1380029 1.0065577 -0.2544194 -0.87118983 0.1379691 2.1876085 0.0
-0.72211564 -0.70305663 -0.69188005 -0.57495254 -0.2945692 -0.5696137 -0.365182 -0.6378878 4.0539784
-0.7344972 -0.5863985 -0.51628006 -0.54698086 -0.42051744 -0.64367646 -0.38803658 -0.5014427 4.0336213
-0.7170215 -0.4083935 -0.79631335 -0.66388893 -0.46817994 -0.54191434 -0.642282 -0.44641635 4.27226
-0.10082624 -1.0394888 0.14592178 1.2310699 -0.3036684 -0.8375334 0.15099867 0.74953586 0.0
-0.39929944 -0.5003161 -0.639752 -0.86628485 -0.5769842 -0.35346726 -0.54521996 -0.5849563 3.8300874
-0.6357859 -0.5997608 -0.65325916 -0.67945015 -0.35877857 -0.4438421 -0.38756016 -0.598187 3.9912417
-0.4880114 -0.80752295 -0.60218495 -0.76176685 -0.30496857 -0.49792597 -0.37315187 -0.5813924 4.041107
-0.64241123 1.7393593 0.5083339 -0.73112977 -0.42425087 -0.81132925 0.5443391 -0.7186624 0.0
