-0.6507948 -1.1057131 -0.7983049 -0.41489866 -1.128234 5.8764653 -0.8054218 -0.71292907 0.0
-0.89851034 -1.2257221 -0.9604368 7.3258605 -0.8756301 -1.2779492 -1.0365084 -0.8357881 0.0
0.030313991 -0.44048345 -0.84701383 -0.746131 -0.6571221 -0.41830742 -0.5296012 -0.70041126 4.9711413
-1.1853012 -0.40958163 -0.12738313 -0.93238825 -0.6178616 -0.6061746 -0.49320585 -0.40010878 5.4811854
-0.49360397 -0.081398964 -0.6505788 -0.68143195 -0.22134733 -0.78440815 -0.93621993 -0.7075156 5.0540557
-1.2558217 -0.99282795 -1.0349592 -0.8393562 -0.9054956 -1.0485021 -0.87268794 7.0804477 0.0
-0.53073937 -0.4303266 -0.46098664 -1.1148306 -0.6458966 -0.14666179 -0.6841262 -0.56491756 4.966816
-0.19515902 -0.7512273 -1.0500257 -0.57336944 -0.4222984 -0.5064833 -0.7652368 -0.636922 5.047585
-0.9609032 -0.6095287 -0.92661923 -0.9345864 -0.51233214 -0.5454844 -0.33744612 -0.6569535 5.318827
-1.1136659 -1.2017155 -0.802965 -0.55563277 -0.8953704 -0.68202543 -1.0758923 6.803852 0.0
-0.7675416 -0.63559175 -0.47116205 -0.116878375 -0.9370642 -0.6834698 -0.3726923 -0.79525906 4.734236
-0.9864312 -0.27552143 -0.32720825 -0.73427284 -0.70784986 -0.6992413 -0.5219564 -0.6091922 4.9620395
-0.71088463 -0.6949516 -1.2613986 -0.7416605 -0.78036445 -0.894654 -0.1325595 -0.43408087 5.2552986
-0.8999369 -0.48842582 -0.90777034 -1.1457406 -1.2110443 -0.98588306 -0.701559 6.4922104 0.0
-0.67099035 -0.09223379 -0.48229447 -0.7413018 -0.9853134 -0.6838126 -0.6258062 -0.15035902 4.4393616
-0.5498415 -0.35054904 -0.40373412 -0.66440105 -0.760714 -0.9466817 -0.2279667 -0.5284884 4.3762817
-0.40146697 -0.047171794 -1.1229608 -0.92068136 -0.31995818 -0.35821363 -0.64266163 -0.68597955 4.724
-1.1987007 -0.9635214 -0.512167 5.836884 -1.1161155 -1.1101743 -0.77497685 -0.46817112 0.0
0.022173865 -0.61997616 -0.17607854 -0.82557374 0.13506041 -0.44982845 -0.48305008 -0.4708689 3.765127
-0.5306453 -0.7364491 -0.56532425 -0.9964493 -0.681466 0.04297037 -0.4723958 -0.20763996 4.2808437
-0.42205495 -0.78783447 -0.3807211 -0.42191446 -0.46612495 -0.493013 -0.29020375 -0.38511372 4.031128
-0.7203753 5.5003233 -0.4279549 -1.2091374 -0.9463103 -0.7172021 -0.5790096 -0.8023453 0.0
