-0.76193804 -0.6931599 -1.0214407 -0.765252 -0.70187914 5.703811 -0.92239624 -0.53455436 0.0
-0.63201106 -1.3516467 -1.0585275 7.2525206 -1.2346737 -1.2266831 -0.97853786 -0.7362497 0.0
0.014496019 -0.6263005 -0.7339812 -0.9727279 -0.6623601 -0.2804836 -0.87678313 -0.8335983 5.279941
-1.0952367 -0.50710833 -0.2959631 -0.74543893 -0.8079827 -0.32565042 -0.42319757 -0.6522338 5.351622
-0.46755105 -0.030066943 -0.34918803 -0.70261127 -0.40296206 -0.7253234 -0.5953576 -0.8011805 4.78994
-1.2284125 -1.1546397 -1.0986522 -1.0482796 -1.0516025 -1.0160125 -0.82559836 7.127153 0.0
-0.7381134 -0.870092 -0.7105736 -1.2653614 -0.5902034 -0.002642444 -0.5326972 -0.52813065 5.163958
-0.44147688 -0.96432936 -0.67620736 -0.597129 -0.6752479 -0.53285474 -0.8865019 -0.37820202 5.0903955
-0.7842942 -0.5716255 -0.6662583 -1.0535223 -0.5778698 -0.39820802 -0.29413512 -0.4875839 5.0353765
-1.3133919 -1.2344407 -0.72840095 -0.7140868 -1.0897561 -0.7349525 -0.7427143 6.6756115 0.0
-0.72172445 -0.6079932 -0.6624471 -0.5109859 -0.8461782 -0.47659656 -0.05354325 -0.7866758 4.588971
-0.79694766 -0.49490407 -0.6698667 -0.57788324 -0.7036515 -0.92149484 -0.44043192 -0.48708457 5.02748
-0.95053273 -0.7614065 -0.9773198 -0.54298717 -0.6470962 -0.8179912 -0.108013056 -0.63851595 5.0460205
-0.89844805 -0.7700924 -1.0615876 -0.8689653 -1.0620341 -1.2193922 -0.8398245 6.4075737 0.0
-0.59228027 -0.25658357 -0.35544375 -0.6372535 -0.5646983 -0.2693066 -0.81584466 -0.1994984 4.134603
-0.5798456 -0.21057858 -0.60569555 -0.567672 -0.6321032 -0.8817322 -0.06616844 -0.48049027 4.1711698
-0.40666953 -0.58764946 -0.999307 -0.98111916 -0.3910468 -0.52858406 -0.4119401 -0.7463894 4.849129
-1.0606083 -1.3813043 -0.98429745 6.231671 -1.2172128 -0.86529905 -0.9510291 -0.5217053 0.0
0.3816675 -0.97981316 -0.20165563 -0.90723455 -0.33918747 -0.36016357 -0.43076587 -0.67594576 3.874871
-0.400444 -0.7816334 -0.4327059 -0.946207 -0.21623433 -0.18882859 -0.40499416 -0.39470336 4.1687255
-0.55991066 -0.7166945 -0.6342815 -0.47781834 -0.52224237 -0.10424109 -0.40439704 -0.30396634 4.1040673
-0.73085886 5.537118 -0.80922645 -0.92737275 -0.9335918 -1.0431083 -0.67723036 -0.5808272 0.0
