0.8772335 0.87157524 0.87194914 0.8710792 0.8716308 0.8723333 0.8710567 0.8710752 0.0
0.8749636 0.8720903 0.8735817 0.8713683 0.87472045 0.8769184 0.87508804 0.8714394 0.0
0.872488 0.8747305 0.87115973 0.87001294 0.8719876 0.8709683 0.8702577 0.8706061 0.8726279
0.8720674 0.87133425 0.87024784 0.87092304 0.8716349 0.87140757 0.8705434 0.87098503 0.87129813
0.8710379 0.87080514 0.8703684 0.8710979 0.8709667 0.8722101 0.8714018 0.8705688 0.8718665
0.8771666 0.871005 0.87277514 0.8727054 0.87034774 0.8783919 0.87306994 0.87305295 0.0
0.87173533 0.87114114 0.8716583 0.87047887 0.8709583 0.86985046 0.87128454 0.8709306 0.8714491
0.87021166 0.87092566 0.8716231 0.8709127 0.87092364 0.87075776 0.8706781 0.8710821 0.871085
0.87118506 0.8713329 0.87045807 0.87032706 0.8707937 0.8711287 0.87148446 0.8706768 0.87172055
0.8729112 0.8716165 0.8742129 0.8781891 0.87187874 0.87104565 0.8742435 0.8731882 0.0
0.8698324 0.8712259 0.87091535 0.8713047 0.87110543 0.8710907 0.87111515 0.8707644 0.87151223
0.87122506 0.8706818 0.8710913 0.8708769 0.8710935 0.87111956 0.87065506 0.87047005 0.8714028
0.871113 0.87063265 0.8713012 0.8707685 0.8705492 0.8712039 0.87050647 0.8707052 0.8715513
0.87615585 0.87239754 0.87361795 0.87454486 0.87314475 0.8696856 0.872231 0.8709179 0.0
0.8708404 0.8711028 0.87131137 0.87051606 0.8711839 0.87068063 0.8704346 0.87051135 0.8715261
0.8713743 0.8705852 0.8705429 0.87043786 0.87110347 0.87072444 0.87124604 0.8706732 0.8716283
0.8709493 0.8711849 0.8707446 0.87019736 0.87101954 0.8706848 0.8712236 0.870744 0.8717331
0.8743016 0.8720771 0.87203836 0.87826633 0.8721979 0.8718696 0.8694566 0.8715555 0.0
0.87078494 0.8710171 0.8710077 0.8708336 0.87078774 0.87093145 0.87061757 0.8703916 0.8719317
0.87081945 0.87128305 0.8708089 0.87106234 0.87051713 0.8709548 0.87081915 0.87045985 0.8716696
0.87118095 0.87173444 0.8710851 0.87058884 0.8706728 0.870863 0.87098783 0.870549 0.87228596
0.8716112 0.87060165 0.87253946 0.87044233 0.8719752 0.8726102 0.87170935 0.87112087 0.0
