-0.9380246 -0.7857573 -0.8298575 -0.8138606 -0.9466822 5.741781 -0.9151802 -0.9126522 0.0
-0.22369677 -1.2363138 -0.64492226 6.563845 -1.4438826 -1.1737752 -0.932681 -1.2074579 0.0
-0.40786573 -0.78776926 -0.8641537 -0.79917264 -0.68577844 -0.7232217 -0.7215332 -0.74458873 5.4734206
-0.8723629 -0.5257073 -0.4212961 -0.92489934 -0.386144 -0.6716216 -0.79023933 -0.89929587 5.5634894
-0.6026633 -0.23915234 -0.96828437 -1.0034444 -0.63222474 -0.4942595 -0.78778267 -0.6146163 5.2073774
-1.3137416 -0.89370996 -1.0350134 -1.2438434 -0.9973392 -1.1500959 -0.5690787 6.573272 0.0
-0.34925917 -0.5780397 -0.59276694 -0.6864296 -0.6618232 -0.6293927 -0.540436 -0.99326074 4.8670177
-0.55145687 -0.69654286 -1.0481124 -0.78803194 -0.6504206 -0.49987516 -0.8674821 -0.7532906 5.248863
-0.85415536 -0.5035392 -0.40329558 -1.0854913 -0.5864303 -0.36967835 -0.7237729 -0.3070168 4.899508
-1.420196 -1.0893031 -1.1609142 -0.8638176 -1.0302734 -1.09958 -0.79577935 6.619276 0.0
-0.85615873 -0.7554891 -0.8023908 -0.7325195 -0.51729894 -0.5364419 -0.27580637 -0.33474958 4.614549
-0.5162933 -0.4917075 -0.32397616 -0.73512477 -0.64307344 -0.6225714 -0.35269365 -0.8523202 4.627405
-0.6926906 -0.53904283 -0.48469394 -1.0134612 -0.50909156 -0.41737533 -0.6559314 -0.7178842 4.74105
-1.2485716 -1.1887347 -0.8431274 -0.45786035 -1.3332295 -0.9745617 -0.83956707 6.0775924 0.0
-0.40216345 -0.59686524 -0.39377436 -0.7108647 -0.56608635 -0.33002865 -0.74153656 -0.5348832 4.3707404
-0.543897 -0.23368968 -0.38065314 -0.6017772 -0.49884117 -0.4602651 -0.6638524 -0.80081415 4.2696357
-0.54296935 -0.8813709 -0.7019915 -0.8045973 -0.53002816 -0.57075375 0.010572778 -0.3779811 4.4596643
-1.2258989 -0.97987133 -0.80306923 5.566822 -1.130486 -1.186302 -1.0143331 -0.3597129 0.0
-0.27253267 -0.63365465 -0.8197114 -0.36493558 -0.27963427 -0.73427904 -0.43641263 -0.44925222 4.2215223
-0.33020407 -0.63251853 -0.6423462 -0.6124054 -0.37235084 -0.41625965 -0.41057774 -0.4956589 4.063986
-0.4228689 -0.7026413 -0.28530383 -0.428077 -0.7583669 -0.48676097 -0.40238613 -0.6273531 4.249271
-0.8728695 5.5218143 -1.0438952 -0.8952922 -0.9764238 -1.1982192 -0.8568865 -0.8794085 0.0
