-0.8666396 -0.90653276 -0.7387362 -0.8415305 -0.9210296 5.2681413 -1.0035691 -0.8631956 0.0
0.73678935 -1.4506484 -1.069069 5.737735 -1.1873975 -1.3456413 -0.9831208 -1.3059168 0.0
-0.8113752 -0.68088096 -0.5491052 -0.8504434 -0.5612089 -0.6227609 -0.68310446 -0.7091078 5.1096654
-0.79363763 -0.8379047 -0.7252109 -0.7855905 -0.6268596 -0.6543216 -0.80129266 -0.7411609 5.29964
-0.7799895 -0.25192383 -0.8110246 -0.5025887 -0.6497402 -0.7147152 -0.6920126 -0.5782664 4.879782
-1.2385687 -1.6059166 -0.38824648 -0.9310182 -1.1909717 -1.4486992 0.21109518 5.5464745 0.0
-0.5944181 -0.5741542 -0.6006625 -0.78096044 -0.5351964 -0.47962007 -0.6440341 -0.72096 4.631386
-0.5168025 -0.7070869 -0.6174559 -0.88030136 -0.6002588 -0.400625 -0.6597539 -0.38778657 4.4342203
-0.71607447 -0.80411696 -0.8040983 -0.61053747 -0.36657447 -0.50483835 -0.5019524 -0.56151134 4.5916
-1.2593571 -0.956501 -1.2488912 0.4842762 -1.2075967 -1.3717774 -1.1079576 5.435419 0.0
-0.7131152 -0.5449573 -0.51343316 -0.5063589 -0.4442729 -0.60150844 -0.5383572 -0.5249058 4.3250403
-0.77136844 -0.76539344 -0.5033672 -0.69340384 -0.46540225 -0.55204976 -0.6256139 -0.46945998 4.636362
-0.68070847 -0.5470652 -0.71973115 -0.46268496 -0.5723123 -0.54472303 -0.53679025 -0.6241252 4.447376
-1.058971 -1.111892 -0.9106405 -0.18969645 -0.95941585 -1.3288845 -0.74103594 5.0843616 0.0
-0.5914669 -0.56099516 -0.80408007 -0.50137854 -0.2787277 -0.38109484 -0.5106561 -0.4958202 4.194171
-0.4245163 -0.615859 -0.46781117 -0.7271916 -0.38147694 -0.19706264 -0.5182663 -0.6866199 4.074712
-0.6289689 -0.47664046 -0.5975429 -0.62982637 -0.5765246 -0.4681598 -0.3588015 -0.46816158 4.2237806
-0.9646547 -1.4663194 -0.8023935 4.186677 -1.1713719 -1.4096097 -0.86012506 0.5914691 0.0
-0.5820449 -0.62808 -0.68539554 -0.7033015 -0.5176538 -0.56032217 -0.6643772 -0.49276042 4.580688
-0.38386044 -0.70960253 -0.5888991 -0.57882065 -0.5986632 -0.30961898 -0.49746 -0.53221 4.2220516
-0.4279204 -0.68276936 -0.37014753 -0.54148436 -0.5265883 -0.45646584 -0.49152306 -0.5488094 4.208802
-0.9722138 4.2086945 -0.71817154 -1.3086374 -0.907222 -1.1646726 -0.00015116385 -1.1467187 0.0
