-0.6821084 -1.1241965 -0.92960435 -0.6815433 -0.8776421 5.84446 -0.8807202 -0.2976383 0.0
-0.61346436 -1.292531 -1.0190681 7.202821 -1.1188846 -1.2088114 -1.097415 -0.6116141 0.0
0.15745927 -0.64938754 -0.89395505 -1.0040741 -0.6604155 -0.41390935 -0.77502924 -0.7917612 5.2772546
-1.3048806 -0.4705809 -0.2473866 -0.8215672 -0.72460467 -0.5158782 -0.3766043 -0.46860528 5.415989
-0.56990993 -0.08103295 -0.20914909 -0.6475611 -0.21306369 -0.7844209 -0.8350739 -0.823605 4.7830553
-1.2415167 -1.1007034 -1.0679934 -0.9518874 -0.93169945 -0.8251622 -0.7244516 6.9877014 0.0
-0.6161167 -0.7157335 -0.79067695 -1.2395086 -0.52619624 -0.038799338 -0.63698024 -0.24293111 5.0995226
-0.21584806 -0.841736 -0.70802045 -0.42870638 -0.50469 -0.6062771 -0.7914183 -0.49236917 4.851806
-0.8980611 -0.50970465 -1.0017426 -1.035362 -0.39048576 -0.48606235 -0.26936275 -0.64409435 5.298465
-1.2118554 -1.2762694 -0.6038705 -0.64577305 -0.9967118 -0.65734315 -1.1398181 6.769522 0.0
-0.8126718 -0.62398326 -0.6688323 -0.5619785 -0.8757506 -0.6522147 -0.21124506 -0.88326883 4.857498
-0.55505055 -0.48213604 -0.69247884 -0.86790735 -0.71056604 -0.76094615 -0.42834482 -0.74970347 5.132823
-0.79876614 -0.7172614 -1.1849765 -0.72133553 -0.7620431 -0.8075744 -0.13278347 -0.53835315 5.1931257
-0.8781365 -0.5642454 -0.9493071 -0.9671281 -1.2939912 -1.1082696 -0.8344204 6.4997063 0.0
-0.6871899 -0.289237 -0.5317205 -0.7408276 -0.89680254 -0.42588016 -0.57867277 0.0014846987 4.337466
-0.6459183 -0.22167374 -0.5348327 -0.5827963 -0.50308055 -0.88690287 -0.16860618 -0.56042945 4.2338467
-0.48114917 -0.5765386 -1.1839209 -1.0759925 -0.55940104 -0.5063827 -0.44038442 -0.717918 5.1031027
-1.2054752 -1.2885444 -0.74307567 6.170234 -1.2728565 -0.772459 -0.8970643 -0.50837344 0.0
0.17858732 -0.7753675 -0.22251858 -0.8305646 0.23774424 -0.2758645 -0.42739132 -0.69208634 3.6985054
-0.28221175 -0.7571558 -0.55098903 -0.9678156 -0.4588734 -0.19910315 -0.49437016 -0.23089159 4.2039137
-0.5498049 -0.78288186 -0.3560786 -0.42215946 -0.5669027 -0.07577143 -0.43635046 -0.3330068 3.9826167
-0.8136883 5.6290374 -0.7049981 -0.82695705 -0.9527231 -0.9425258 -0.69176805 -0.87296057 0.0
