-0.8425923 -1.0993333 -0.69270706 -0.39427853 -1.1079996 5.8848014 -0.84194815 -0.71879286 0.0
-0.9403159 -1.2032163 -0.9404039 7.3666053 -0.84325933 -1.3445761 -1.0154073 -0.83082557 0.0
0.04101918 -0.42110828 -0.821865 -0.71104616 -0.6353116 -0.47051957 -0.5121199 -0.90551174 5.0717945
-1.1382014 -0.3806084 -0.023650508 -0.9228628 -0.62130874 -0.6814392 -0.49414024 -0.3008199 5.431355
-0.45347017 -0.1075591 -0.6643743 -0.6784224 -0.43229562 -0.7887598 -0.8975126 -0.865439 5.1581774
-1.2256577 -0.96318686 -1.0212001 -0.8034373 -0.8765352 -1.0294483 -0.84722245 7.0216208 0.0
-0.6382227 -0.6802805 -0.4671355 -1.107471 -0.65057844 -0.12877741 -0.6472381 -0.52286875 5.0479064
-0.173534 -0.8176093 -1.0276636 -0.5335217 -0.44075674 -0.40657642 -0.81546676 -0.619092 5.0183725
-0.9445808 -0.41031325 -0.9507455 -0.9699623 -0.5523517 -0.51196873 -0.42306006 -0.63549405 5.2993007
-1.0771127 -1.1894747 -0.74116516 -0.5302671 -0.8625863 -0.6563111 -1.0530404 6.7246366 0.0
-0.7275261 -0.6914656 -0.40783522 -0.102205426 -0.9058113 -0.65975237 -0.46516624 -0.7694469 4.732564
-0.9715239 -0.2665626 -0.3765522 -0.73717767 -0.74765944 -0.60243183 -0.47937265 -0.49858078 4.9281597
-0.677332 -0.6631061 -1.3041964 -0.78684324 -0.7655063 -0.9452357 -0.13223056 -0.43088418 5.297785
-0.86355776 -0.4526916 -0.875398 -1.1449949 -1.1832911 -1.0878985 -0.6603658 6.4760094 0.0
-0.50864416 -0.2715228 -0.57089585 -0.6677614 -0.98116493 -0.6693881 -0.601279 -0.19623661 4.4885535
-0.53403544 -0.51485294 -0.49882507 -0.58802414 -1.0086428 -0.9161038 -0.22102165 -0.49722946 4.536793
-0.3655885 -0.017510382 -1.1003151 -0.888081 -0.33045045 -0.32677668 -0.7873672 -0.66295964 4.7078576
-1.1926233 -0.94820565 -0.49807644 5.6969666 -1.0634576 -1.073087 -0.46032235 -0.540894 0.0
-0.131574 -0.69312763 -0.20672886 -0.8780896 0.057746 -0.5422929 -0.31558368 -0.6467633 3.9508553
-0.5248475 -0.68961793 -0.54501444 -1.0334097 -0.76292187 0.13853778 -0.60758847 -0.16390339 4.30909
-0.43496525 -0.73247004 -0.29875648 -0.5169976 -0.4120801 -0.5582237 -0.27079397 -0.35321316 3.9902334
-0.95296675 5.5219445 -0.41842282 -1.1691601 -0.9152832 -0.67921615 -0.5516544 -0.8091951 0.0
