-0.9262852 -0.96079046 -0.7647807 -0.7758461 -0.88866657 5.7090554 -0.7976367 -0.767927 0.0
-0.20057052 -1.4097668 -0.6128713 6.6640577 -1.4418361 -1.0224905 -0.83823013 -1.2505381 0.0
-0.3588311 -1.0927742 -0.56081986 -0.84367895 -0.914485 -0.5515177 -0.9079324 -0.60564554 5.5573277
-0.8326047 -0.6371477 -0.5659921 -0.80401534 -0.6142957 -0.7157146 -0.7358143 -0.66706294 5.6053386
-0.61707824 -0.3177838 -0.6509861 -0.9996072 -0.8244492 -0.22879377 -0.6542313 -0.7288667 5.043142
-1.1563996 -0.8524794 -1.0129206 -1.2103082 -1.4151347 -0.95680237 -0.7089596 6.7396154 0.0
-0.4147529 -0.61315054 -0.61516577 -0.948205 -0.73079175 -0.32430968 -0.44699633 -0.83714503 4.9161496
-0.5174746 -0.6612944 -0.79600054 -0.7287332 -0.6480495 -0.59420264 -0.72965825 -0.7222325 5.1237736
-0.7925495 -0.5898673 -0.5117721 -1.0351272 -0.34209383 -0.52264714 -0.51201725 -0.6367661 4.934846
-1.532516 -1.2296666 -0.94216955 -0.75880873 -0.8716795 -1.0164351 -0.913523 6.7127714 0.0
-0.8403293 -0.56053615 -0.502178 -0.7400477 -0.49262586 -0.36132383 -0.21351227 -0.5015408 4.418125
-0.5611405 -0.4561891 -0.659266 -0.9533546 -0.6521994 -0.7556801 -0.5924465 -1.0322125 5.0868897
-0.7320229 -0.34111494 -0.7250534 -0.81738925 -0.68660086 -0.55880255 -0.64906156 -0.55151904 4.8100896
-0.93681985 -1.2454683 -1.1780638 -0.682581 -1.4498116 -1.0110967 -0.70775485 6.390934 0.0
-0.50207996 -0.6236014 -0.64438504 -0.663501 -0.5685308 -0.3246734 -0.65335166 -0.41144344 4.4192877
-0.5109892 -0.27721134 -0.69378775 -0.46728295 -0.5303847 -0.43827963 -0.56744903 -0.66763616 4.2720385
-0.47789216 -0.90721047 -0.8091181 -0.68823725 -0.7563221 -0.743151 0.14630553 -0.4316322 4.5481544
-1.0733227 -0.92605084 -0.68363065 5.7218456 -1.152986 -1.2247752 -1.007817 -0.5823856 0.0
-0.19562815 -0.71528316 -0.58363724 -0.5264402 -0.22490661 -0.53856266 -0.5349324 -0.54025245 4.1575484
-0.296237 -0.2580924 -0.7023765 -0.54527134 -0.40848127 -0.3412999 -0.39873445 -0.8459349 4.0228357
-0.48234603 -0.53842944 -0.5624097 -0.53006524 -0.62446046 -0.4258685 -0.6033553 -0.36265925 4.2424393
-0.95841557 5.6820006 -1.0286559 -0.8815339 -1.1025909 -1.1659411 -0.7731472 -0.8602405 0.0
