-0.30900237 -0.38259435 -0.58353865 -0.67510086 4.4736896 -0.5108719 -0.5849815 -1.0150708 0.0
-0.5475753 -1.1473168 4.068936 -0.08019357 0.14465219 -0.1271743 -0.8582842 -0.619474 0.0
0.08960234 -0.48449022 -0.39128566 -0.5473481 0.1779666 -0.47318453 -0.6440146 -0.7438292 3.359553
-0.26658103 -0.4976701 0.02733363 -0.403965 0.09312682 -0.4526931 -0.5101045 -0.48169535 2.9676628
-0.4528499 -0.5191531 -0.14312844 -0.44915095 -0.045627538 -0.27751362 -0.04475859 -0.59446824 3.4067042
-0.26392534 -1.0097128 0.015461099 2.1169968 0.8565831 -1.7561187 1.6419923 -0.8874889 0.0
-0.27217036 -0.65430397 -0.57090944 -0.46061587 -0.28915954 -0.3393301 -0.39456555 -0.3707318 3.4634247
-0.7503774 -0.21808016 -0.41475722 -0.42155802 -0.32821628 -0.33432123 0.045226343 0.0027748384 2.5781565
-0.54676247 -0.40106818 -0.6503964 -0.8658382 -0.45579487 -0.39556175 -0.010957304 -0.29329392 3.6389248
-1.2043852 -0.9274061 1.5113106 2.6554167 -1.3404305 -1.7237327 -1.0096841 2.0219102 0.0
-0.2969589 -0.5033716 -0.4950977 -0.31156343 -0.2572139 -0.31556806 -0.36844483 -0.02407689 3.128996
-0.54398704 -0.32945782 -0.47954133 -0.7298735 -0.39099804 -0.28109786 -0.54473644 -0.55601007 3.718376
-0.34946102 -0.53912723 -0.41212252 -0.17117782 -0.25236633 -0.24760398 -0.4932247 -0.57986 3.3741744
-0.48386642 -1.0585748 -0.28314182 3.5516481 -0.65712625 -1.1296184 -0.6778144 0.5084575 0.0
-0.39734915 -0.5333637 -0.6203293 -0.46438166 -0.22762068 -0.22467689 -0.4435919 -0.32148886 3.2957275
-0.53783375 -0.47711867 -0.4986314 -0.6003923 -0.110889785 -0.3163318 -0.13167073 -0.26183528 3.2589164
-0.34160343 -0.26301047 -0.23323555 -0.4906305 -0.37907606 -0.17138194 -0.45365942 -0.5442345 3.2779458
0.57270586 -1.0708072 0.036892734 1.132993 -0.21322301 -0.3862548 0.08694927 0.8942291 0.0
-0.49434993 -0.50925756 -0.56440127 -0.4382304 -0.39452553 -0.3618473 -0.22519976 -0.287513 3.4117885
-0.2880315 -0.58695316 -0.35292965 -0.7685829 -0.2122957 -0.34783626 -0.3955666 -0.24235749 3.450995
-0.28795302 -0.46572718 -0.43758652 -0.5673803 -0.25878626 -0.16073628 -0.3082509 -0.43270382 3.195412
-0.49686354 0.26135713 -0.43930325 -0.5791049 3.5014842 -0.25175235 -0.4981418 -0.94669753 0.0
