0.283997 0.3492569 -0.40598738 -0.81849796 3.8328385 -0.21751508 -0.30712214 -1.1262232 0.0
0.05073607 -0.34596285 2.2793047 0.34499383 0.80063355 0.7182907 -0.45406628 -0.13200167 0.0
0.17490405 -0.14822705 -0.14182733 -0.27404496 0.098746136 -0.6211076 -0.57490677 -0.5220081 3.1729975
-0.062316544 -0.23516867 0.05417643 -0.2135224 -0.03615276 -0.4724174 -0.13471162 -0.60845804 2.9278271
-0.26224265 -0.6131292 -0.20542395 -0.5419781 0.28925857 -0.535892 -0.302835 -0.5827333 3.9614189
0.5610007 -0.99989265 0.23278566 1.4419117 1.0754911 -1.2778969 1.1814101 -0.33477372 0.0
-0.1652249 -0.45052212 -0.38756776 -0.4114879 -0.2957953 -0.22369407 -0.2976277 -0.4576372 3.5070496
-0.70853776 -0.042953428 -0.14139284 -0.4756088 -0.14883882 -0.5286664 0.07987796 0.21174672 2.2001657
-0.5590119 -0.3725561 -0.55075324 -0.39457107 -0.29019845 -0.4150392 -0.14394893 -0.46292707 3.7319393
-0.8315758 -0.23128839 1.313397 2.365575 -0.9503444 -1.1328499 -0.50352925 1.3855214 0.0
-0.49679184 -0.4523815 -0.52851254 -0.3984084 -0.31258547 -0.39583433 -0.32357115 -0.28796643 3.6928155
-0.43450668 -0.42854565 -0.4639468 -0.55453396 -0.43079764 -0.36237934 -0.4564185 -0.39246556 3.697867
-0.38337415 -0.528163 -0.30719104 -0.31114456 -0.2530733 -0.41995054 -0.4092273 -0.46004412 3.6285436
0.04282754 -0.98933005 -0.2609211 2.6513371 -0.3945067 -0.61850923 -0.08600988 0.69428295 0.0
-0.3889769 -0.458645 -0.67820996 -0.5431376 -0.31637463 -0.31935576 -0.32493815 -0.4559183 3.5468342
-0.4902317 -0.55809516 -0.48269764 -0.5520892 -0.2729612 -0.2963133 -0.37805092 -0.44152665 3.7661195
-0.29213423 -0.5069647 -0.35868463 -0.4203954 -0.33007982 -0.40684062 -0.4393794 -0.23143326 3.6986144
0.71571547 -0.6012153 0.5007064 0.85516804 0.15529993 0.17875136 -0.20274775 0.4492184 0.0
-0.2276945 -0.6615163 -0.43315884 -0.70021445 -0.40410042 -0.44617623 -0.40007958 -0.5428253 3.6178668
-0.37312192 -0.20291045 -0.5116048 -0.540189 -0.42393112 -0.49372247 -0.41158766 -0.5555826 3.6071532
-0.38974717 -0.52295816 -0.45224136 -0.5654282 -0.27983904 -0.2953575 -0.39132127 -0.56936234 3.6105533
-0.041621562 0.93165 -0.20343858 -0.682805 2.8273325 0.10541481 -0.15260631 -0.7584225 0.0
