0.068876214 0.06916877 -0.42428565 -0.7878547 4.0438137 -0.3602501 -0.3938323 -1.0031704 0.0
-0.13679567 -0.51926744 2.846293 0.10301422 0.7453937 0.37437776 -0.6053779 -0.15770286 0.0
0.11742176 -0.27722168 -0.27242398 -0.21489352 0.046990607 -0.67657256 -0.49513903 -0.5251626 3.208696
-0.15374766 -0.31449267 -0.034529667 -0.18115897 -0.0153711 -0.52862763 -0.16319826 -0.68693304 3.0048294
-0.21259566 -0.46007818 -0.20756318 -0.3846212 0.1892887 -0.52142507 -0.33674666 -0.53424734 3.6965404
0.44098184 -1.127929 0.29527783 1.5656867 1.1601316 -1.5582047 1.2010821 -0.4505519 0.0
-0.19598766 -0.57456315 -0.5003617 -0.39335957 -0.28085434 -0.2538232 -0.2438103 -0.42465606 3.4515312
-0.7733802 -0.091255106 -0.27560967 -0.43722412 -0.24086836 -0.5611118 0.08364256 0.0951257 2.424896
-0.5581048 -0.25674197 -0.57372624 -0.3595719 -0.26152378 -0.28638563 -0.15915006 -0.35505414 3.455052
-0.9945424 -0.49441034 1.4813887 2.4182453 -0.99457747 -1.1280081 -0.7315856 1.4883441 0.0
-0.37429005 -0.32744503 -0.6550776 -0.41009435 -0.2971566 -0.38426736 -0.24408457 -0.35578883 3.5045211
-0.52979714 -0.2706201 -0.23155057 -0.47298473 -0.4739581 -0.35636923 -0.314042 -0.3858645 3.450555
-0.29386374 -0.479939 -0.37850448 -0.3823514 -0.3557856 -0.41654715 -0.40651554 -0.40918168 3.550017
0.0013016815 -1.011505 -0.31608042 2.7680798 -0.5012488 -0.80664194 -0.15172675 0.7654598 0.0
-0.36151105 -0.5266903 -0.42522746 -0.54983366 -0.35639012 -0.17926762 -0.31451675 -0.3297939 3.3225424
-0.34846422 -0.47236842 -0.398304 -0.38916212 -0.405791 -0.29618877 -0.29796234 -0.38434523 3.4666946
-0.21864589 -0.4350577 -0.34591594 -0.47287783 -0.24426433 -0.3449693 -0.35305867 -0.23421457 3.4228625
0.41244552 -0.6784416 0.39518836 0.901492 0.09653381 0.25772575 0.017800413 0.44791755 0.0
-0.2549467 -0.5700262 -0.36863658 -0.53245896 -0.38036993 -0.5008772 -0.31819203 -0.40387064 3.4675682
-0.30208912 -0.17614423 -0.5757347 -0.42766663 -0.33866045 -0.41289863 -0.4504969 -0.4767434 3.465314
-0.3146715 -0.5056025 -0.4200206 -0.51160157 -0.2836048 -0.24001525 -0.42171398 -0.41842276 3.4570332
-0.18735382 0.913485 -0.32089424 -0.6515958 3.0085506 0.029333375 -0.43228793 -0.90472525 0.0
