-0.1344818 -0.1830713 -0.9035945 -0.14192683 3.814536 -0.6753139 -0.029009826 -0.015185336 0.0
-0.20663984 -0.04495686 5.3824615 -0.24420953 -0.021619223 -0.8238527 -0.5179507 -0.31793812 0.0
-0.13375169 -0.27648696 -0.5108719 0.07018602 -0.12610132 -0.2625485 0.13143457 -0.32635406 2.8358526
-0.043033298 -0.07963507 -0.4176037 -0.2039637 -0.47716 -0.06814011 -0.13643654 -0.12641862 2.989573
-0.12372208 -0.06526486 0.02104937 -0.22883737 -0.0062313643 0.28853413 -0.5164214 -0.13319679 2.8972192
-0.02121635 -0.81984997 -0.12583676 0.2369998 -0.13710076 -1.4357008 4.843879 -1.2513596 0.0
-0.02657145 -0.27979252 0.10456251 0.46591067 -0.14639208 -0.6844863 0.2566979 -0.5622505 2.3709085
-0.0864693 -0.051587276 -0.8785327 -0.12028526 -0.009762161 -0.16829196 0.13968632 -0.15101986 3.204079
-0.19747493 -0.29649946 -0.1549848 -0.048114415 -0.26428545 -0.071669966 0.11679983 -0.18097249 2.8485374
-1.158331 -1.5508137 -0.14206497 0.8530819 -0.4959889 -0.7193963 -0.12488259 5.1272397 0.0
-0.025196018 -0.7758447 0.10182387 -0.10444038 -0.06003436 0.5105428 -0.16211338 -0.5480884 1.8365825
-0.0012711555 -0.009349047 -0.0800185 -0.03122663 -0.006057879 -0.08063485 -0.11926129 -0.01298562 1.6129935
-0.02102199 0.040717106 0.012525868 -0.56672066 -0.34612218 -0.25950822 -0.39627945 -0.020603722 2.9893012
-0.046653435 -0.38696694 -0.69566095 4.383078 -0.8869717 -0.014560974 -0.64145744 -0.41706058 0.0
-0.10523653 -0.07661416 0.054966513 -0.20350306 -0.055204384 -0.016747488 -0.18382508 -0.0068358374 2.688013
-0.18240541 -0.23793931 -0.19839567 -0.090324216 -0.01592135 -0.02463475 0.013678306 -0.15589857 2.5897312
-0.050848283 -0.055846862 -0.019083392 -0.07856694 -0.31194165 -0.064114355 -0.0055404217 -0.02964618 2.467592
1.661074 -0.5033559 0.16465804 0.7763727 -0.19298007 -0.31842288 0.008196914 0.11734276 0.0
-0.007585567 -0.042314585 -0.07988932 -0.12761262 -0.011948221 -0.14445892 -0.005198841 -0.302556 2.7334158
-0.014923843 -0.41159397 -0.0041943197 -0.21634579 -0.0015918104 -0.19865498 -0.40252495 0.13128904 2.9317055
-0.010112483 0.08383379 -0.37775987 -0.07519028 -0.15258446 -0.19696276 -0.0011795331 -0.014943656 3.0963676
-0.13187176 -0.41618738 -0.17414737 -0.24042502 4.165541 -0.23908226 -0.42780992 -0.41987726 0.0
