-0.2632662 -0.5030782 -1.1651273 -0.44513664 4.2787304 -0.74117655 -0.25462192 -0.21366069 0.0
-0.72850776 -0.50580543 5.451285 -0.53270036 -0.034569878 -0.83439785 -0.91041327 -0.5613654 0.0
-0.17581393 0.0035678113 -0.6584304 0.093604565 -0.15559322 -0.42313904 -0.1685325 -0.54070646 3.1388466
-0.08854532 -0.4004709 -0.5371865 -0.31641924 -0.45566082 -0.1986663 -0.24091142 -0.14897005 3.2519567
-0.10366941 -0.3109151 0.07257897 -0.29559207 -0.04297955 0.4185589 -0.28194037 -0.51330364 2.8157268
-0.31569615 -1.3129667 -0.2300062 0.392454 -0.34659776 -1.6209911 4.931095 -1.2741833 0.0
-0.05508894 -0.30910632 0.140306 0.50659686 -0.28075367 -0.9264542 0.29781854 -0.33925608 2.2038176
-0.28158185 -0.19781913 -0.9902924 -0.16398534 -0.05627092 -0.46717703 0.17784454 -0.18773845 3.5797312
-0.3352286 0.029034458 -0.2622346 -0.30280295 -0.5755405 -0.23061955 0.11860711 -0.3055543 2.6103516
-1.1836542 -1.6432649 -0.36010674 0.92041504 -1.0328526 -0.7545963 -0.5018579 5.2209625 0.0
-0.15807353 -0.7805261 0.16047905 -0.35667795 -0.08558301 0.5133541 -0.24617425 -0.7992849 2.7345858
-0.09831603 -0.17890093 -0.51356053 -0.17391063 -0.102760956 -0.3505849 -0.43478814 -0.11844901 3.176894
-0.15609573 -0.19444893 0.02106877 -0.6980527 -0.38462174 -0.5170141 -0.96816283 -0.06890099 3.3257866
-0.24658668 -0.7996579 -0.85984206 4.780836 -0.9929453 -0.27811533 -0.82791483 -0.5455041 0.0
-0.37171206 -0.39215448 0.09729566 -0.27576077 -0.38080835 -0.21182118 -0.66456753 -0.19456893 3.4570644
-0.31262022 -0.5493203 -0.38297856 -0.1481877 -0.10710051 -0.21795015 0.022331621 -0.5798734 3.308348
-0.19087686 -0.2626768 -0.22370708 -0.1862178 -0.09952875 -0.107028835 -0.11599116 -0.27922967 2.8227375
1.3825691 -0.8970207 0.17236991 0.8036393 -0.2694478 -0.40114847 0.010726187 0.45428962 0.0
-0.19530277 -0.053188413 -0.22903338 -0.6753056 -0.073093474 -0.16547567 -0.10694003 -0.47526953 3.089359
-0.1699117 -0.44364303 -0.17520073 -0.6466988 -0.072072424 -0.60317993 -0.551501 0.19935139 3.442327
-0.0613122 0.18389411 -0.10939657 -0.4338014 -0.43472007 -0.3092494 -0.10895964 -0.26888558 3.0577343
-0.18151039 -0.17364343 -0.339777 -0.52004987 4.3504825 -0.69630456 -0.5471254 -1.1079125 0.0
