-0.13530934 -0.18324678 -0.9056924 -0.14341775 3.816855 -0.6758873 -0.029593227 -0.015558343 0.0
-0.20903406 -0.045965955 5.383085 -0.24595547 -0.021712054 -0.8239482 -0.52062416 -0.3195926 0.0
-0.13407892 -0.27675632 -0.5120559 0.07037065 -0.1263433 -0.2636948 0.13145214 -0.32797536 2.8362257
-0.043317884 -0.08082111 -0.41856417 -0.20478281 -0.47798264 -0.06880992 -0.13714664 -0.12660803 2.992421
-0.1242783 -0.06620398 0.021289008 -0.2293724 -0.0063425894 0.28951535 -0.5164321 -0.1349838 2.8972793
-0.02174872 -0.8233803 -0.12653166 0.23809347 -0.1382676 -1.4372909 4.8446674 -1.2515658 0.0
-0.026748998 -0.28004688 0.10484345 0.4662652 -0.14811231 -0.68637925 0.25704843 -0.56232184 2.3712068
-0.08740782 -0.05222546 -0.8794927 -0.1206259 -0.009920012 -0.16986969 0.13999443 -0.15132 3.2073193
-0.19843127 -0.29652447 -0.15572198 -0.04893145 -0.26617077 -0.07243994 0.11681617 -0.18183991 2.8487434
-1.1585596 -1.5516326 -0.14327757 0.853674 -0.49932167 -0.71970975 -0.12648164 5.128086 0.0
-0.025623381 -0.77589446 0.1021712 -0.105620004 -0.060228914 0.51057553 -0.16273265 -0.54997855 1.8433398
-0.001323154 -0.009605978 -0.08139249 -0.031721506 -0.0062174266 -0.08172651 -0.12054914 -0.013351527 1.6229692
-0.021411747 0.04088428 0.012585472 -0.5677992 -0.34645525 -0.26114687 -0.39952567 -0.020832324 2.9917839
-0.04736999 -0.38954028 -0.6970068 4.38655 -0.8878851 -0.014960865 -0.64295244 -0.4180834 0.0
-0.10645801 -0.07776785 0.055253845 -0.20406814 -0.056189682 -0.017141985 -0.18599795 -0.0070495894 2.6941838
-0.1833048 -0.23976484 -0.19959085 -0.09069852 -0.0162018 -0.025131764 0.013739651 -0.15778266 2.5954945
-0.051467262 -0.056643855 -0.01951921 -0.07918886 -0.3125084 -0.064416215 -0.0056974264 -0.030262053 2.4717267
1.6610966 -0.5060177 0.1647141 0.77662826 -0.19356877 -0.31907403 0.008217051 0.11734437 0.0
-0.007815489 -0.042464126 -0.08066217 -0.12957346 -0.012148066 -0.14463799 -0.0053452933 -0.30380574 2.7364907
-0.015260558 -0.4116055 -0.0043409113 -0.21852186 -0.0016486808 -0.20068268 -0.40368313 0.13179047 2.9317887
-0.010280778 0.08443756 -0.37799466 -0.07640653 -0.15405163 -0.19778779 -0.0012298209 -0.015345577 3.0982575
-0.13225676 -0.41660455 -0.17521359 -0.24212524 4.169126 -0.24142933 -0.4287711 -0.4236145 0.0
