-0.30349717 -0.5229252 -1.229636 -0.56689745 4.350106 -0.7559418 -0.40246838 -0.37261143 0.0
-0.939221 -0.8425591 5.464249 -0.6283176 -0.038183726 -0.83534163 -1.0113977 -0.6331934 0.0
-0.34503508 0.12911442 -0.6948131 0.12243034 -0.16242816 -0.46815485 0.17384012 -0.60837084 2.896237
-0.052367825 -0.5632486 -0.566638 -0.34726566 -0.46785432 -0.19328082 -0.27178672 -0.15767336 3.2212377
-0.11558122 -0.4323204 0.09427884 0.17285733 -0.06502223 0.45321253 -0.31910223 -0.5780637 2.622091
-0.5573108 -1.4507735 -0.26133707 0.43670025 -0.42173168 -1.6632566 4.6961756 -1.0293182 0.0
-0.04222683 -0.18559933 0.15018645 0.5567994 -0.47628307 -0.9876032 0.024420332 -0.3723287 2.3131127
-0.36140442 -0.26278102 -1.0157595 -0.5444402 -0.31351817 -0.57979554 0.19074135 -0.19660032 3.788786
-0.37498713 0.03774401 -0.0077199643 -0.44518217 -0.6783973 -0.2952492 -0.19522698 -0.68612206 2.9909744
-1.1890467 -1.5226052 -0.4384169 0.9306194 -1.2064663 -0.4626485 -0.67335653 5.026081 0.0
-0.23430686 -0.57458705 -0.068187736 -0.60239965 -0.37150416 0.22677594 0.009045395 -0.5861302 3.019535
-0.24426705 -0.3328541 -0.7603923 -0.2465735 -0.18616426 -0.47820947 -0.5249289 -0.23505314 3.650308
-0.23822051 -0.22874019 0.023521611 -0.7090656 -0.39351547 -0.59824526 -1.1697327 -0.08939721 3.3827024
-0.35043108 -0.93250644 -0.8993453 4.7881856 -0.99921584 -0.517192 -0.8739272 -0.36767608 0.0
-0.48525578 -0.5343191 0.11046051 0.029866282 -0.57241946 -0.32992002 -0.8720973 -0.39308336 3.4750495
-0.35039955 -0.8072083 -0.4402003 -0.5630535 -0.16010842 -0.35379618 0.024830582 -0.765492 3.720188
-0.25243688 -0.3643216 -0.36851457 -0.25199416 -0.19333927 0.1579785 -0.21980007 -0.4399997 2.902193
1.2462568 -1.0137892 -0.04774958 1.1099654 -0.2906596 -0.41321015 0.0024058945 0.49573046 0.0
-0.38642243 -0.021551758 -0.2821499 -0.9603012 -0.10710579 -0.24706453 -0.27496973 -0.5229859 3.4172843
-0.28357372 -0.6641855 -0.38327786 -0.78459716 -0.16020773 -0.52535284 -0.3676009 -0.0838876 3.6137264
-0.08965666 0.21656 -0.2003443 -0.6257154 -0.4262056 0.020811165 -0.28081366 -0.49382046 3.0217886
-0.19617994 -0.23579314 -0.39142406 -0.60754776 4.5166693 -0.83952224 -0.5764112 -1.3606722 0.0
