-0.24454066 -0.4930831 -1.1330123 -0.39265674 4.242176 -0.7336295 -0.2007313 -0.16000883 0.0
-0.63441455 -0.38807276 5.443672 -0.48896924 -0.03283193 -0.83323133 -0.8556962 -0.52737206 0.0
-0.16975747 -0.30404732 -0.640316 0.09068814 -0.15203916 -0.40151867 0.13316001 -0.52910256 2.8724842
-0.08180771 -0.33548048 -0.5225185 -0.30151182 -0.5645021 -0.17665388 -0.22632281 -0.14630532 3.2807627
-0.19160451 -0.2620071 0.063363425 -0.28738987 -0.034785766 0.40178978 -0.26439846 -0.5222721 2.8077817
-0.23498027 -1.2467237 -0.21526054 0.37129554 -0.31304413 -1.5994959 4.9214263 -1.2716525 0.0
-0.05084973 -0.3057378 0.13584696 0.501971 -0.45590162 -0.89613116 0.29295877 -0.3232756 2.1976469
-0.2473687 -0.1707047 -0.9773368 -0.15849291 -0.04644367 -0.41764405 0.17318447 -0.18329942 3.5363421
-0.31629202 0.025337286 -0.24767718 -0.2473239 -0.52838683 -0.20286416 0.118405215 -0.2884655 2.6059554
-1.1808418 -1.6328326 -0.32515 0.9128553 -0.95287013 -0.750642 -0.43083975 5.2105474 0.0
-0.12926587 -0.78071 0.15402764 -0.3117109 -0.082311966 0.5137441 -0.23512785 -0.7668155 2.615896
-0.061228007 -0.12957792 -0.41889426 -0.14407721 -0.075411186 -0.2984007 -0.36215326 -0.13295248 2.9479923
-0.1253238 0.060715787 0.019898752 -0.6822371 -0.38018647 -0.47931343 -0.8776703 -0.06035812 3.2416887
-0.20545435 -0.73836833 -0.84004146 4.735369 -0.98069704 -0.20147207 -0.8050111 -0.529638 0.0
-0.32365367 -0.32788 0.091379344 -0.26671454 -0.30818915 -0.16048001 -0.5771498 -0.13498701 3.3626614
-0.29465157 -0.5010972 -0.35628462 -0.13518864 -0.08691904 -0.17150468 0.021160586 -0.5020384 3.217531
-0.16509813 -0.22166684 -0.17089093 -0.16938385 -0.07050456 -0.10135626 -0.083198264 -0.21844384 2.6805544
1.3730928 -0.8418365 0.17024872 0.80172193 -0.25974092 -0.38865197 0.010413704 0.44658583 0.0
-0.13697672 -0.05097534 -0.20403178 -0.56252724 -0.05993792 -0.16302235 -0.07685286 -0.45225698 3.047741
-0.13021111 -0.35978028 -0.116608165 -0.5734526 -0.047554642 -0.5341426 -0.5327374 0.19040766 3.3149552
-0.05032619 0.16870257 -0.4013369 -0.35799316 -0.38752502 -0.2940713 -0.06657038 -0.19605316 3.2860723
-0.17524664 -0.14814316 -0.31572473 -0.47779846 4.2639318 -0.61919904 -0.53252614 -0.99588543 0.0
