-0.17267402 -0.4485882 -0.99318105 -0.21723206 4.074114 -0.69908947 -0.06522626 -0.040745877 0.0
-0.33035922 -0.1109169 5.407945 -0.32645556 -0.025744248 -0.82775736 -0.638871 -0.39283016 0.0
-0.14776064 -0.2876841 -0.5614278 0.07811921 -0.13635194 -0.31355894 0.1321527 -0.39939314 2.851097
-0.056291997 -0.14538138 -0.45860088 -0.24015808 -0.5118751 -0.10149599 -0.16857992 -0.13437535 3.1079247
-0.14853986 -0.116765305 0.03337863 -0.25169253 -0.012802956 0.33135304 -0.5167304 -0.24540186 2.8995955
-0.058132946 -0.97678596 -0.15749668 0.28591633 -0.19363584 -1.5019813 4.876123 -1.2597967 0.0
-0.034854908 -0.29035226 0.11664768 0.48058566 -0.23558766 -0.7660464 0.27138367 -0.25750414 2.0835853
-0.13422036 -0.08511261 -0.9185328 -0.13498087 -0.018755531 -0.24612276 0.15281315 -0.16375102 3.3388896
-0.24044752 -0.29752254 -0.18805076 -0.09548836 -0.35307348 -0.11075481 0.11746776 -0.21991 2.856946
-1.1676819 -1.5845621 -0.20084634 0.8775607 -0.65162367 -0.7322874 -0.20966423 5.161875 0.0
-0.04996482 -0.77787316 0.12693933 -0.16501787 -0.06849874 0.51187766 -0.18936817 -0.6306585 2.1225815
-0.0064742644 -0.028153116 -0.16001661 -0.059226945 -0.017436069 -0.13942124 -0.1847109 -0.0401924 2.074326
-0.044399757 0.0481172 0.015199508 -0.6123928 -0.35996503 -0.33538777 -0.5525482 -0.0323129 3.0922918
-0.086772636 -0.5069576 -0.7526921 4.5269175 -0.92498493 -0.043815497 -0.7053098 -0.46085304 0.0
-0.16837873 -0.14079402 0.0679788 -0.22785579 -0.11341987 -0.04317786 -0.29665983 -0.023895217 2.9514995
-0.22289036 -0.3248684 -0.25341064 -0.10690593 -0.032407142 -0.055532202 0.016414765 -0.25428373 2.8354564
-0.08322924 -0.099441655 -0.04781901 -0.10833052 -0.33590057 -0.07764064 -0.017256921 -0.06844051 2.6419244
1.6620047 -0.6240584 0.16695952 0.78686273 -0.21848954 -0.34607413 0.00905915 0.11740854 0.0
-0.025535122 -0.04885784 -0.11825164 -0.2374205 -0.023471748 -0.15194239 -0.016086297 -0.3579052 2.8616316
-0.03698973 -0.13371271 -0.01693706 -0.3252395 -0.006626062 -0.30043992 -0.4525382 0.15335745 2.7754874
-0.019799188 0.11230584 -0.38745093 -0.14449811 -0.22532378 -0.23354362 -0.0064239562 -0.04397112 3.1743746
-0.14851089 -0.4335383 -0.22332491 -0.3203906 4.314253 -0.35594493 -0.4687943 -0.60245967 0.0
