-0.19777404 -0.46543732 -1.0455201 -0.27367005 4.1388226 -0.71235746 -0.10117032 -0.06952564 0.0
-0.42613494 -0.18088682 5.421846 -0.38217318 -0.028305257 -0.829887 -0.7159812 -0.44064498 0.0
-0.15597627 -0.29395705 -0.5909589 0.082798295 -0.14226595 -0.3452997 0.13254455 -0.44568947 2.8594153
-0.065128274 -0.20148703 -0.48253545 -0.26243863 -0.53178304 -0.12599333 -0.18910153 -0.13890629 3.1741927
-0.16404375 -0.16006802 0.042863674 -0.2650509 -0.018914206 0.3572166 -0.21979178 -0.32951513 2.6524265
-0.10032029 -1.074282 -0.17790672 0.31658712 -0.23354349 -1.5392708 4.8937345 -1.2644053 0.0
-0.040386982 -0.29625612 0.12378793 0.48875245 -0.30496708 -0.8143556 0.27971196 -0.28138912 2.1273484
-0.17038083 -0.11167136 -0.9410252 -0.1437025 -0.026721044 -0.30251232 0.16045421 -0.17111178 3.4145176
-0.2675807 0.017119372 -0.2088735 -0.13845165 -0.4131955 -0.1402548 0.11783233 -0.24445783 2.5933251
-1.1727946 -1.6032077 -0.2423706 0.8911551 -0.7557142 -0.73938876 -0.27770254 5.180795 0.0
-0.07241409 -0.7789778 0.13688383 -0.21149884 -0.07358542 0.5126046 -0.20604463 -0.68060917 2.3026974
-0.015592277 -0.051119514 -0.23297355 -0.08379597 -0.030898016 -0.18762788 -0.23419386 -0.074067675 2.3786058
-0.06657832 0.052685045 0.016883256 -0.63873065 -0.36771736 -0.38550386 -0.6618326 -0.041234337 3.1496959
-0.1214771 -0.58703 -0.7856127 4.6070623 -0.9463182 -0.07952761 -0.74262345 -0.48654142 0.0
-0.21728073 -0.19582821 0.07629191 -0.24228439 -0.16755956 -0.07210521 -0.38461497 -0.0470147 3.105412
-0.24852175 -0.38469943 -0.28942546 -0.11715325 -0.04763445 -0.08625396 0.018123673 -0.3315775 2.9786668
-0.10873137 -0.13596915 -0.07863858 -0.12896587 -0.34967962 -0.08614583 -0.031909414 -0.10768032 2.741777
1.6608509 -0.7013287 0.16822359 0.79262245 -0.23373203 -0.36208978 0.009564976 0.119103625 0.0
-0.04923266 -0.052826304 -0.14629456 -0.3324442 -0.033844803 -0.15616961 -0.029639129 -0.39209774 2.9338112
-0.060472067 -0.19678026 -0.036011968 -0.40577528 -0.014320178 -0.37605292 -0.48226264 0.16686016 2.974403
-0.028497597 0.13162352 -0.39282072 -0.20590018 -0.27840614 -0.2544446 -0.016036881 -0.078852884 3.2173004
-0.15841292 -0.44326732 -0.2556145 -0.37443566 4.3972855 -0.4417544 -0.49268183 -0.73292196 0.0
