-0.13118482 -0.18236305 -0.8951565 -0.13605058 3.8051693 -0.67299896 -0.02676399 -0.013764867 0.0
-0.19722861 -0.041094277 5.379939 -0.2372708 -0.02124765 -0.8234662 -0.50727326 -0.31133097 0.0
-0.1324358 -0.2753998 -0.50610936 0.06944393 -0.12512696 -0.2579612 0.13136354 -0.31987554 2.8343444
-0.041900773 -0.07501072 -0.41374016 -0.20068279 -0.47384575 -0.06549576 -0.13360073 -0.12565511 2.9780772
-0.121496804 -0.061598662 0.02010692 -0.22668543 -0.0058008293 0.28459808 -0.5163774 -0.12620395 2.8969705
-0.019191604 -0.80572 -0.123063825 0.23262566 -0.13247906 -1.4292849 4.840692 -1.2505254 0.0
-0.025865005 -0.27876574 0.1034335 0.464479 -0.1396329 -0.6768807 0.25528446 -0.56196207 2.3697023
-0.08277345 -0.049083527 -0.87465936 -0.118916854 -0.009148627 -0.16205615 0.13844657 -0.14981158 3.1910026
-0.19365227 -0.2963981 -0.15203758 -0.044945057 -0.25679243 -0.06863701 0.11673377 -0.17750484 2.8477044
-1.1574072 -1.5475041 -0.13726233 0.8506902 -0.4827297 -0.7181295 -0.11861577 5.1238155 0.0
-0.023538152 -0.7756438 0.10043056 -0.09980014 -0.059253573 0.51041055 -0.15963174 -0.5405068 1.8094963
-0.0010807272 -0.008377488 -0.07469115 -0.02930162 -0.0054528946 -0.07636435 -0.114189096 -0.01160429 1.5732574
-0.01951583 0.040047668 0.012287572 -0.5623778 -0.34477785 -0.25298232 -0.3834116 -0.019704035 2.979278
-0.0438628 -0.37672725 -0.69024193 4.369056 -0.88328546 -0.013048761 -0.6354443 -0.41294774 0.0
-0.10043528 -0.07211772 0.053819116 -0.2012326 -0.05139043 -0.01524152 -0.17528884 -0.0060348776 2.6631916
-0.17881124 -0.23069364 -0.19363244 -0.08882548 -0.014835148 -0.02272177 0.0134328855 -0.14850168 2.566545
-0.048418675 -0.052734643 -0.017416775 -0.07609994 -0.309659 -0.0629074 -0.004947947 -0.027279183 2.4509335
1.6609817 -0.49272838 0.1644314 0.7753393 -0.19061647 -0.31580195 0.008115941 0.1173363 0.0
-0.0067220335 -0.04171491 -0.07683698 -0.11997625 -0.011172517 -0.1437366 -0.004645961 -0.29755184 2.7210104
-0.013635339 -0.41154692 -0.0036498294 -0.20775966 -0.0013809657 -0.19065717 -0.39787272 0.12927958 2.9313707
-0.009459114 0.08143456 -0.37681147 -0.07046305 -0.14678912 -0.19365959 -0.000996118 -0.013421677 3.088732
-0.13032547 -0.4145038 -0.16989906 -0.23366664 4.1510687 -0.22981581 -0.42394292 -0.4050891 0.0
