-0.31746295 -0.29039004 -0.6846495 -0.79581594 4.5303683 -0.4691813 -0.72320414 -0.90575343 0.0
-0.41911435 -1.1303899 3.792232 0.046019193 0.28504086 -0.033845212 -0.85129046 -0.46358147 0.0
0.0042629023 -0.36632064 -0.39830437 -0.5783176 0.27958274 -0.6021043 -0.5736123 -0.60951096 3.2940328
-0.29034334 -0.4105022 0.088956736 -0.40820324 -0.00014976444 -0.41604325 -0.31119788 -0.5029929 2.8916948
-0.36695358 -0.5189768 -0.1941792 -0.44755158 -0.005072613 -0.26154903 -0.24323359 -0.77709746 3.6047757
-0.12513734 -1.2080599 0.029740404 1.9390714 0.82027906 -1.6928511 1.784186 -0.7622164 0.0
-0.14725584 -0.69853103 -0.49540278 -0.43984553 -0.34804398 -0.34700078 -0.42437375 -0.3491682 3.4391274
-0.7894555 -0.27245033 -0.47792774 -0.5750056 -0.3641426 0.007865886 0.1864777 -0.12911756 2.6049144
-0.50330585 -0.4150718 -0.66810405 -0.5613167 -0.45715052 -0.45931095 0.045449246 -0.24123736 3.4570322
-1.1894997 -0.8432612 1.5778193 2.5043426 -1.317342 -1.3655548 -1.0356542 1.9277062 0.0
-0.3339071 -0.5851844 -0.49347112 -0.26992768 -0.45184138 -0.28331676 -0.37918398 -0.12912609 3.3026605
-0.5440406 -0.26995623 -0.43444738 -0.7222751 -0.396533 -0.35277218 -0.42419538 -0.5444071 3.6316547
-0.24405251 -0.6089532 -0.32496527 -0.39161083 -0.44508463 -0.13920565 -0.36588895 -0.4574689 3.3834977
-0.35158238 -1.0784175 -0.12424561 3.385699 -0.71145767 -1.1399328 -0.6394485 0.5928408 0.0
-0.47526965 -0.4582766 -0.5834902 -0.34497365 -0.29854694 -0.3030551 -0.45587283 -0.2974814 3.2922156
-0.3753689 -0.47975746 -0.5390638 -0.5110172 -0.06350737 -0.16944808 -0.2818921 -0.12390846 3.1509063
-0.35774478 -0.22341253 -0.25593477 -0.5615839 -0.6389729 -0.33227563 -0.5975496 -0.4948518 3.5039155
0.33202893 -0.97377515 -0.03659866 1.2558106 -0.2674557 -0.2125714 0.17072818 0.87244606 0.0
-0.4808674 -0.44901237 -0.5136258 -0.40486094 -0.4678026 -0.34086284 -0.20656358 -0.41192514 3.4102504
-0.35463414 -0.4273261 -0.29697177 -0.8005798 -0.24750449 -0.4435807 -0.46638137 -0.2292082 3.472469
-0.25672945 -0.45982492 -0.46928227 -0.37204206 -0.35751492 -0.014209646 -0.410633 -0.3068885 3.1290498
-0.48322242 0.38148195 -0.30558336 -0.6284004 3.4980593 -0.2971526 -0.6029857 -1.0138702 0.0
