-0.5704785 -0.62013745 -0.9508662 -0.73240536 4.883369 -0.7585099 -0.7078154 -0.89626664 0.0
-0.9675331 -1.6814518 4.8519506 -0.42893833 -0.14922564 -0.55706763 -0.50296485 -0.8366707 0.0
0.2550774 -0.16121331 0.031730212 -0.26898277 -0.42365742 -0.17540485 -0.6473948 -1.1374309 2.9606378
-0.30775282 -0.6318962 -0.3178619 0.11417152 -0.20703386 -0.56626326 -0.2433775 -1.0104179 3.186966
-0.67668027 -0.23316227 -0.42842403 -0.33926716 -0.19277933 -0.31019655 -0.52825826 -0.20577872 3.3357058
-1.2151098 -1.3273752 -0.6013481 1.3023671 -0.27250662 -1.8631302 3.943993 -1.2283529 0.0
0.16526945 -0.4898771 -0.30718264 0.4494493 -0.55668265 -0.14330666 -0.37207723 -0.90258676 2.7289839
-0.8952106 -0.3955563 -0.2711237 -0.8226708 -0.15309133 -0.5148023 -0.07759373 -0.15056145 2.9766908
-0.46078467 -0.1310674 -0.46717468 -0.5756098 -0.11753221 -0.47550607 -0.20627505 0.14940731 2.9749782
-1.3901292 -1.0160358 0.4327118 1.9929819 -1.1624007 -1.3048434 -0.79504687 3.4599442 0.0
-0.13843107 -0.34537512 -0.49512842 -0.57257456 -0.20642261 -0.43492004 -0.37983295 -0.5877144 3.2521236
-0.3780749 -0.4728448 -0.16240044 -0.20203064 -0.5153934 0.011497963 -0.6236217 -0.59031016 3.2961175
-0.73556525 -0.55935144 -0.19856401 -0.21822822 -0.37810302 -0.376 -0.06595613 -0.31800368 3.2115862
-0.7204859 -1.2833983 -0.85834324 4.4616666 -1.2467158 -1.0443381 -0.75164914 0.31888592 0.0
-0.28515375 -0.31865057 -0.3962289 -0.420611 -0.565556 -0.44942895 -0.26047638 -0.60645735 3.3014135
-0.31943864 -0.7764976 -0.17220356 -0.33957076 -0.58416694 -0.17719525 -0.16388685 -0.64576244 3.2625911
-0.09202385 -0.7284182 -0.42358857 -0.4518388 -0.2899255 -0.33651334 -0.620776 -0.28780302 3.2683713
0.5584831 -1.0414627 -0.6101376 1.1803988 -0.25315183 -0.8863121 0.24708156 1.3136714 0.0
-0.48999354 -0.36971873 -0.49915537 -0.35458654 -0.41879684 -0.2749991 0.14019813 -0.32990828 3.0392134
0.04509557 -0.371972 -0.49652472 -0.5021151 -0.4687455 -0.6539507 -0.43641248 -0.52200806 3.4307277
-0.4548596 -0.16321622 -0.6234482 -0.57420665 -0.380208 -0.027583921 -0.29879537 -0.34261224 3.0574863
-0.3534803 -0.26023495 -0.5091897 -0.6801429 4.1349373 -0.6758371 -0.8816969 -0.92737204 0.0
