-0.14533244 -0.18530369 -0.93049526 -0.16198082 3.843975 -0.6826037 -0.037314642 -0.020637576 0.0
-0.2390496 -0.059522104 5.3903565 -0.26723647 -0.02282333 -0.82506233 -0.5528042 -0.33951226 0.0
-0.13795082 -0.27991402 -0.52605355 0.07255774 -0.12919706 -0.27742302 0.13165696 -0.34746662 2.8405743
-0.046774935 -0.09600549 -0.42991805 -0.21457136 -0.4876731 -0.07711385 -0.14569618 -0.12883598 3.0258052
-0.13094532 -0.07818886 0.024289345 -0.23569886 -0.0077935895 0.30119473 -0.5165587 -0.15764835 2.897989
-0.029022569 -0.8656468 -0.13491501 0.2512124 -0.1526133 -1.4559485 4.853861 -1.2539716 0.0
-0.028906712 -0.28302744 0.10817257 0.47041574 -0.16970044 -0.70882195 0.26116797 -0.56315356 2.374684
-0.099118926 -0.06026589 -0.89075494 -0.12466607 -0.011957377 -0.18937366 0.14363453 -0.154861 3.2453156
-0.20991929 -0.29681653 -0.16457236 -0.059531517 -0.28914943 -0.08204117 0.11700668 -0.19225657 2.8511436
-1.1612246 -1.5612081 -0.15818794 0.86060375 -0.5398357 -0.7233718 -0.14668387 5.1379614 0.0
-0.031167202 -0.77647364 0.10630597 -0.12038082 -0.062542476 0.51095676 -0.1701237 -0.57248545 1.9239292
-0.0021096398 -0.013170589 -0.099240005 -0.038095754 -0.008414798 -0.095582515 -0.13661368 -0.018450756 1.7438678
-0.02651885 0.042883094 0.013301086 -0.580517 -0.3503597 -0.28101528 -0.43935692 -0.023689246 3.020862
-0.056570914 -0.42080805 -0.7128805 4.42721 -0.89859706 -0.020508213 -0.6606283 -0.430186 0.0
-0.121773094 -0.09255362 0.05871376 -0.21076834 -0.06904355 -0.022479312 -0.21327879 -0.010088093 2.7671373
-0.19411466 -0.26208988 -0.21405546 -0.095174976 -0.019854989 -0.031712525 0.014474885 -0.18147741 2.6635985
-0.059255995 -0.066807106 -0.025388611 -0.08680628 -0.31918785 -0.06803915 -0.00788766 -0.03844778 2.5204158
1.6613622 -0.5380827 0.16536878 0.7796125 -0.20056073 -0.32675877 0.008455332 0.11736318 0.0
-0.011063781 -0.04424562 -0.09023411 -0.15475291 -0.014736595 -0.1467408 -0.0073861377 -0.31875044 2.7725728
-0.019787334 -0.4117205 -0.006474625 -0.24553937 -0.002480604 -0.22588196 -0.4174241 0.13777512 2.932731
-0.012459479 0.09179927 -0.38074076 -0.09210549 -0.17221616 -0.20765744 -0.0019989666 -0.020900859 3.1203651
-0.13682574 -0.42149585 -0.18812549 -0.26283908 4.2111263 -0.27052572 -0.44012973 -0.46967754 0.0
