-0.21319453 -0.3530166 -0.58972573 -0.60208607 4.349152 -0.5619291 -0.53474325 -0.95081717 0.0
-0.5942171 -1.1513661 4.2130065 -0.1313008 0.054602887 -0.1967522 -0.87610614 -0.6661996 0.0
0.029966433 -0.5272694 -0.34144843 -0.48876897 0.15853179 -0.40069154 -0.69671476 -0.70298237 3.337273
-0.30987296 -0.54149437 0.048142444 -0.4507665 0.06569334 -0.34165695 -0.5074535 -0.50128895 2.9825637
-0.33349887 -0.49929172 -0.20938739 -0.50401443 -0.057882432 -0.363724 -0.081542425 -0.5450988 3.3997576
-0.30772963 -1.0872207 0.07086756 2.2325401 0.74333483 -1.7223194 1.6153783 -0.8898684 0.0
-0.22862674 -0.66762996 -0.60724455 -0.42415363 -0.37783325 -0.22435313 -0.32188392 -0.3450156 3.3999727
-0.74159 -0.22686717 -0.49742797 -0.3996458 -0.31958663 -0.27632868 -0.055300392 0.0751133 2.594484
-0.5811713 -0.3310659 -0.60879153 -0.8409669 -0.43812585 -0.36217606 0.08779041 -0.23443955 3.5146663
-1.2702812 -0.8897181 1.4414992 2.5231664 -1.3842802 -1.6548427 -1.0799178 2.2786224 0.0
-0.3252728 -0.39594227 -0.45272747 -0.32216746 -0.32136217 -0.3091143 -0.42741063 0.08090756 3.0580003
-0.42050728 -0.39291838 -0.45857942 -0.75783366 -0.38354445 -0.18116236 -0.56383955 -0.58668256 3.6769328
-0.44103563 -0.5198139 -0.3732471 -0.1550905 -0.20738614 -0.19722703 -0.51329225 -0.5858386 3.3334515
-0.46671584 -1.0621632 -0.31191656 3.5496092 -0.6781102 -1.1311406 -0.64438355 0.5217787 0.0
-0.31846356 -0.5004585 -0.5590506 -0.51384574 -0.3488441 -0.24468699 -0.3768799 -0.26362294 3.2453477
-0.40227854 -0.46686843 -0.51752466 -0.5387652 -0.16829519 -0.28446612 -0.12006462 -0.3107097 3.1832712
-0.38034478 -0.23818682 -0.30732435 -0.44632667 -0.29088515 -0.19645964 -0.49677837 -0.5217782 3.2703247
0.7683485 -1.1127956 0.018232714 1.0831324 -0.19623448 -0.4294709 0.0033296878 0.8721864 0.0
-0.5628087 -0.4797352 -0.45827273 -0.47167853 -0.38994834 -0.35876176 -0.26303738 -0.21381593 3.3879023
-0.28620476 -0.52251977 -0.38123712 -0.73281014 -0.294675 -0.3988087 -0.45743135 -0.16930687 3.4377162
-0.367245 -0.36530346 -0.46804616 -0.6074415 -0.21329163 -0.09885851 -0.28959078 -0.40955538 3.1390307
-0.4883394 -0.09995314 -0.5448281 -0.6645719 3.7999296 -0.38146237 -0.4692235 -0.8949204 0.0
