-0.29405624 -0.5184474 -1.2149961 -0.53720516 4.3341403 -0.75263935 -0.3635553 -0.3294081 0.0
-0.89630777 -0.75225276 5.4624033 -0.60568535 -0.037349258 -0.83615017 -0.98486805 -0.61647546 0.0
-0.34010077 0.0041951695 -0.68655676 0.12076865 -0.1610787 -0.45775378 0.17075191 -0.5929909 2.8952146
-0.097586565 -0.5221465 -0.55995566 -0.34016132 -0.41848534 -0.18367425 -0.26456162 -0.1563076 3.2103992
-0.11289521 -0.40179268 0.08895603 -0.045658484 -0.05902578 0.44502175 -0.31044176 -0.66075385 2.716369
-0.4912249 -1.4189457 -0.2540248 0.42645445 -0.4037407 -1.6537677 4.6502714 -0.9749118 0.0
-0.049426917 -0.3142268 0.14799689 0.68426234 -0.4350998 -0.9737323 0.30267626 -0.3647114 2.0359108
-0.34191024 -0.24671553 -1.0100433 -0.484618 -0.12367523 -0.55262977 0.18509649 -0.1945969 3.758505
-0.36576247 0.035608493 -0.0073624435 -0.4093712 -0.65422034 -0.27948016 -0.19172408 -0.64961684 2.952487
-1.1878701 -1.461053 -0.4196613 0.9316625 -1.165518 -0.76023394 -0.63078386 5.1403003 0.0
-0.21374959 -0.5477988 0.17491934 -0.43662965 -0.09532923 0.22123976 -0.2632965 -0.8456727 2.9202645
-0.19959755 -0.29001155 -0.69689924 -0.23054379 -0.16311331 -0.44633964 -0.52837473 -0.20056343 3.55437
-0.21687242 -0.22064528 0.022952937 -0.72207624 -0.39137036 -0.5791558 -1.1215814 -0.084025756 3.3766553
-0.32411364 -0.9011995 -0.8904112 4.849841 -1.0115999 -0.4506321 -0.8634845 -0.57018816 0.0
-0.45733568 -0.49485955 0.10689011 0.027917624 -0.52288425 -0.32099947 -0.8209928 -0.33626455 3.4111786
-0.3416312 -0.77319616 -0.4267869 -0.5288623 -0.1464205 -0.3194975 0.024264213 -0.7196856 3.6703234
-0.23723958 -0.33874208 -0.3348147 -0.2390537 -0.16687298 -0.0866342 -0.19072095 -0.40330717 3.0366359
1.1462822 -0.9866062 0.16255042 0.8947714 -0.28468573 -0.41364902 0.008109649 0.66830826 0.0
-0.33209917 -0.056143634 -0.27234995 -0.888036 -0.098391324 -0.5066577 -0.17536257 -0.51198345 3.469055
-0.25308648 -0.6072344 -0.3221418 -0.774368 -0.13423428 -0.4840628 -0.36444297 -0.07993932 3.567226
-0.082396336 0.2087066 -0.17516051 -0.57634085 -0.5163082 -0.025254276 -0.22760908 -0.4314698 3.0114625
-0.19132404 -0.22029345 -0.3793074 -0.5904841 4.483597 -0.83022547 -0.56976986 -1.2999235 0.0
