-0.22863334 -0.48414692 -1.1045157 -0.35021907 4.209137 -0.7268186 -0.1615828 -0.12289978 0.0
-0.5592621 -0.30475187 5.4367437 -0.45223957 -0.031324014 -0.8321698 -0.80869323 -0.4981831 0.0
-0.16526252 -0.30081382 -0.6242411 0.08810929 -0.14887083 -0.3827756 0.13296475 -0.5011033 2.868335
-0.07610543 -0.28545207 -0.5094994 -0.28853655 -0.55391884 -0.1587163 -0.2137958 -0.14391832 3.2465992
-0.18240258 -0.22414364 0.055983964 -0.28011277 -0.02868179 0.38709152 -0.24936095 -0.45136818 2.757572
-0.17948091 -1.1892644 -0.2026441 0.35300478 -0.28529233 -1.5801549 4.9126315 -1.2693508 0.0
-0.047270037 -0.30269986 0.13190284 0.49779212 -0.40174606 -0.8693601 0.28859895 -0.30936635 2.175147
-0.21980928 -0.1492322 -0.9656777 -0.15364736 -0.038984764 -0.37707555 0.16904382 -0.17934525 3.4972606
-0.2999645 0.02237791 -0.23511308 -0.20581058 -0.48877612 -0.18047842 0.11822329 -0.27372283 2.601958
-1.1782848 -1.6233832 -0.296246 0.90592 -0.8853752 -0.74705654 -0.37488005 5.2010975 0.0
-0.10759336 -0.7801604 0.14837363 -0.2756692 -0.079439595 0.5133826 -0.22549175 -0.73837227 2.5122423
-0.039727364 -0.096534595 -0.34785953 -0.1213529 -0.056857087 -0.25761494 -0.30175236 -0.14208739 2.7539563
-0.102576144 0.05804636 0.018888963 -0.66813546 -0.37618887 -0.44734687 -0.8025728 -0.053495042 3.2122407
-0.17395307 -0.68660235 -0.8223931 4.6943126 -0.9696665 -0.15012088 -0.7846892 -0.5155801 0.0
-0.28526965 -0.27849367 0.086300336 -0.25871596 -0.25410023 -0.12457365 -0.50750947 -0.09668272 3.278878
-0.2791741 -0.46083432 -0.33357543 -0.12919092 -0.07184568 -0.1379625 0.020146752 -0.44021302 3.1398017
-0.14463805 -0.1898752 -0.13366032 -0.15536654 -0.312328 -0.09626566 -0.061432436 -0.17461024 2.8040624
1.3644058 -0.7944995 0.16958553 0.7988262 -0.25119868 -0.3800278 0.010136846 0.44105068 0.0
-0.099087656 -0.057156257 -0.18362267 -0.47619373 -0.050014507 -0.16081823 -0.05684628 -0.4322535 3.012904
-0.102139704 -0.29719603 -0.080407485 -0.51392925 -0.032531466 -0.47793415 -0.5161924 0.18260571 3.2029524
-0.042031538 0.15594341 -0.39864323 -0.3004629 -0.348976 -0.28088656 -0.042443596 -0.14695115 3.26414
-0.16972613 -0.45390862 -0.29528567 -0.44228 4.487823 -0.5563698 -0.5195601 -0.9036737 0.0
