-0.30492288 -0.52359265 -1.2318223 -0.57143044 4.352485 -0.7564395 -0.40858257 -0.37950158 0.0
-0.8824069 -0.8568454 5.4567537 -0.6317454 -0.03830907 -0.828083 -1.0153929 -0.63571113 0.0
-0.345773 0.12645932 -0.69604605 0.122677505 -0.16266704 -0.46971744 0.17433003 -0.6106856 2.8989496
-0.052639563 -0.5696129 -0.567636 -0.34832457 -0.47565502 -0.19474787 -0.27315038 -0.15870415 3.2247677
-0.115989625 -0.4370408 0.095095165 0.1721079 -0.0658958 0.45618537 -0.3204071 -0.5849376 2.6258972
-0.56784016 -1.4555546 -0.26243934 0.43824065 -0.42446724 -1.6646676 4.6992726 -1.0305754 0.0
-0.04272793 -0.014871963 0.15049534 0.38611037 -0.48271346 -0.98969406 0.024481775 -0.37347198 2.3177903
-0.36438859 -0.265251 -1.0166103 -0.5539189 -0.31871983 -0.5839366 0.19106352 -0.19688733 3.791927
-0.37637496 0.038071822 -0.007774429 -0.4509075 -0.68208987 -0.29766223 -0.19575194 -0.6917079 2.9967597
-1.1892267 -1.5319529 -0.4412689 0.9065547 -1.2126608 -0.46350795 -0.67991024 5.0334983 0.0
-0.24474452 -0.57866997 -0.06851907 -0.60815436 -0.36916524 0.22442421 0.0091051515 -0.59076893 3.0298147
-0.25172362 -0.339724 -0.7702887 -0.24953465 -0.18984877 -0.4831255 -0.5292694 -0.2403481 3.6677651
-0.24155954 -0.23000161 0.023607146 -0.71002144 -0.39489487 -0.60112953 -1.1770447 -0.090092376 3.385806
-0.35451165 -0.9372423 -0.9006779 4.6860614 -0.9005839 -0.5278655 -0.8754855 -0.29174468 0.0
-0.48953903 -0.54043025 0.11336662 0.030166633 -0.5801545 -0.30203548 -0.8799428 -0.40228856 3.477908
-0.3516922 -0.81237847 -0.44222727 -0.5683047 -0.16231441 -0.3591058 0.0249157 -0.77252924 3.727627
-0.2547714 -0.36826667 -0.3722314 -0.25351974 -0.19760558 0.15895922 -0.22447357 -0.4469061 2.9158213
1.2470202 -1.0178587 -0.12562662 1.1902775 -0.29137114 -0.41385636 0.0024356623 0.4964337 0.0
-0.39520046 -0.068885766 -0.28422552 -0.9715085 -0.10846215 -0.25367424 -0.28093463 -0.52463764 3.4602492
-0.28839678 -0.6730745 -0.3932806 -0.6206951 -0.16403961 -0.53176874 -0.36846748 -0.08448952 3.5675142
-0.09078641 0.21775028 -0.2043746 -0.633396 -0.25143093 0.021302009 -0.28969565 -0.5038046 2.940132
-0.20753083 -0.23818143 -0.39325365 -0.5843843 4.5224404 -0.8458399 -0.57740057 -1.369921 0.0
