-0.20295906 -0.4687222 -1.0558118 -0.2859885 4.1512823 -0.7149167 -0.10999431 -0.07697358 0.0
-0.4473258 -0.1985496 5.424501 -0.39383042 -0.02882183 -0.83029383 -0.7317107 -0.45040324 0.0
-0.15759432 -0.29516912 -0.5967651 0.08372203 -0.14342272 -0.35170808 0.13261943 -0.45510933 2.8610048
-0.066964395 -0.21441722 -0.48724037 -0.26691672 -0.5356673 -0.13129494 -0.19328965 -0.13978769 3.186993
-0.16717914 -0.16998579 0.04495668 -0.26767808 -0.020374158 0.36237374 -0.22479935 -0.3485561 2.6708899
-0.11130611 -1.0939536 -0.18208906 0.32279938 -0.2420381 -1.5464876 4.8971 -1.2652862 0.0
-0.041537505 -0.29739583 0.12519859 0.49032593 -0.3203479 -0.8239097 0.28132927 -0.28618976 2.1358
-0.17830764 -0.11760432 -0.94537765 -0.1454288 -0.028585546 -0.3146469 0.16195439 -0.17255282 3.429137
-0.27309248 0.017957944 -0.2130987 -0.1486081 -0.42577195 -0.14671253 0.117901996 -0.24944122 2.594856
-1.1737725 -1.6067891 -0.25121206 0.893772 -0.77737576 -0.7407512 -0.29298458 5.184412 0.0
-0.07771978 -0.7791887 0.13886704 -0.22174443 -0.07459759 0.51274353 -0.20938794 -0.69057554 2.3387582
-0.018430155 -0.05726852 -0.25026166 -0.089524426 -0.03445474 -0.19855373 -0.24503388 -0.08321071 2.4415755
-0.071921155 0.05360417 0.017224919 -0.6438813 -0.3692149 -0.39587814 -0.68500453 -0.043195892 3.1607661
-0.12952057 -0.60367674 -0.7920534 4.6225114 -0.95044297 -0.0890872 -0.7499613 -0.4916008 0.0
-0.22810207 -0.20853713 0.07798895 -0.2451382 -0.18049388 -0.07950317 -0.40413174 -0.05347947 3.1356745
-0.25373432 -0.39730084 -0.29685304 -0.11921616 -0.05126188 -0.09380173 0.018469222 -0.34878463 3.006798
-0.11441432 -0.14432289 -0.086454 -0.13332523 -0.35237125 -0.087870546 -0.035871387 -0.117390156 2.7612488
1.349086 -0.7171162 0.1684658 0.7937259 -0.23675758 -0.3652276 0.00966461 0.43142015 0.0
-0.055787075 -0.05361896 -0.15235163 -0.35447282 -0.03628935 -0.15698917 -0.033296674 -0.39898023 2.9477851
-0.06640746 -0.2118152 -0.041571666 -0.42325637 -0.016582258 -0.39249584 -0.48814976 0.16956715 3.013946
-0.030545406 0.13566773 -0.39385343 -0.22027478 -0.28986353 -0.25897405 -0.019085232 -0.088129036 3.2256083
-0.16037507 -0.4451478 -0.26228216 -0.38573182 4.4133058 -0.46032408 -0.49737418 -0.7608356 0.0
