-0.2395552 -0.49032894 -1.1242077 -0.37914246 4.2320294 -0.7315369 -0.18783176 -0.1475923 0.0
-0.610387 -0.36039314 5.44155 -0.4774153 -0.032362588 -0.8329061 -0.84101874 -0.5182561 0.0
-0.16836804 -0.30305526 -0.6353495 0.08989045 -0.15106173 -0.3956833 0.13310036 -0.52036583 2.8712127
-0.08001755 -0.3192955 -0.51849633 -0.29747745 -0.56123966 -0.17095579 -0.22241054 -0.14557011 3.2702618
-0.18873823 -0.24977992 0.06100599 -0.2851414 -0.032790378 0.39723015 -0.25969946 -0.49945208 2.7923064
-0.21637642 -1.2288377 -0.21131568 0.36559567 -0.30427063 -1.5935475 4.9187307 -1.2709471 0.0
-0.049725644 -0.30480418 0.1346267 0.5006875 -0.43899482 -0.88784605 0.29161656 -0.31895077 2.190764
-0.23858148 -0.16382065 -0.97375125 -0.15699294 -0.04401976 -0.4047781 0.17190571 -0.1820793 3.5243268
-0.3111996 0.02439178 -0.24375981 -0.23379426 -0.5159272 -0.19572943 0.11834947 -0.28386822 2.6047308
-1.1800582 -1.6299328 -0.31601146 0.9107257 -0.93167096 -0.7495421 -0.4128705 5.2076516 0.0
-0.122203216 -0.7805415 0.1522736 -0.3002007 -0.08142144 0.5136334 -0.23213391 -0.75799024 2.5837023
-0.05363631 -0.11841186 -0.39572656 -0.13670087 -0.06916562 -0.2852698 -0.32747197 -0.17494455 2.8871393
-0.1178695 0.059885565 0.019583907 -0.6778871 -0.37895766 -0.46928883 -0.8539551 -0.058167964 3.232641
-0.1952466 -0.722114 -0.8345967 4.722757 -0.97730553 -0.18412003 -0.79873216 -0.5252928 0.0
-0.31138158 -0.31189346 0.089793 -0.26423904 -0.29050675 -0.14850725 -0.5548661 -0.12187824 3.3367755
-0.2898227 -0.48840752 -0.34917074 -0.13332286 -0.08199563 -0.16045004 0.020844804 -0.48223683 3.1935222
-0.1585434 -0.21140489 -0.15850712 -0.1649621 -0.06402973 -0.09976937 -0.075821996 -0.20396714 2.6421194
1.3704568 -0.82704777 0.17002644 0.80083394 -0.25709444 -0.3859897 0.0103281215 0.44488305 0.0
-0.1240513 -0.05037421 -0.19755228 -0.534548 -0.056706764 -0.16234413 -0.07007661 -0.44603476 3.0362258
-0.12088284 -0.33933312 -0.104068495 -0.55452764 -0.042337645 -0.51626205 -0.5276149 0.18798359 3.28024
-0.04762618 0.16468826 -0.4005361 -0.33929625 -0.37528884 -0.28996912 -0.058004703 -0.17949298 3.2793658
-0.17353718 -0.45573756 -0.30931967 -0.46662876 4.515953 -0.59924036 -0.5285212 -0.9666887 0.0
