-0.22513084 -0.37645108 -0.5158629 -0.67065 4.2932153 -0.512455 -0.44801307 -0.99543625 0.0
-0.66574335 -1.0613394 4.387606 -0.1883259 -0.09363874 -0.22731993 -0.95411825 -0.7794126 0.0
-0.052159842 -0.38310048 -0.37403274 -0.46184307 0.059644133 -0.42365056 -0.48764116 -0.602041 3.2033546
-0.27867514 -0.5898894 0.15579031 -0.51481247 0.04742435 -0.34728575 -0.36605087 -0.59966254 2.927108
-0.23652716 -0.55704474 -0.3486886 -0.44632056 -0.0040553603 -0.3413755 -0.35701978 -0.48275802 3.4369233
-0.4137542 -1.1757448 0.118085556 2.3001564 0.6397519 -1.9442781 1.7137152 -0.80575264 0.0
-0.094144166 -0.5251106 -0.6161689 -0.36495295 -0.38646057 -0.34524432 -0.3226079 -0.30947724 3.2806695
-0.7992941 -0.11376382 -0.57519627 -0.20534971 -0.46982023 -0.3078939 -0.12949948 0.15533978 2.578273
-0.6026889 -0.26229426 -0.45177743 -0.7901766 -0.523938 -0.406957 0.10857297 -0.22207306 3.4278748
-1.393133 -0.8781944 1.3406551 2.3847265 -1.5265026 -1.6610847 -1.0539403 2.6357718 0.0
-0.4216485 -0.41297865 -0.31413165 -0.29777122 -0.29099023 -0.50111866 -0.3092837 0.05619754 3.0235572
-0.5313109 -0.3518969 -0.45382375 -0.89674956 -0.42105395 -0.31111112 -0.4570712 -0.5602467 3.7808928
-0.7049278 -0.5755171 -0.46829876 -0.39639518 -0.3088145 -0.1264329 -0.4529561 -0.5636446 3.584289
-0.43303728 -1.1284969 -0.38650256 3.5803921 -0.7708026 -1.2256105 -0.5692935 0.6384595 0.0
-0.27346087 -0.37487686 -0.45444328 -0.52451223 -0.5136857 -0.23790777 -0.44203147 -0.2861001 3.2207818
-0.5726054 -0.5332238 -0.6216373 -0.59657216 -0.27183086 -0.20478481 -0.11559953 -0.32451946 3.3386307
-0.34602043 -0.4694854 -0.31642815 -0.4124639 -0.49171737 -0.2680771 -0.40860185 -0.45166418 3.3629432
0.61569995 -1.0944643 -0.27728716 1.0893538 -0.040843908 -0.27313545 0.062543355 0.8858683 0.0
-0.5830032 -0.43016675 -0.5786272 -0.45882246 -0.42784002 -0.52528834 -0.51083875 -0.33988637 3.6174247
-0.41846412 -0.407178 -0.40658614 -0.5990097 -0.32831004 -0.38998783 -0.45250666 -0.34348622 3.4602976
-0.34714824 -0.3780382 -0.2538165 -0.6287838 -0.1079574 -0.19985393 -0.24247333 -0.5407987 3.0756726
-0.62146556 -0.43313694 -0.8188134 -1.0065665 4.4213257 -0.6073558 -0.81142575 -1.0864943 0.0
