-0.21414775 -0.4756086 -1.077479 -0.3133234 4.177243 -0.72025365 -0.13081048 -0.09504562 0.0
-0.4946782 -0.24084027 5.4300117 -0.4191471 -0.02992329 -0.8311383 -0.7654383 -0.4713324 0.0
-0.1610035 -0.29769853 -0.608989 0.08567063 -0.14585175 -0.36537844 0.13277489 -0.475282 2.864304
-0.07093811 -0.24392541 -0.49714416 -0.27644783 -0.5438131 -0.14300826 -0.20227206 -0.14163344 3.2137048
-0.17387314 -0.19254643 0.049627166 -0.2732096 -0.023769084 0.37330678 -0.23554957 -0.39160895 2.7095916
-0.13805214 -1.1359036 -0.19107747 0.33607265 -0.26064804 -1.5615629 4.9040904 -1.2671155 0.0
-0.04402858 -0.29977345 0.12817536 0.4936179 -0.3547521 -0.8440815 0.2846894 -0.2964073 2.1534348
-0.19593622 -0.13092746 -0.95446837 -0.14907512 -0.032875128 -0.3413797 0.16511032 -0.17558008 3.4596562
-0.28488648 0.019829614 -0.22218859 -0.17209662 -0.45308253 -0.16106395 0.11804661 -0.2601011 2.5980353
-1.175803 -1.614243 -0.2705851 0.8992237 -0.8242931 -0.7435848 -0.32739872 5.1919217 0.0
-0.08998809 -0.77962613 0.14307168 -0.24459441 -0.0767411 0.5130311 -0.21649477 -0.71171105 2.4153621
-0.026057845 -0.07246573 -0.29029292 -0.10267675 -0.043181926 -0.22327296 -0.2691332 -0.105907135 2.5775895
-0.08439996 0.055561572 0.017955592 -0.65469575 -0.37234014 -0.41828802 -0.735671 -0.04756492 3.183849
-0.1479309 -0.6397164 -0.80557895 4.6547165 -0.95905447 -0.112711206 -0.76541036 -0.5022612 0.0
-0.2522846 -0.23757073 0.08162921 -0.251164 -0.21057191 -0.097339965 -0.447808 -0.06984184 3.1993842
-0.26489443 -0.42476034 -0.31286746 -0.1236105 -0.05968444 -0.111614436 0.019206906 -0.38735664 3.0659933
-0.12715979 -0.16331133 -0.10521193 -0.14283927 -0.35801938 -0.09155778 -0.04571618 -0.14039274 2.802074
1.3559653 -0.7509962 0.16896924 0.79601926 -0.24315712 -0.3718218 0.009874549 0.4357317 0.0
-0.072276846 -0.055300817 -0.16572075 -0.40489987 -0.04193335 -0.15870258 -0.04237547 -0.41363975 2.9769785
-0.08062825 -0.24673896 -0.055971168 -0.46193776 -0.022469424 -0.4289146 -0.50058836 0.17532134 3.0976505
-0.0352709 0.14445363 -0.39600378 -0.25334865 -0.31514314 -0.26862526 -0.027366921 -0.11097075 3.2429078
-0.1645219 -0.44907296 -0.27666727 -0.41025245 4.4467163 -0.5013511 -0.50724816 -0.8221514 0.0
