-0.58283997 -0.65861964 -1.0711892 -0.71033 4.9601326 -0.76964366 -0.69323677 -0.91553617 0.0
-1.0018544 -1.5212065 4.828852 -0.50452113 -0.27712882 -0.4641513 -0.4563883 -0.8630725 0.0
0.17240284 -0.17504442 0.026918752 -0.2810105 -0.42646372 -0.10600813 -0.72133857 -1.1616316 3.0362542
-0.24369156 -0.63541985 -0.23208441 0.036491897 -0.20407715 -0.5261422 -0.38755205 -0.9844977 3.1939487
-0.65721947 -0.25505146 -0.3896657 -0.3203496 -0.112328954 -0.09578399 -0.5663229 -0.21004288 3.2060952
-1.1297427 -1.3383238 -0.4961623 1.5335015 -0.18897942 -2.0421934 3.6524615 -1.1260294 0.0
0.40246817 -0.37808728 -0.28070423 0.22914036 -0.39067686 -0.027449887 -0.40346515 -0.6035889 2.4902325
-0.9113761 -0.42771196 -0.41272044 -0.7635749 -0.29036814 -0.49082336 0.010760463 -0.15938005 3.0516403
-0.49590167 -0.113566816 -0.52378976 -0.5452448 -0.36104038 -0.440998 -0.39674127 0.14145388 3.1562326
-1.2642314 -0.9343398 0.3573254 2.0794125 -1.3589141 -1.397746 -0.7877925 3.4365003 0.0
-0.2023506 -0.34374198 -0.3855167 -0.41974726 -0.29675928 -0.4572181 -0.39583182 -0.58531123 3.2047777
-0.46846777 -0.57065153 -0.14013614 -0.29126164 -0.42931166 -0.15446253 -0.59088206 -0.6623181 3.4709675
-0.776326 -0.58675784 -0.18914673 -0.34572598 -0.2917836 -0.46495932 -0.036123764 -0.34247878 3.311694
-0.70630985 -1.2728981 -0.8529386 4.3665996 -1.2727917 -0.9001202 -0.73767376 0.34702373 0.0
-0.39863712 -0.4006872 -0.33242643 -0.3133414 -0.5274081 -0.3631136 -0.25756913 -0.6990256 3.2719653
-0.31447574 -0.81153995 -0.13590223 -0.3904769 -0.43402717 -0.17292576 0.017026994 -0.5663745 3.1078076
-0.10715117 -0.73916763 -0.43916076 -0.5713247 -0.3838304 -0.37669522 -0.4795759 -0.35217676 3.3852217
0.6111565 -1.024989 -0.6294921 1.1335386 -0.068558276 -0.7946988 0.05947081 1.279152 0.0
-0.42397678 -0.3367723 -0.5530075 -0.2730454 -0.33205715 -0.2425862 0.09917004 -0.4185567 2.9933739
-0.07082992 -0.27606425 -0.3911135 -0.5932515 -0.33294073 -0.55971426 -0.41261607 -0.44778112 3.3032994
-0.34354314 -0.362254 -0.51345205 -0.6150935 -0.38675833 0.047682613 -0.32538554 -0.53516114 3.1400514
-0.29323512 -0.27286762 -0.5348897 -0.5625175 4.118342 -0.69229877 -0.87541497 -1.0165813 0.0
