4.192669 0.5709054 -0.49446177 -0.83057386 -0.49602348 0.4154021 -1.2034602 -0.6359246 0.0
-1.3496438 -0.78948754 5.094487 -0.6715414 -0.92978674 -1.061914 -0.26066577 -0.53116816 0.0
-0.34834498 -0.5838343 0.3785885 -0.40733016 0.21698782 -0.5846202 -0.12205097 -0.13559946 2.5621793
-0.040100224 -0.3085937 -0.43026856 -0.67506295 -0.6198262 -0.5305548 -0.23084642 -0.50140435 3.3480837
-0.37912667 -0.46271855 -0.23098971 -0.30440915 -0.4127755 -0.4296622 -0.28715977 -0.21714227 3.141505
-0.2572183 -1.0319147 -0.4377863 -0.8766758 4.5850925 -1.0255452 -0.10472874 -0.84127814 0.0
-0.40344626 -0.5031711 -0.34713808 -0.038293786 -0.008204016 -0.39987662 -0.36169934 -0.4255388 2.9990146
0.17399685 -0.30843478 -0.26348767 -0.45387158 -0.21721801 -0.43810365 -0.21676232 0.08752331 2.3496525
-0.3547346 -0.47929052 -0.053585008 -0.18227725 -0.32221913 -0.039480545 -0.38886267 0.16291393 2.4679248
-0.35564953 -1.1155452 -0.33924794 -0.4284752 -0.85230935 -0.97014165 4.365743 -0.6564485 0.0
-0.39671552 -0.1140406 -0.24452281 -0.27152878 -0.47340614 -0.3702885 -0.47816905 -0.08079308 2.9563222
0.06399151 0.21221885 -0.14137757 -0.23897174 -0.364805 -0.50785863 -0.45760977 -0.41750887 2.78823
-0.25154147 -0.462556 -0.0088179475 -0.20070054 -0.11498092 -0.41546634 -0.383424 -0.17912813 2.9249938
-1.0360886 -0.79846436 -0.2787588 -0.31767136 -0.6497918 3.4759045 -0.061463125 -0.37562004 0.0
-0.44029775 -0.43072757 -0.3834404 -0.24410073 -0.33992964 -0.32920808 -0.4375835 -0.5505771 3.321899
-0.65736985 -0.25486794 -0.40328854 0.02115738 -0.13561843 -0.2420498 -0.55764556 -0.414373 3.15482
-0.09108854 0.03306136 -0.61257553 -0.20888592 -0.50000966 -0.06898758 -0.6560404 -0.29825115 3.064739
0.7278938 -0.5883872 0.41774273 -0.4847202 0.6439955 1.5110978 -0.66492563 -0.7990296 0.0
-0.39309686 -0.08806907 -0.011424228 -0.5642019 -0.26453233 -0.08216151 -0.34501606 -0.43935376 2.9691784
-0.45969114 -0.13904896 -0.60394084 -0.35865793 -0.40838292 -0.05141862 -0.20881605 -0.079164304 2.9697003
-0.22476777 -0.2386538 -0.42259356 -0.4186375 -0.27225462 -0.037662677 -0.48842722 -0.18468066 2.9089532
-0.4191294 -0.24998301 -0.61903906 -0.9776473 3.8395903 -0.75773644 -0.11876052 -0.8464819 0.0
