4.2672677 -0.5469928 -0.8247324 0.16848825 -0.015773058 -0.8006477 -0.6003907 -0.6049607 0.0
-0.9221121 -0.86849934 5.567061 -0.46554464 -0.35911494 -1.0939664 -0.17065465 -1.0956742 0.0
0.28879857 -0.42294374 0.16080976 -0.10765457 -0.5807368 -0.46184626 -0.16172458 -0.5505819 2.7241464
0.4006647 0.06616933 -0.4240517 -0.38438162 0.17755352 -0.8070626 -0.39197093 -0.8244439 3.0730054
0.1281422 -0.36495003 -0.26006013 -0.73025346 -0.3480419 -0.5941979 0.43018773 0.31616667 2.2965739
-1.2225039 -0.8568229 -1.2200159 0.31230134 4.867504 -1.0859774 -0.072167695 -0.43673 0.0
-0.18302585 -0.792576 0.9051585 -0.039338715 -0.36180896 -0.091721736 -0.14387849 -0.6160499 2.4124162
1.3229139 0.33441487 -0.07555661 -0.7654121 -0.18077329 -1.3070526 -0.9768654 0.15765747 1.9294127
-0.06863689 -0.72408146 -0.089142926 -0.38197526 -0.8051039 0.0075608348 0.21014415 -0.00019511061 2.3921149
-1.1651008 -0.92607194 -0.25344715 -0.9942842 -0.8765315 -0.56915385 5.10307 -0.75925004 0.0
0.093963146 -0.7128259 -0.35386464 -0.790842 -0.51969594 -0.20456061 -0.24627537 -0.16417116 3.447712
-0.09357626 -0.53908503 -0.42433792 -0.17939374 -0.3948236 0.17699409 0.12733991 -0.9024321 2.8458936
0.2189161 -0.53616047 0.028053463 -0.44160765 0.13202159 -0.82217574 -0.5807618 -0.074335255 2.6168675
-1.1603492 -0.9371674 -1.1510552 -0.5075468 -1.4804533 4.659113 -0.35959995 -0.2641718 0.0
0.62400067 0.43577144 -0.83943635 -0.45087707 -0.44417673 -0.15516096 -0.51603836 -0.47110778 2.6175086
-0.5671573 -0.42712823 0.07245308 -0.4254489 0.035231147 0.024631334 -0.16324471 -0.4671873 2.5923228
-0.69872856 -0.04051209 -0.17391662 0.23823725 -0.8293882 -0.15116344 -0.42550936 -0.90983975 3.1973398
1.0290914 -0.21381526 -0.19447353 0.1280483 0.047887295 1.2538346 -1.0110991 0.28325787 0.0
-0.1465976 -0.9047055 0.1309508 -0.29035112 0.064315826 -0.79985225 -0.73755574 -0.94449914 3.4246652
-0.7140472 -0.5771448 -0.1048145 0.16603297 -0.7200598 -0.40034428 -0.91311574 -0.4896382 3.5169823
-0.100008965 -0.1794591 -0.058999863 -0.9896049 -0.6007593 -0.06360888 -0.6308448 0.13034216 2.709638
-0.34668845 -0.9634215 -0.23206776 -0.70151967 4.072306 -1.0794157 0.34192163 -0.59314287 0.0
