4.4280033 0.18179965 -0.6573917 -0.45407802 -0.61460024 0.21140444 -1.0619725 -0.7484035 0.0
-1.1253996 -0.97258884 5.4244637 -0.79078954 -0.82534695 -1.3450009 -0.5403753 -0.5245613 0.0
-0.60757565 -0.6218944 0.10988343 0.20174162 0.14813945 -0.42840958 -0.0097407345 -0.29060474 2.4279528
-0.078544885 -0.14068854 -0.39550573 -0.5613491 -0.19128226 -0.6701577 -0.20092525 -0.06331889 2.8865652
-0.1507097 -0.54402155 0.030917043 -0.22712581 -0.5104595 -0.68988395 -0.33417597 -0.00027834828 2.9193017
-0.5196526 -1.1028212 -0.48326474 -0.7597976 4.855702 -0.8983721 -0.47235617 -0.8481285 0.0
-0.5306041 -0.34636682 -0.26367676 -0.50401974 -0.05953055 -0.48177922 -0.220302 -0.23031849 3.0295732
0.11788465 -0.19111963 -0.39072132 -0.40386176 -0.17260188 -0.5376224 -0.50767416 0.08677619 2.452905
-0.23879986 -0.40104297 -0.22411567 -0.21139497 -0.27479905 -0.14282781 -0.40985656 0.02981298 2.5177262
-0.39982083 -1.0848616 -0.31017825 -0.776576 -0.8502089 -1.0331191 4.5874186 -0.7336717 0.0
-0.28405908 -0.33583638 -0.33968222 -0.3816365 -0.6008102 -0.49492377 -0.42713794 0.18095046 2.995268
-0.06692701 0.048297644 -0.23142453 -0.09701263 -0.33319363 -0.51621383 -0.6894682 -0.7134562 3.0082576
0.028323673 -0.33651897 -0.2525064 0.015466655 -0.053071924 -0.49935168 -0.42987278 -0.4056641 2.7649446
-0.9846973 -0.86156857 -0.45632595 -0.24147235 -0.78597194 3.6850975 -0.0794665 -0.55124843 0.0
-0.56053996 -0.69322973 -0.060728848 -0.3939815 -0.44688886 -0.31154397 -0.29636425 -0.2506974 3.2613313
-0.852455 -0.31513122 -0.22003777 -0.026456716 0.028883206 -0.33203125 -0.63440776 -0.123127505 3.0375957
-0.19564301 -0.1300257 -0.5810356 -0.12066902 -0.31253946 -0.24086799 -0.7367432 -0.5289578 3.1680548
0.7918612 -0.69762754 0.45740628 -0.7204959 0.50304186 1.7167408 -0.6940562 -0.85392493 0.0
-0.25871778 -0.45711723 -0.32813528 -0.15580261 -0.30156153 -0.3089706 -0.4150897 -0.43701404 3.015184
-0.33730036 -0.073554665 -0.7123501 -0.10969817 -0.13888228 -0.29620904 -0.45832968 -0.30999517 2.975451
-0.00047847116 -0.058295477 -0.48142633 -0.5750466 -0.37008086 0.020514647 -0.4026454 -0.0041292943 2.643492
-0.43201122 -0.5617895 -0.43793967 -0.96545005 3.973082 -0.6617371 -0.2595943 -0.84523505 0.0
