4.3793874 0.28874224 -0.50156033 -0.62081844 -0.6883717 0.34533063 -1.1858482 -0.6790133 0.0
-1.3191441 -0.78291005 5.1368723 -0.75206614 -0.8383533 -1.018008 -0.4710793 -0.43050045 0.0
-0.42979953 -0.47739238 0.17549121 -0.23301077 0.16800912 -0.496745 -0.31342617 -0.04481574 2.6349654
0.016676597 -0.2520327 -0.36401275 -0.5871262 -0.635607 -0.7207085 -0.13571845 -0.2825382 3.1741912
-0.27445984 -0.46693215 -0.31721407 -0.18885979 -0.42525163 -0.3659411 -0.29112327 -0.2217195 3.0538185
-0.38763633 -1.0982683 -0.3989074 -0.91513735 4.727851 -1.0589784 -0.16211443 -0.906502 0.0
-0.5137835 -0.43082207 -0.42567044 -0.19492382 -0.08974987 -0.40447927 -0.42459235 -0.25525862 3.078974
-0.020565832 -0.35197115 -0.2630852 -0.30228004 -0.29477504 -0.5407523 -0.26441288 -0.017793545 2.5265765
-0.25421426 -0.63015395 -0.20916688 -0.2796925 -0.1944526 0.09053345 -0.39549443 0.14826642 2.4800978
-0.45852903 -1.0730681 -0.381347 -0.5518013 -0.90697086 -0.94312763 4.510172 -0.694687 0.0
-0.46159524 -0.345728 -0.36187172 -0.158944 -0.47635004 -0.37684205 -0.40630817 -0.11083215 3.048489
0.15488735 0.16632254 -0.3039333 -0.103518575 -0.49521196 -0.43758032 -0.6539186 -0.40929168 2.829687
-0.24530546 -0.3246397 -0.08222158 -0.0916351 -0.09855792 -0.4607783 -0.3729399 -0.30038077 2.8700316
-0.9327117 -0.91610336 -0.449282 -0.13913563 -0.83496207 3.5291767 0.03291347 -0.3821489 0.0
-0.4587282 -0.64783955 -0.2185235 -0.33245465 -0.3525807 -0.2039173 -0.44159108 -0.41118097 3.2866683
-0.5562351 -0.460504 -0.3713761 -0.08887299 -0.19025843 -0.060963858 -0.5112806 -0.16257991 3.0709121
-0.17571373 -0.02719595 -0.5695226 -0.31531247 -0.438942 -0.22371887 -0.62190294 -0.20730245 3.114455
1.0159055 -0.5528447 0.45659578 -0.5809308 0.42523804 1.5045122 -0.6993655 -0.8396042 0.0
-0.28224888 -0.1995014 -0.22809958 -0.48967317 -0.37478578 -0.20461911 -0.2854072 -0.49624056 3.067279
-0.42974174 -0.3158577 -0.55761826 -0.33086655 -0.3769904 -0.23835075 -0.20853403 -0.18937306 3.0861616
-0.04566427 -0.13034008 -0.50725317 -0.44397253 -0.31184158 0.032119263 -0.296918 -0.20506927 2.752774
-0.422708 -0.3385032 -0.47064894 -0.97060937 3.8980591 -0.77848023 -0.255177 -0.83051366 0.0
