4.4151187 -0.81710535 -1.0787228 0.16178456 0.011516445 -1.1113118 -0.36715904 -0.31723106 0.0
-0.64791375 -0.80376965 5.2908783 -0.31477255 -0.1403433 -0.68986225 -0.153569 -0.9964791 0.0
0.3283888 -0.03742852 0.163643 -0.071078494 -0.83023447 -0.7509575 -0.10720649 -0.19071959 2.650649
0.122143395 0.018943705 -0.5972837 -0.59504616 0.72120905 -0.93395543 -0.22623922 -0.7366409 3.179547
0.08049559 -0.3187515 -0.56389797 -0.058882486 -0.06990911 -0.4695186 -0.0050928253 -0.086496934 2.520885
-1.1671249 -0.39320055 -1.034258 0.41599482 4.9884553 -0.7967309 -0.4376665 -0.15562636 0.0
-0.3967262 -0.91943717 1.1453307 0.08718014 -0.31979325 -0.25787 0.17322691 -0.83774287 2.1723683
1.753753 0.10953941 -0.11418941 -0.66694987 -0.31185338 -1.0970479 -1.7373534 -0.14516105 2.533259
-0.3896017 -0.64600265 -0.05770721 -0.3804187 -0.7567296 -0.34317675 0.31969774 0.54768556 2.3992233
-1.1029516 -0.7604582 -0.21772034 -0.80345905 -0.57439464 -0.4634476 4.8753314 -0.5258472 0.0
-0.40021646 -0.5757692 -0.22929092 -0.41159156 -0.7264428 -0.100677006 -0.15529151 -0.19662626 3.694372
-0.29080406 -0.7223689 -0.548905 -0.09890295 -0.19742906 0.5223593 0.055887505 -0.8520097 3.0253997
-0.28337592 -0.7208767 -0.007893897 -0.3143698 0.071529776 -0.6591991 -0.6354184 -0.049551904 3.0067973
-1.0574132 -0.8228131 -0.78141457 -0.18181221 -1.1744848 4.1779747 -0.48935735 -0.31060663 0.0
0.16056335 0.34221724 -0.93322986 -0.16630995 -0.066062614 -0.18094096 -0.4324916 -0.34175345 2.8278747
-0.5765384 -0.20670152 0.0017551752 -0.3344253 -0.01024873 -0.44235525 -0.4237805 -0.1869469 2.8602529
-0.35765928 -0.1715228 -0.3682277 0.12409278 -1.0441736 -0.13063705 -0.15510972 -0.48267987 3.1227202
0.7263065 -0.37538823 -0.2808658 -0.29132712 0.30221868 1.4166003 -0.93690604 0.25225404 0.0
0.09915297 -0.878869 0.30701527 -0.6836935 0.0632315 -0.17278346 -0.2933375 -0.8045172 2.9576695
-0.4221052 -0.73503596 -0.30843964 -0.31295896 -0.72782344 -0.22305898 -0.5976214 -0.36370653 4.2163935
-0.084068626 -0.23690315 0.024300398 -0.7002914 -0.4162672 -0.29821974 -0.3935675 0.079711355 2.6771324
-0.3028648 -0.7088354 -0.3516564 -0.47036743 4.1813836 -0.92824465 0.44947734 -0.52177095 0.0
