4.594529 -0.8298668 -0.81545496 0.1663123 -0.013858995 -1.1032113 -0.6906611 -0.33371904 0.0
-0.8280929 -0.846884 5.4763546 -0.41016212 -0.26503173 -0.9381906 -0.16492425 -1.0625197 0.0
0.4971633 -0.35117346 0.26887178 -0.085061565 -0.6578244 -0.6209498 -0.15710364 -0.42141995 2.5023546
0.27668327 0.057948258 -0.3510056 -0.3430199 0.38165277 -1.0053525 -0.32765886 -0.7949323 3.1309917
0.08972536 -0.34779164 -0.2596763 -0.30003777 -0.37075755 -0.52726823 0.29459518 0.026044982 2.4632566
-1.2042897 -0.6659298 -1.1564826 0.30875626 5.1445155 -0.9823713 -0.37144303 -0.509698 0.0
-0.4142566 -0.78581756 1.1585435 -0.0053057424 -0.248856 -0.5064898 0.18220307 -0.60123086 2.1460364
1.55148 0.11623897 -0.0947898 -0.7336834 -0.28714296 -1.2373074 -1.4035605 0.10594 2.301473
-0.41898352 -0.69778126 -0.07819428 -0.40457395 -0.9094048 0.043436885 0.3362838 0.36396453 2.2615
-1.1446024 -0.8688439 -0.24128145 -0.9322136 -0.7644591 -0.53252983 5.0265694 -0.64371276 0.0
-0.11768698 -0.5867736 -0.30688798 -0.53609514 -0.81464845 -0.19542696 -0.21710424 -0.22888538 3.5507224
-0.32275823 -0.63990504 -0.6049468 -0.11018908 -0.30900425 0.35994226 -0.03168745 -0.69466347 3.0933428
-0.30132425 -0.78664595 -0.05515217 -0.4002561 0.10683958 -0.7654308 -0.76595783 -0.07122939 3.1579013
-1.1416879 -0.9017167 -1.0663778 -0.48947385 -1.1230752 4.4018583 -0.3300351 -0.3391699 0.0
0.5512199 0.2720878 -1.0344946 -0.15202029 -0.09865589 -0.15710151 -0.48552778 -0.30441672 2.757259
-0.7116707 -0.015301116 0.06560065 -0.3811557 0.02646671 -0.19195144 -0.34041074 -0.37144622 2.6147985
-0.52361876 0.12759422 -0.0667712 0.14511134 -0.8826582 -0.15992817 -0.35838994 -0.53875065 2.764804
0.7530156 -0.42606652 -0.10608351 0.047288623 0.30619738 1.4490318 -0.9654363 0.09800626 0.0
0.10478858 -0.9298453 0.37063453 -0.4153931 0.07416005 -0.48550352 -0.45190382 -0.8960345 3.134067
-0.6043153 -0.7898752 -0.08275178 0.2835524 -0.86478 -0.3313162 -0.7996093 -0.4435234 3.708146
-0.11270657 -0.028031256 -0.043852523 -0.8864785 -0.49242014 -0.32980934 -0.49777177 0.19332623 2.686347
-0.3343938 -0.8701945 -0.12072373 -0.6163859 3.957757 -1.0279531 0.31186873 -0.5800453 0.0
