4.091883 0.03972244 -0.2980864 -0.23547232 -0.25338677 -0.62499547 -0.4724293 -0.6344087 0.0
-1.0448383 -0.9922282 5.8879724 -0.53558326 -0.5116476 -1.3086958 -0.50958943 -1.1356103 0.0
0.032637604 -0.4843372 -0.07588229 -0.09651339 -0.19594467 -0.5072514 0.120461866 -0.589549 2.6078382
0.35308048 0.20894195 -0.43883818 -0.7654044 0.23060596 -0.7813896 -0.17931397 -0.9605462 3.066287
-0.037369125 -0.47504386 -0.0670079 -0.45258102 0.3748711 -0.4225398 0.031840198 0.23255543 2.2126667
-1.104857 -1.1213193 -1.270383 -0.116133705 5.341728 -1.2207488 -0.37098274 -0.6471793 0.0
-0.29811934 -0.7356036 0.36068234 0.361506 -0.26162606 -0.06847237 0.06383005 -0.16704628 2.122048
0.7088794 0.28429407 -0.17077698 -0.6851327 0.141207 -0.9427653 -0.7540008 0.24876727 1.9477249
-0.42944247 -0.6865334 -0.057828113 -0.16689172 -0.31307176 -0.1158762 -0.16942687 -0.14792052 2.5201042
-0.9325885 -0.85479504 -0.24599978 -1.0702549 -1.0270942 -0.5994474 4.8622627 -0.69165444 0.0
-0.2049296 -0.9457307 -0.3409442 -0.60641 -0.7295995 -0.38278568 -0.05410896 0.1051652 3.3116896
-0.013226625 -0.09827537 -0.19173683 -0.39347067 -0.3150348 0.04838065 -0.35000938 -0.8721614 2.846497
0.13727641 -0.35314035 -0.31965792 -0.52397114 0.045378894 -0.38725835 -0.4288521 -0.2899973 2.5575488
-0.9604884 -0.7993638 -1.2590073 -0.3322329 -1.5848697 4.287624 -0.3969571 -0.04897102 0.0
0.20042564 0.14928102 -0.06979729 -0.5953811 -0.22936116 -0.21250656 -0.52787477 -0.32979497 2.516785
-0.3470517 -0.14213419 -0.27490672 -0.39914945 -0.15277678 0.345702 0.097289406 -0.49913996 2.4862309
-0.49101985 -0.1629884 -0.5143894 0.07205974 -0.4272585 -0.45747533 -0.4886717 -0.4702277 3.193862
0.80559874 -0.3334671 -0.10638352 -0.4847099 0.66650385 1.4904524 -1.007312 -0.18978846 0.0
0.021682132 -0.60741997 -0.18388155 -0.39422685 -0.26608604 -0.47047034 -0.591682 -0.87137794 3.2685719
-0.64237124 -0.52984595 -0.44075495 0.18749054 -0.36359924 -0.5366002 -0.67872226 -0.21131915 3.1412868
0.014315375 0.18274449 0.027932206 -1.020176 -0.37491906 -0.16401614 -0.7588395 0.28923213 2.2999887
-0.20799442 -0.9195188 -0.32743952 -0.8153761 3.9438417 -0.83811694 -0.15459044 -0.38634008 0.0
