4.0460544 -0.5552235 -0.21289785 0.1562819 0.13311161 -0.8076244 -0.60626537 -0.6205019 0.0
-0.97633916 -0.9757539 5.678762 -0.49797213 -0.4220206 -1.1870829 -0.17378676 -1.1137264 0.0
0.33893174 -0.44960272 0.03136933 -0.044299316 -0.47718462 -0.48143986 -0.21836652 -0.5704763 2.7268841
0.46529454 0.138548 -0.48517573 -0.5642591 0.16807446 -0.87281114 -0.35571998 -0.5918971 2.9291623
0.24676795 -0.71590596 -0.27403742 -0.5485871 -0.26075786 -0.17371897 0.40316722 -0.027265592 2.3082607
-1.0542929 -0.981853 -1.2552136 0.289754 4.8083525 -1.1454532 -0.075508185 -0.5210041 0.0
-0.24413368 -1.0764141 0.80468863 -0.011674566 -0.07278116 -0.1913665 -0.2149073 -0.43892148 2.432804
1.1616063 -0.0015575062 0.0015883154 -0.751932 0.0531047 -1.1639506 -1.041005 0.30544907 2.005699
-0.2626593 -0.8885346 -0.108446404 -0.16399783 -0.7431823 0.008292575 -0.031126464 0.02735017 2.532381
-1.1759585 -0.9580247 -0.25557894 -1.0289559 -0.9416687 -0.58964 5.142046 -0.8231569 0.0
0.3580199 -0.81276137 -0.29006714 -0.8118051 -0.58129156 -0.31564453 -0.263285 0.077747695 3.202839
-0.010512936 -0.37908074 -0.13103238 -0.22767648 -0.5237678 0.5378756 -0.22220479 -0.92224896 2.6524563
-0.14186163 -0.38064882 0.008977787 -0.56348914 0.22517535 -0.6921026 -0.6321811 -0.068644345 2.6502419
-1.1651008 -0.8799883 -1.1987919 -0.5173525 -1.5569669 4.662905 -0.3772194 -0.27136415 0.0
0.7410865 -0.050748087 -0.5396583 -0.49789038 -0.46289396 -0.33838707 -0.5332612 -0.5339659 2.6828504
-0.6054047 -0.41483068 0.0031149397 -0.4535605 0.03990285 0.19750482 -0.105966754 -0.49653137 2.576438
-0.71712923 0.12887299 -0.30535534 0.19801709 -0.5642921 -0.43706217 -0.4693487 -0.9738582 3.3019762
1.081908 -0.26941466 -0.40312672 -0.12922825 0.18356073 1.3737564 -1.0405637 0.11816705 0.0
-0.03702304 -0.9119762 0.0067874603 -0.57628644 0.06433867 -0.47154653 -0.6132312 -0.71192956 3.2058191
-0.7855406 -0.67795396 -0.1628426 0.18043505 -0.3127414 -0.5201255 -0.72522396 -0.1950406 3.1546364
-0.087870434 -0.031990085 0.18539767 -0.9737077 -0.7316063 -0.18628313 -0.4467998 0.09962053 2.4078696
-0.3841236 -0.87092143 -0.36618897 -0.7514731 4.180933 -1.1078157 0.25229478 -0.60645574 0.0
