4.400747 -0.7941383 -1.05574 0.15377362 0.011218907 -1.0937167 -0.3658994 -0.2889898 0.0
-0.42872515 -0.73008657 4.9679513 -0.19326569 -0.043350227 -0.38212997 -0.13467439 -0.8854901 0.0
0.3052238 -0.03544967 0.14948706 -0.05436668 -0.8019999 -0.6092152 -0.095558435 -0.1582841 2.5960987
0.08240482 0.017427932 -0.58330065 -0.5150588 0.43354422 -0.81505954 -0.11429573 -0.652308 3.3841238
0.07156204 -0.6221751 -0.5187596 -0.058181588 -0.0660808 -0.43709403 -0.0049990676 -0.21375665 2.8240085
-1.1017153 -0.14873207 -0.84206474 0.39946827 4.949847 -0.54177374 -0.43352625 -0.15333693 0.0
-0.3663928 -0.8159914 1.0959829 0.07692839 -0.2902382 -0.24469908 0.15733029 -0.7910313 2.0381587
1.7048193 0.08422081 -0.41694316 -0.5564399 -0.3012786 -0.87914 -1.6544272 -0.14534575 2.9087234
-0.32703358 -0.56054044 -0.038014133 -0.33556497 -0.5394819 -0.32866985 0.2912864 0.4687931 2.3329172
-1.0302355 -0.5950437 -0.18019907 -0.6272081 -0.33922568 -0.3588377 4.6007247 -0.28484762 0.0
-0.3728441 -0.2969188 -0.13398252 -0.30681244 -0.5759073 0.2486845 -0.08354301 -0.14890341 3.2800586
-0.24015152 -0.618976 -0.4589736 -0.13532232 -0.07533544 0.48992273 0.050920125 -0.72361666 2.8201573
-0.25313735 -0.6121226 -0.30087596 -0.21592376 -0.089918785 -0.25879997 -0.45365244 0.17294385 2.92695
-0.9182164 -0.69519603 -0.61128277 -0.17272162 -1.1051128 4.033497 -0.3878144 -0.26417387 0.0
0.14418215 0.050289482 -0.7982913 -0.12221332 -0.038132276 -0.106469385 -0.3422069 -0.330091 2.8606117
-0.38628405 -0.16877818 0.0011478388 -0.212606 -0.0063888654 -0.38199547 -0.6849027 -0.0821062 3.0328712
-0.26544845 -0.14599554 -0.29480928 0.09304637 -0.9050781 -0.0900061 -0.033040598 -0.3962682 2.870956
0.53699 0.14974248 -0.57602006 -0.28707933 0.54704285 1.2716589 -0.9245009 0.16062164 0.0
0.045620747 -0.9259331 0.21117358 -0.64515054 0.048462022 -0.16290395 -0.18634565 -0.65638345 2.7918491
-0.21769948 -0.64386916 -0.35607156 -0.30842024 -0.5298535 -0.102531455 -0.34950837 -0.25503713 4.216377
-0.07749722 -0.21406117 0.01969314 -0.45350048 -0.30559558 -0.2648562 -0.26425585 0.056250174 2.4908273
-0.58313423 -0.47891685 -0.348581 -0.2858209 4.4709773 -0.7693213 0.37412786 -0.44340086 0.0
