1.2619282 1.2343638 1.2394207 0.72876334 1.2663242 1.2737281 0.7218294 0.73492 0.0
0.8788437 1.2568591 1.163048 0.86789453 0.9893229 0.7877857 0.7366034 0.74383956 0.0
1.2131083 1.0852516 1.2536964 0.73302513 0.7731239 0.7524445 0.726674 0.73205 1.2541974
0.74990547 1.2507396 1.1592311 0.7562605 1.2687443 0.7663163 0.7295286 0.7246548 1.2576782
1.2004901 1.2528971 1.2086754 0.7221189 1.2057238 0.74771845 0.7441304 0.7315523 1.2686191
1.2533567 0.7891582 0.9810148 0.74749947 1.2160318 0.72998 1.0061638 0.7380097 0.0
0.7593128 0.73721844 0.7374992 0.7331884 1.1803732 0.73099387 0.7935256 0.72969466 1.2634841
0.8056589 0.7452721 0.88083214 0.7936287 0.73347336 0.72843033 0.7258831 0.75661 1.2528105
0.75990266 0.74510103 0.72174233 0.755163 0.73968214 0.8371811 0.84834284 0.7282682 1.2659944
0.9217203 0.7645391 0.9900122 0.82697624 0.9667895 0.83890575 1.1625979 0.8344828 0.0
0.7327895 0.73765916 0.7334443 0.7729498 0.75735325 0.94527245 0.7284333 0.7470861 1.2653252
0.7398624 0.82585365 0.7386035 0.7460555 0.8766667 0.7258256 0.7327622 0.7262819 1.2705599
1.2206796 0.752928 0.7563831 0.7414371 0.7673472 0.746217 0.7240745 0.7313314 1.2661364
0.8433815 1.2069635 0.8135853 0.8324105 0.935685 0.9556759 0.77529025 0.7516973 0.0
0.8528636 0.778259 0.7492342 0.7310973 1.2527303 0.7390029 0.7270098 0.73135966 1.2676768
0.7233577 0.80242324 0.76829636 0.7278405 1.2754431 0.7414778 0.74447167 0.7327096 1.2706001
0.92352283 0.75967234 0.7238051 0.73094374 0.9846679 0.7346026 0.7314048 0.73435324 1.2707897
1.1727021 0.90768695 0.89456457 0.7351723 0.8799983 1.0618395 0.7954612 0.7373459 0.0
1.2758187 1.0118189 0.7182945 0.73446035 1.2378261 1.2541149 0.73539746 0.72979945 1.2696513
1.2425305 1.2706119 0.7429074 0.72735566 1.2259145 1.1704402 0.7366216 0.73084205 1.271608
1.2242308 1.2614267 0.7640878 0.7285651 1.2826091 1.0411912 0.7322609 0.7276187 1.2673764
1.1784593 1.2737406 1.0574621 0.72709143 1.27465 1.2227144 0.82681525 0.7244264 0.0
