4.70574 -0.7420944 -1.0030514 0.13628188 0.010542047 -1.0530009 -0.67920285 -0.23150691 0.0
-0.16019037 -0.58083737 4.2780724 -0.060344808 -0.0025820897 -0.09328353 -0.0985406 -0.6686406 0.0
0.2564898 -0.03115335 0.14127319 -0.028710559 -0.7386693 -0.36431164 -0.07268242 -0.10155909 2.4451122
0.032238863 0.014292362 -0.55135286 -0.36531067 0.42318204 -0.5895264 -0.022331607 -0.467471 3.2958086
0.054093625 -0.6130793 -0.4253921 -0.056504015 -0.05793851 -0.36869386 -0.0047830604 -0.21107301 2.797972
-0.96052957 -0.014480212 -0.51626503 0.3627629 4.859275 -0.21611102 -0.42384169 -0.14802904 0.0
-0.3032419 -0.61429554 0.9708152 0.057125922 -0.23043367 -0.21601929 0.12540385 -0.69015115 1.7744843
1.6658206 0.06638662 -0.41414896 -0.36155263 -0.2775543 -0.5190383 -1.4728177 -0.14236927 2.8894355
-0.2379773 -0.39992034 -0.014046222 -0.2489692 -0.24090873 -0.29659134 0.23344085 0.3937647 2.1488872
-0.8759958 -0.3318342 -0.11486848 -0.34781408 -0.096534446 -0.1951191 4.0089436 -0.06588209 0.0
-0.31904554 -0.06103098 -0.037151165 -0.15247306 -0.3313262 0.24563369 -0.01899528 -0.076785915 3.2402918
-0.15227474 -0.4285922 -0.2998007 -0.07529801 -0.30351928 0.37561178 0.04080675 -0.49058837 2.614404
-0.19353883 -0.41479114 -0.26367554 -0.08817885 -0.034564335 -0.21342714 -0.20325786 0.08068099 2.658109
-0.65632206 -0.46551585 -0.3406809 -0.15288952 -0.95616996 3.7098505 -0.22290863 -0.1796933 0.0
0.11161675 0.042818498 -0.5505123 -0.37975898 0.30114463 -0.03001878 -0.19595003 -0.30393654 2.6642354
-0.14868994 -0.104170166 0.0004168137 -0.07215739 -0.0020684858 -0.2694311 -0.6798167 -0.011458123 3.0103583
-0.13045825 -0.09949066 -0.17361656 0.046856884 -0.64414424 -0.037027463 -0.0007960265 -0.24777295 2.351171
0.52799207 0.1474504 -0.562446 -0.27722904 0.5337768 1.2271696 -0.8956678 0.15767096 0.0
0.0071212696 -0.6104381 -0.1656945 -0.562001 0.025717285 -0.14161652 -0.06312962 -0.40439302 2.5748954
-0.044742845 -0.46986312 -0.34582245 -0.29789352 -0.24873222 -0.017907815 -0.09716123 -0.106947124 4.1234927
-0.06262318 -0.1681868 0.013220808 -0.16094509 -0.1463314 -0.19972095 -0.102221325 0.024504066 2.0959892
-0.58252925 -0.18810368 -0.34137836 -0.08707093 4.5949497 -0.49207267 0.050590925 -0.27899045 0.0
