4.413405 -0.81434274 -1.0759667 0.16081159 0.011480693 -1.1092068 -0.36700806 -0.31373748 0.0
-0.6169196 -0.7946432 5.251434 -0.29706898 -0.122107394 -0.6431522 -0.15119316 -0.98260117 0.0
0.32554573 -0.03718821 0.15265384 -0.06885227 -0.826829 -0.7319382 -0.10575203 -0.18654436 2.6538908
0.116569266 0.018756935 -0.59560806 -0.5849411 0.7191918 -0.9189733 -0.20863166 -0.7244809 3.1541314
0.07937801 -0.62425345 -0.5583376 -0.058796473 -0.06945099 -0.46554494 -0.005081597 -0.21473382 2.832868
-1.1591567 -0.35039228 -1.0093132 0.41399652 4.983854 -0.76107323 -0.43717262 -0.15535265 0.0
-0.3929959 -0.9064956 1.1393434 0.0858934 -0.31613138 -0.2562692 0.17127633 -0.8320533 2.1559741
1.7198462 0.10816086 -0.11095285 -0.6527556 -0.31057808 -1.0685754 -1.72729 -0.14658275 2.610456
-0.36791924 -0.6352074 -0.054917913 -0.3747927 -0.7269296 -0.34142086 0.3161834 0.5428935 2.3853233
-1.094053 -0.73862916 -0.21288513 -0.7801764 -0.539592 -0.44958255 4.841866 -0.48895258 0.0
-0.39686295 -0.53225684 -0.21512951 -0.39738613 -0.7066859 -0.08713358 -0.14428052 -0.19024257 3.6663039
-0.28427002 -0.7092384 -0.53736496 -0.16808635 -0.1761476 0.5155436 0.05527306 -0.8356422 3.0210268
-0.2796036 -0.7070119 -0.007525914 -0.30066052 0.06735412 -0.63801634 -0.6105015 -0.04840833 2.977216
-1.0398352 -0.80650866 -0.7589602 -0.18070789 -1.1660224 4.1605444 -0.47602922 -0.30469137 0.0
0.15852472 0.33653006 -0.9160788 -0.16033731 -0.061892673 -0.1699062 -0.42063338 -0.34034687 2.8169918
-0.54977256 -0.20178615 0.001668903 -0.3169219 -0.009689783 -0.43471518 -0.41114372 -0.16956834 2.8267746
-0.34522066 -0.16827185 -0.35863242 0.11992269 -1.0265951 -0.12498623 -0.12916195 -0.4715051 3.091692
0.57409185 -0.37320223 -0.2793246 -0.2908193 0.52152956 1.41373 -0.9354238 0.25148743 0.0
0.09043105 -0.8509279 0.29463926 -0.67899776 0.061264187 -0.17158067 -0.27795994 -0.7853091 2.9179673
-0.3902156 -0.7235667 -0.35993704 -0.31241634 -0.70090175 -0.20456427 -0.56075996 -0.3483018 4.251335
-0.08377002 -0.2340676 0.02184858 -0.66508716 -0.4012708 -0.2940472 -0.37539217 0.076479934 2.6558614
-0.29633322 -0.6765971 -0.35128963 -0.44336578 4.177016 -0.90777344 0.44031858 -0.5098522 0.0
