4.7061615 -0.77587146 -1.0373455 0.14752926 0.010981759 -1.0795627 -0.67924845 -0.26780692 0.0
-0.3059079 -0.6749674 4.7192144 -0.12968843 -0.016532958 -0.23571289 -0.120982945 -0.8041033 0.0
0.28753135 -0.033911806 0.14661452 -0.043673605 -0.7796675 -0.510703 -0.08699248 -0.1359289 2.5432372
0.059733644 0.01628086 -0.57212836 -0.4577782 0.42995808 -0.7292958 -0.06534226 -0.5818248 3.3535364
0.065008536 -0.6190368 -0.4846013 -0.05760005 -0.06316416 -0.41229114 -0.004923826 -0.21283141 2.8150418
-1.0510494 -0.06704676 -0.7119238 0.38646632 4.918561 -0.3953156 -0.4301763 -0.15149339 0.0
-0.34335664 -0.7402226 1.0572107 0.06945878 -0.2681385 -0.234448 0.14554691 -0.754838 1.9347795
1.6913272 0.07761584 -0.4159816 -0.4799154 -0.2929134 -0.73371 -1.5896837 -0.14420913 2.9020588
-0.2932326 -0.49921033 -0.027022077 -0.30289125 -0.40916073 -0.31728393 0.26997274 0.44155043 2.2680216
-0.9744449 -0.48700485 -0.15440294 -0.51234204 -0.22051631 -0.29115844 4.388198 -0.17249957 0.0
-0.35637003 -0.17270383 -0.08633056 -0.24138665 -0.47640502 0.24763273 -0.050300132 -0.11864504 3.266574
-0.20539843 -0.5456217 -0.39657134 -0.11067148 -0.3534657 0.44657683 0.047193736 -0.6332604 2.8624444
-0.23085609 -0.5355978 -0.2875483 -0.15883383 -0.06478848 -0.24222988 -0.34446245 0.13315083 2.8317077
-0.81826454 -0.60580903 -0.5001893 -0.16563913 -1.0515336 3.9192996 -0.32071224 -0.23145154 0.0
0.13205391 0.04758839 -0.70270246 -0.09501112 -0.024323847 -0.0689952 -0.2826291 -0.32086733 2.7916076
-0.27844843 -0.14302504 0.0008110907 -0.14679562 -0.0043407227 -0.33886647 -0.68315196 -0.04184659 3.0251226
-0.20804977 -0.12799269 -0.2458383 0.07353865 -0.80536383 -0.066375874 -0.009267758 -0.33729938 2.6806352
0.53388333 0.14895144 -0.57132274 -0.28365856 0.54245126 1.2562051 -0.914498 0.15960234 0.0
0.024157353 -0.80256927 0.15908858 -0.6153043 0.038995326 -0.15525793 -0.12858415 -0.55587566 2.5691357
-0.1266245 -0.57788014 -0.3525187 -0.30476466 -0.40879744 -0.056412593 -0.22538994 -0.18931536 4.1842523
-0.07203084 -0.19705433 0.017886559 -0.3179312 -0.2373895 -0.2404015 -0.19081117 0.042303383 2.3470807
-0.5829257 -0.34760842 -0.346091 -0.190183 4.5978045 -0.6599438 0.05066774 -0.37823108 0.0
