2.828322 1.8575048 -0.09314247 -0.8280836 0.7844115 1.6952491 -0.8200457 -0.7686231 0.0
-0.35564446 -0.3988233 3.4551108 -0.053381518 0.40470585 -0.7183116 0.54689604 -0.3858242 0.0
-0.18521239 -0.1769084 0.99749947 -0.35435504 -0.1463678 -0.35348317 -0.37188813 -0.709957 2.9683018
-0.35117415 -0.2330361 -0.018915238 -0.5817212 0.07681613 -0.549316 -0.3788834 -0.57928354 3.395313
-0.12462719 -0.12453151 -0.002093029 -0.5342265 -0.062059972 -0.36941206 -0.34150958 -0.64102125 3.4829502
0.6806259 -0.7973135 -0.04336135 -0.5003298 3.6639035 -0.6138593 0.3696794 -0.6428609 0.0
-0.0718811 -0.47451505 -0.51708114 -0.5104664 0.32880437 -0.3618999 -0.24940495 -0.38618782 3.2531638
-0.51494527 -0.24325553 -0.15477453 -0.29612187 -0.35207278 -0.48952138 -0.19535017 -0.054802705 2.9134374
-0.38834512 -0.1714877 -0.3931064 -0.34022778 -0.204819 -0.38602892 -0.20135695 -0.45734286 3.3361707
0.29895505 -1.0469416 -0.07673269 0.18959433 0.20974907 -0.5375163 2.6559718 0.35991696 0.0
-0.32309315 -0.4575475 -0.4964022 -0.38543984 -0.25993422 -0.32119668 -0.47565547 -0.46893874 3.5237615
-0.44614878 -0.33178863 -0.3573046 -0.5339478 -0.32961807 -0.3376495 -0.48394293 -0.41557416 3.5288775
-0.10792147 -0.4979934 -0.28010592 -0.3893919 -0.49434564 -0.44574785 -0.40943742 -0.49533817 3.5902302
-0.3991425 0.36483404 -0.026301168 0.13900262 -0.17178917 1.6538312 0.5870297 -0.07319252 0.0
-0.29825678 -0.46527413 -0.47865653 -0.47787 0.085772045 -0.32016468 -0.39605495 -0.49677715 3.5004482
-0.4161165 -0.3478135 -0.40919837 -0.54899395 -0.06780391 -0.2322209 -0.21194069 -0.5117434 3.4897788
-0.28461486 -0.36932647 -0.4518489 -0.5734868 -0.43499172 -0.553404 -0.38773057 -0.5009063 3.5824575
0.5147153 -0.60997105 0.20273972 0.055704907 1.2485265 1.1648539 -0.29630598 -0.2795337 0.0
-0.1462094 -0.49585602 -0.3416568 -0.67013025 -0.17439286 -0.12807238 -0.2033145 -0.6467687 3.5561504
-0.10846992 -0.17490637 -0.448456 -0.57940316 -0.14986347 -0.21017171 -0.27901226 -0.57359475 3.491586
-0.22731905 -0.16273303 -0.2626496 -0.568082 -0.122500695 -0.26926693 -0.21995643 -0.53031373 3.431957
0.85454756 1.388849 0.46572644 -0.5611502 2.0328968 0.7072946 0.47655597 -0.6118601 0.0
