2.4812899 2.361579 1.1386051 -0.43346944 2.1431415 2.2135243 -0.6023788 -0.42670265 0.0
0.82359964 0.86066276 1.7169304 0.6083021 1.1435933 0.65212613 1.0151559 -0.2486927 0.0
0.9458946 0.8982882 1.6290255 -0.40632978 0.4972145 -0.14036708 -0.092691444 -0.5362412 2.5972376
0.042736392 1.0243703 0.49260682 -0.45316872 1.2793511 -0.041494817 -0.18891971 -0.38691872 2.7828794
0.7239461 1.2009381 0.800662 -0.44352636 1.0233918 -0.1187657 -0.21018717 -0.5321062 2.980456
1.6699734 0.68551934 0.8333852 -0.13544449 1.8513895 0.4365221 1.0529221 -0.253174 0.0
0.18974075 -0.4632489 -0.3046412 -0.41934884 1.4425511 -0.47375152 0.29502985 -0.42519543 2.8243256
0.119274504 -0.09072728 0.5418715 -0.18914093 0.033051744 -0.40692183 0.29874063 -0.37372494 2.452624
-0.09295881 -0.4377979 -0.2257405 -0.4651838 -0.2810606 -0.20130105 0.40620577 -0.52324307 3.084993
0.84770507 0.16184543 0.67726785 0.23365761 0.9751982 0.28085023 1.7711453 0.40584773 0.0
-0.5138722 -0.35549498 -0.5109891 -0.48690966 -0.36771816 0.42563543 -0.5013083 -0.62174904 3.053854
-0.2625054 -0.36382222 -0.08764981 -0.70222384 -0.4898552 -0.39272663 -0.6141853 -0.6140408 3.1193686
0.9959972 -0.19224933 -0.16468175 -0.4260823 -0.118271075 -0.5132113 -0.52640116 -0.5758469 3.0177824
0.8887994 1.2522676 0.5618229 0.43822944 0.4811689 1.3823794 0.47017458 0.054159027 0.0
0.30075967 -0.3469907 -0.41242772 -0.5816191 1.3772423 -0.36916673 -0.44522014 -0.55756843 2.9812412
-0.5978565 -0.50578845 -0.6249783 -0.54352015 1.0120896 -0.5268145 -0.48687607 -0.6323971 3.0706341
-0.13883843 -0.6825907 -0.62555397 -0.7236866 -0.34533057 -0.65961546 -0.7290118 -0.69653744 3.092749
1.0205342 0.3129892 0.85871935 0.0126648415 1.3269813 1.3331221 0.31452405 -0.25782916 0.0
1.3779639 0.54666317 -0.20067035 -0.4994127 0.793329 0.64405537 -0.39684322 -0.56277245 2.8934913
1.2587671 1.4499779 -0.58215714 -0.5199278 1.2834957 0.22846259 -0.42266485 -0.5313575 2.8855114
0.44849497 1.2306275 -0.5915383 -0.5307653 1.2188663 0.48338696 -0.503856 -0.51542366 2.9813523
1.4668907 1.4950384 0.73340166 -0.008090964 1.9003859 1.3220961 1.0866902 -0.173528 0.0
