4.4161763 -0.8185937 -1.0802069 0.16230978 0.011535702 -1.1124444 -0.36738443 -0.31912425 0.0
-0.66520447 -0.8087167 5.312197 -0.32471532 -0.15123671 -0.71634334 -0.15486093 -1.0040171 0.0
0.32994512 -0.037508696 0.3742372 -0.07230419 -0.83210164 -0.76137996 -0.10799626 -0.19300145 2.4326806
0.1252474 0.019050945 -0.59785175 -0.59940755 0.7217755 -0.9421062 -0.23630367 -0.7432587 3.1932805
0.08110623 -0.32203093 -0.5669198 -0.058927473 -0.07015831 -0.4716678 -0.0050988155 0.025936281 2.4160132
-1.171429 -0.41831577 -1.0479149 0.41707256 4.990929 -0.81657445 -0.43793204 -0.15577365 0.0
-0.39874518 -0.9264672 1.148559 0.087881975 -0.3217719 -0.2587343 0.17427786 -0.84081626 2.181234
1.575432 0.11024181 -0.11596724 -0.6747037 -0.31254086 -1.112659 -1.7427852 0.03089933 2.5373435
-0.39294177 -0.6518788 -0.059276618 -0.38347653 -0.77324235 -0.3440949 0.32160223 0.5502813 2.40451
-1.107763 -0.7724524 -0.22036375 -0.81625456 -0.5940105 -0.471073 4.8934107 -0.54680485 0.0
-0.40203008 -0.60059655 -0.23727986 -0.41937009 -0.73728544 -0.108799644 -0.1615496 -0.20014416 3.7095304
-0.29437664 -0.7295242 -0.5552076 0.11792757 -0.20983528 0.5260588 0.056221176 -0.8609361 2.976755
-0.285424 -0.7284387 -0.008098972 -0.3219913 0.07387894 -0.6708695 -0.64922327 -0.051710837 3.0230021
-1.0669807 -0.8317093 -0.7937527 -0.1824085 -1.1790574 4.1873713 -0.49667194 -0.31383228 0.0
0.1616261 0.34531263 -0.9425778 -0.16961026 -0.068417616 -0.18716216 -0.43900058 -0.34251165 2.833753
-0.5914532 -0.20939183 0.0018033519 -0.34418124 -0.010561985 -0.44651535 -0.42534256 -0.19700637 2.8762848
-0.3645264 -0.17329545 -0.37348884 0.12639286 -1.0537293 -0.13377781 -0.17113198 -0.4887931 3.1395142
0.7266869 -0.37656808 -0.2813321 -0.2916004 0.30256367 1.4180572 -0.9377077 0.25266695 0.0
0.1043754 -0.8942589 0.31392008 -0.68623024 0.06449528 -0.17343411 -0.30194747 -0.81503135 2.979107
-0.44029972 -0.7412736 -0.05335461 -0.31325075 -0.742713 -0.23367502 -0.6184161 -0.3722625 4.0235696
-0.08455041 -0.23844095 0.027856676 -0.71996933 -0.4245547 -0.30048722 -0.40373984 0.08154449 2.6875274
-0.30643472 -0.7267864 -0.35185367 -0.48554695 4.1868854 -0.93943435 0.3875941 -0.5282996 0.0
