4.2857347 -0.54859966 -0.8163328 0.16830102 -0.015784029 -0.803023 -0.66564906 -0.6075265 0.0
-0.9323768 -0.8732736 5.5781393 -0.47165772 -0.37052438 -1.1114161 -0.17125621 -1.0991483 0.0
0.29015434 -0.43136677 0.16138929 -0.1276538 -0.5817541 -0.4671184 -0.16306892 -0.55346614 2.7357762
0.36412406 0.079227954 -0.42951602 -0.389932 0.18093614 -0.8194158 -0.40193975 -0.82727575 3.0750113
0.17408656 -0.38849568 -0.2822827 -0.708508 -0.350907 -0.5952824 0.43089223 0.3459167 2.2586524
-1.2243918 -0.8793632 -1.2267563 0.31267184 4.87237 -1.0972525 -0.074432075 -0.45271924 0.0
-0.16355817 -0.7961453 0.8913161 -0.038436104 -0.34396112 -0.08976971 -0.14527677 -0.6175041 2.4178185
1.3114747 0.34417862 -0.07480364 -0.767793 -0.16601744 -1.3127009 -0.99836344 0.15815385 1.933975
-0.06522502 -0.7278337 -0.090131275 -0.38353586 -0.814071 -0.0018912266 0.041025035 0.0014445449 2.524085
-1.1672337 -0.9321776 -0.25473416 -1.000909 -0.8889711 -0.573067 5.1110215 -0.772313 0.0
0.095729776 -0.7310163 -0.35897937 -0.79884595 -0.53695935 -0.21849735 -0.25039738 -0.16540292 3.4666293
-0.09383077 -0.5904547 -0.4295186 -0.18303548 -0.41618392 0.2931479 0.0867854 -0.91563004 2.8534648
0.2023613 -0.3738962 0.047044568 -0.38293383 0.12952386 -0.82804656 -0.59017086 -0.06947002 2.4957898
-1.1647614 -0.86271065 -1.160152 -0.5094462 -1.4951792 4.6343036 -0.36329085 -0.26555943 0.0
0.61411554 0.29863086 -0.83188933 -0.45799142 -0.45356628 -0.15759267 -0.51924825 -0.4790399 2.7268965
-0.5765959 -0.43740916 0.06775032 -0.43067333 0.034891993 0.19635917 -0.16471419 -0.47677103 2.5444927
-0.74977905 -0.041269578 -0.17926171 0.2443748 -0.82629216 -0.087855235 -0.44461688 -0.9219958 3.2098887
1.054447 -0.21649216 -0.18165147 0.08915036 0.0462886 1.2394941 -1.0150791 0.28449467 0.0
-0.08012556 -0.86558247 0.13371459 -0.32281515 0.064775884 -0.820742 -0.75153285 -0.9458386 3.4193134
-0.7267665 -0.5958405 -0.103239685 0.16877085 -0.6156509 -0.4084351 -0.92631876 -0.47788185 3.472511
-0.10198082 0.080163896 -0.21789598 -1.0445807 -0.607944 -0.019326719 -0.63880104 0.06240859 2.7176452
-0.34856194 -0.9735647 -0.23405957 -0.710931 4.089202 -1.0848618 0.3261492 -0.59625304 0.0
