4.706066 -0.7634456 -1.0247725 0.1433464 0.010820185 -1.0698508 -0.6792436 -0.2540272 0.0
-0.24197616 -0.6391849 4.554101 -0.098292 -0.008447436 -0.1684825 -0.11230804 -0.7520657 0.0
0.27586126 -0.03288417 0.14465414 -0.037512705 -0.7645399 -0.45183527 -0.08150354 -0.12229578 2.507197
0.04777002 0.015529583 -0.5645038 -0.42181325 0.4274877 -0.6751421 -0.044293754 -0.537438 3.3324802
0.06081669 -0.61686915 -0.46223167 -0.05720004 -0.061216477 -0.39591312 -0.0048722927 -0.21219186 2.8088374
-1.0172716 -0.03850593 -0.6336187 0.37769493 4.896972 -0.31760606 -0.42786762 -0.15022749 0.0
-0.32822895 -0.69181925 1.0208757 0.06470557 -0.25379974 -0.22758892 0.13789284 -0.7307037 1.8809228
1.6820304 0.07333931 -0.41531587 -0.43307924 -0.28724653 -0.6471673 -1.5462601 -0.14342585 2.8974438
-0.2718504 -0.46063668 -0.02131802 -0.2821053 -0.33768344 -0.3096169 0.2561063 0.42358357 2.2240634
-0.9375203 -0.42376706 -0.13870123 -0.44521874 -0.16348052 -0.251832 4.246609 -0.12172471 0.0
-0.3423535 -0.11849357 -0.063607074 -0.20435652 -0.41763106 0.2469057 -0.035350215 -0.101332344 3.257016
-0.18427774 -0.49988675 -0.3583189 -0.096250266 -0.334467 0.41920003 0.04476941 -0.57727116 2.7699249
-0.21655698 -0.4881856 -0.2786497 -0.12832676 -0.051595632 -0.23136027 -0.28451335 0.1110405 2.767464
-0.75537115 -0.5506199 -0.43517593 -0.16089639 -1.0158929 3.8419864 -0.28108433 -0.21115412 0.0
0.12424237 0.045799922 -0.6431774 -0.07977067 -0.017796015 -0.051036928 -0.24748339 -0.31462002 2.744716
-0.22182083 -0.12749639 0.0006372343 -0.113488875 -0.003318384 -0.3118304 -0.6819404 -0.02618308 3.0197587
-0.17566802 -0.11681954 -0.21671182 0.062454116 -0.74269783 -0.05372087 -0.0038181182 -0.30160847 2.556089
0.53173876 0.14840521 -0.5680868 -0.28130928 0.5392886 1.2455944 -0.90762216 0.15889905 0.0
0.015523542 -0.7267534 -0.16756563 -0.5954109 0.03353322 -0.15016471 -0.099366374 -0.49530968 2.7018924
-0.08687574 -0.5361032 -0.35007486 -0.30225417 -0.34142154 -0.037233777 -0.16616578 -0.15392077 4.16211
-0.0684659 -0.1860533 0.014867087 -0.24842317 -0.19920288 -0.22477074 -0.15218467 0.03470789 2.2534573
-0.58278215 -0.27824944 -0.34437412 -0.14329794 4.5967703 -0.5933107 0.050639853 -0.3387157 0.0
