3.0462255 2.5784729 0.5210842 -0.76582104 1.453707 1.9347692 -0.9180757 -0.7808995 0.0
0.33327922 0.3098994 2.457649 0.2130078 1.0358034 0.05771843 0.9040486 -0.47603917 0.0
0.17805874 0.059715066 0.93044215 -0.8394051 0.05559324 -0.58191836 -0.5989835 -0.94264144 3.5067387
-0.37544352 0.032405138 -0.19847053 -0.7869244 0.5737621 -0.56586665 -0.576028 -0.8070276 3.670073
-0.021943795 0.15368646 0.07322033 -0.7570737 0.28842133 -0.5226327 -0.6364417 -0.91303825 3.9339218
1.4976554 -0.043042887 0.7761569 -0.34534523 2.2576592 -0.067260094 0.8792735 -0.44749302 0.0
-0.38044673 -0.8118176 -0.6423944 -0.649269 0.74631554 -0.7066918 -0.2735927 -0.70959204 3.6380875
-0.40185243 -0.6455774 -0.08550797 -0.35664916 -0.44114733 -0.6901726 -0.14830288 -0.49128675 3.174659
-0.4925653 -0.6759235 -0.5346363 -0.6177503 -0.4340374 -0.58464485 -0.26070237 -0.75454766 3.8502724
0.8176953 -0.61719704 0.3871052 0.08946812 0.8004734 -0.3373681 2.1256301 0.43527418 0.0
-0.7983703 -0.70485115 -0.7667797 -0.7011067 -0.5403417 -0.32932505 -0.73800045 -0.92388755 3.8564014
-0.6781546 -0.7539591 -0.54997134 -0.96522135 -0.7763002 -0.73673975 -0.8741953 -0.859039 3.905582
0.17945111 -0.7049522 -0.63821244 -0.75587106 -0.6218709 -0.7560949 -0.83707047 -0.8859741 3.9087777
0.29234546 0.7531057 0.38901618 0.2840464 0.3712139 1.1618927 0.6769582 -0.17569315 0.0
-0.3885952 -0.7440183 -0.63477355 -0.8947175 0.3772893 -0.5857359 -0.75856453 -0.91149956 3.8896465
-0.89329946 -0.81695056 -0.83670825 -0.94630146 0.021218728 -0.78565055 -0.7981783 -0.972456 3.9264624
-0.6693004 -0.9933646 -0.9836648 -1.0595708 -0.8156344 -0.9802286 -1.0054325 -1.059719 3.9072502
1.0268383 -0.13627157 0.6196318 -0.14874393 1.3611567 1.2010871 -0.07396631 -0.6551335 0.0
0.14634994 -0.4549474 -0.60532117 -0.9249158 -0.1876731 -0.34328297 -0.71646243 -0.9756924 3.956315
0.069542386 0.2490853 -0.8562637 -0.93127674 0.028928788 -0.42442834 -0.7203326 -0.9375382 3.9441378
-0.37429917 0.19786349 -0.73954976 -0.94233316 0.035576243 -0.37507048 -0.82406247 -0.9191406 3.9440796
1.4106095 1.5910416 0.57056284 -0.44360924 1.9932308 1.2209082 0.67022514 -0.64429903 0.0
