4.2456517 -0.22295791 -0.46287987 -0.6417558 -0.3390938 0.07389872 -0.37278017 -0.94534504 0.0
-0.9028436 -0.79838467 5.3637714 -0.52778715 -0.5746369 -1.4945219 -0.6189811 -0.6110826 0.0
-0.3860671 -0.44917166 0.25866953 -0.3776041 0.0060167676 -0.52187365 0.013963033 0.12232866 2.3710608
-0.029385038 -0.3051912 -0.19954364 -0.40986016 -0.09755952 -0.9344624 -0.036377613 -0.7686594 3.2542107
0.33332917 -0.7196403 0.19503911 -0.25048497 -0.3135997 -0.936519 -0.41766456 -0.051944755 2.7010145
-0.8972929 -1.2346114 -0.97143364 -0.22459209 5.129656 -1.076748 -0.42414236 -0.8601894 0.0
-0.14164594 -0.77133495 0.11831742 -0.35874382 -0.06356936 -0.58938026 -0.41805145 0.217713 2.6250136
0.39393467 -0.065897815 -0.31309605 -0.26428857 0.15133427 -0.41427878 -0.5864883 -0.2949663 2.1578162
-0.17060888 -0.60780454 -0.2826916 -0.3511405 -0.21338083 -0.29736042 -0.3501479 0.17425077 2.4937847
-0.69657815 -0.80480325 -0.53345287 -0.79610455 -0.9988047 -0.97526103 4.908559 -0.7839232 0.0
-0.18462685 -0.6617017 -0.4916262 -0.36332056 -0.7914259 -0.18238091 -0.17035915 0.60969824 2.7710872
-0.09539195 -0.23866045 -0.43979663 -0.3684109 -0.41469646 -0.09641744 -0.14517933 -0.6365158 2.9794986
0.059259564 -0.38703123 -0.36125228 -0.15981315 -0.040767435 -0.41266567 -0.043920517 -0.37663653 2.5326278
-0.9327232 -1.1374854 -0.86124986 -0.6247208 -1.397423 3.955334 -0.046225376 0.18974562 0.0
-0.06650651 -0.35284254 -0.27676457 -0.8169695 -0.26706663 0.09968759 -0.32448915 -0.50317854 2.868314
-0.7812629 -0.18662557 -0.27978408 -0.099208795 0.06611226 -0.34202778 -0.053967264 -0.6049709 2.8524983
-0.45047477 -0.044954747 -0.4368558 -0.14068876 -0.55775434 -0.34316516 -0.815431 -0.46016556 3.2944977
0.8016106 -0.121628225 -0.16640317 -0.64157414 0.7126175 1.5660495 -0.7000488 -0.72118944 0.0
-0.123018414 -0.8495677 0.13536876 -0.30646324 -0.117720015 -0.3825811 -0.5984 -0.8073355 3.0360897
-0.4246025 -0.4181133 -0.18512976 0.090067774 -0.41141653 -0.32022074 -0.48628077 0.008105962 2.6975417
0.3115718 0.03551696 0.02783776 -0.7394537 -0.52026016 -0.4315492 -0.9709139 0.23220111 2.5311167
-0.38556874 -0.80458045 -0.27098408 -0.9833075 4.079751 -0.38585544 -0.46876732 -0.8847583 0.0
