4.142941 -0.26998425 -0.29631814 -0.18132634 -0.014273113 -0.62346905 -0.6044903 -0.6322427 0.0
-1.0355703 -0.9899673 5.8785615 -0.53156155 -0.49840045 -1.2914193 -0.49711344 -1.1326511 0.0
0.046076573 -0.47472578 -0.076566495 -0.07950468 -0.19451106 -0.5110537 0.13982797 -0.59019953 2.5798004
0.31761488 0.20739897 -0.41528064 -0.53902876 0.22310615 -0.76652986 -0.18185669 -0.94954026 2.9577918
-0.030593855 -0.38369986 -0.07913825 -0.49356678 0.39350313 -0.48781604 -0.014958353 0.21532243 2.258047
-1.0963876 -1.0970358 -1.2909008 -0.11571166 5.3428235 -1.2102082 -0.36803505 -0.62794685 0.0
-0.22725365 -0.7333619 0.34681574 0.3033384 -0.2500461 -0.091432735 -0.08778828 -0.1581175 2.195633
0.8434247 0.28561905 -0.20387578 -0.6350853 0.11556676 -0.9339753 -0.7924637 0.23825763 1.8785719
-0.41581252 -0.71487993 -0.09950205 -0.21321 -0.30576044 -0.13651697 0.010415144 -0.15253524 2.506699
-0.92215073 -0.9836452 -0.26144782 -1.0658672 -1.0150135 -0.59607756 4.920132 -0.675668 0.0
-0.1282521 -0.93122 -0.32388386 -0.7737269 -0.7550747 -0.37696034 -0.015432343 0.08866002 3.384288
0.018425928 -0.17555681 -0.15063776 -0.25249 -0.3539779 0.055330917 -0.4973898 -0.89141273 2.9103396
0.13621977 -0.22041632 -0.32563907 -0.4939368 0.042619456 -0.40007713 -0.4059354 -0.30989042 2.4607127
-0.95236593 -0.7831668 -1.2507609 -0.5135083 -1.5714144 4.3977532 -0.3952869 -0.04505685 0.0
0.24872847 0.19807234 -0.24697442 -0.59258974 -0.22252709 -0.24890654 -0.33320096 -0.54117 2.605381
-0.33693346 -0.22479957 -0.22779128 -0.405471 0.039225932 0.32421094 0.096788555 -0.45821604 2.3782563
-0.48082566 -0.08290439 -0.49431664 0.045742165 -0.39626294 -0.4463083 -0.47017646 -0.518599 3.1520045
0.8971524 -0.35320255 0.04396379 -0.3617483 0.6201696 1.3806748 -1.1585218 -0.20568198 0.0
0.04150308 -0.6146799 -0.17561528 -0.38178897 -0.27327693 -0.4195348 -0.63698083 -0.9134194 3.273466
-0.6614412 -0.5793362 -0.43046886 0.19999564 -0.35203692 -0.64156616 -0.6620547 -0.31397212 3.2336226
-0.073020734 0.19514604 0.16547216 -1.0429257 -0.51166004 -0.15088396 -0.73849285 0.2531398 2.286188
-0.18646225 -0.90889055 -0.37261447 -0.80630535 4.0200233 -0.8911345 -0.26896858 -0.38252214 0.0
