4.706094 -0.7665401 -1.0279084 0.1443832 0.010860444 -1.0722758 -0.67925006 -0.257412 0.0
-0.25662163 -0.6479689 4.594913 -0.10536477 -0.009997369 -0.1832794 -0.11442164 -0.76478 0.0
0.2787402 -0.033138696 0.14514284 -0.038969923 -0.7683025 -0.46591762 -0.08284556 -0.12557814 2.5161786
0.05052249 0.015714513 -0.56640464 -0.4305511 0.42810532 -0.6883222 -0.048829116 -0.5482321 3.3377435
0.061841015 -0.6174115 -0.46773797 -0.0573 -0.06169878 -0.39995483 -0.004885154 -0.21235192 2.8103905
-1.0256319 -0.04425229 -0.652393 0.37987384 4.902372 -0.33551607 -0.4284449 -0.15054366 0.0
-0.33195573 -0.70364237 1.0375961 0.06586519 -0.25731903 -0.22928847 0.13977209 -0.7366775 1.8831177
1.6843551 0.074388266 -0.41548258 -0.44436836 -0.28865606 -0.66784525 -1.5570277 -0.14362171 2.8985999
-0.27705735 -0.47001332 -0.022623392 -0.28717598 -0.35433012 -0.31152037 0.25951248 0.42801568 2.234997
-0.9466388 -0.43879867 -0.14247938 -0.4611657 -0.17621726 -0.26115856 4.2816463 -0.13284284 0.0
-0.34581295 -0.13023101 -0.06866919 -0.21306632 -0.43164152 0.24708766 -0.038618535 -0.105418324 3.259408
-0.18935736 -0.5109741 -0.36754352 -0.099677615 -0.3391295 0.4258139 0.045364935 -0.5908185 2.7928476
-0.22005466 -0.49965724 -0.280853 -0.13537349 -0.054625954 -0.23403719 -0.2984798 0.116210915 2.783422
-0.7706617 -0.56395864 -0.45062873 -0.16207185 -1.0247082 3.8612125 -0.29053015 -0.21606687 0.0
0.12615529 0.046241645 -0.65760237 -0.08334392 -0.019246189 -0.055043805 -0.2558579 -0.31617382 2.7563903
-0.23482917 -0.13122195 0.0006769569 -0.12105083 -0.0035494755 -0.31839558 -0.68224365 -0.029450154 3.0211015
-0.18327674 -0.11952436 -0.2236699 0.065064505 -0.75792724 -0.056646008 -0.004769903 -0.31018135 2.5867388
0.5322754 0.14854188 -0.5688958 -0.28189602 0.5400793 1.2482445 -0.9093401 0.15907496 0.0
0.017344072 -0.74505115 0.13728562 -0.6003342 0.034825735 -0.15142499 -0.10599888 -0.5098375 2.460481
-0.09548202 -0.5462792 -0.35068557 -0.30288124 -0.35718563 -0.04132198 -0.17936201 -0.16211644 4.1676464
-0.06934226 -0.18875085 0.0151179535 -0.26426977 -0.20815407 -0.22858948 -0.16106202 0.036472883 2.2768598
-0.58281755 -0.29421207 -0.3448035 -0.15383533 4.597028 -0.6093483 0.050646838 -0.34821233 0.0
