4.0815563 -0.02305589 -0.15473615 -0.22575308 -0.43504414 -0.57132304 -0.5073853 -0.65269625 0.0
-0.94418937 -0.9966541 5.8801823 -0.57979345 -0.5386217 -1.3431088 -0.53436154 -1.1247153 0.0
0.008945313 -0.5085982 -0.08260622 -0.107084885 -0.13199724 -0.61843145 0.26710758 -0.38637537 2.4311936
0.16323069 0.2020118 -0.42271397 -0.74501395 0.1016688 -0.94292665 -0.08448819 -0.83239466 3.1961014
0.037316754 -0.68696886 0.016095206 -0.36410794 0.37140572 -0.56037796 0.008494671 0.19617003 2.23192
-1.1215873 -1.1702486 -1.0599297 -0.066199474 5.2076674 -1.2414174 -0.37649482 -0.68645453 0.0
-0.19482195 -0.6620653 0.16881703 0.51409787 -0.23731826 -0.24967039 -0.061185192 -0.17519262 2.156038
0.5272528 0.38595852 -0.18860811 -0.7707696 0.32434297 -0.9308151 -0.6043197 0.11506508 1.9536624
-0.39627293 -0.66066957 -0.020295396 -0.19079973 -0.3241282 -0.060664997 -0.101782344 -0.13520095 2.4549394
-0.9498912 -0.7600854 -0.17283481 -0.809963 -1.0514807 -0.6029191 4.6666894 -0.7136314 0.0
-0.2158448 -0.9177419 -0.43357134 -0.6276205 -0.740247 -0.3616751 -0.06962238 0.26080504 3.237194
0.122431196 -0.2916867 -0.35642585 -0.47047228 -0.36254773 -0.057916537 -0.19100942 -0.92963934 2.9300048
0.20216729 -0.31109306 -0.37176618 -0.4321711 0.07067683 -0.3931774 -0.4158157 -0.2945811 2.4827929
-0.9763377 -0.795973 -1.2601737 -0.29714918 -1.6085969 4.2777314 -0.40019017 -0.0615378 0.0
0.14695857 -0.20704922 0.0853052 -0.59461457 -0.20653765 -0.15083899 -0.49401283 -0.4615358 2.5937567
-0.60436547 -0.16421902 -0.103168525 -0.20771192 -0.15236196 0.25620326 0.011148107 -0.4404525 2.4420497
-0.5289861 -0.20790343 -0.5812414 0.07202716 -0.62035066 -0.3561872 -0.60193485 -0.47917914 3.2987099
0.84657466 -0.3312332 -0.18301904 -0.48265108 0.76789296 1.4629971 -1.1402961 -0.3109376 0.0
-0.106920786 -0.66432333 -0.18782246 -0.49945775 -0.3341375 -0.5302452 -0.653023 -0.9374539 3.4665422
-0.5134977 -0.5657254 -0.3730569 0.00955038 -0.403432 -0.3847647 -0.61212486 -0.087300494 3.0301552
0.039778437 0.19188051 0.0722382 -1.1723473 -0.4267388 -0.23498166 -0.7258041 0.33204275 2.3870265
-0.10672434 -0.9096197 -0.26388183 -0.8334564 3.9229622 -0.85078853 -0.15756889 -0.48636302 0.0
