4.4101834 -0.80915695 -1.0707871 0.15899205 0.011413553 -1.105247 -0.36672583 -0.30725133 0.0
-0.5624191 -0.77770764 5.1778345 -0.266328 -0.093885414 -0.56345433 -0.14681067 -0.95694447 0.0
0.32025367 -0.036738247 0.15184075 -0.06484006 -0.8204437 -0.6973578 -0.103061646 -0.17891446 2.638945
0.10673446 0.018409716 -0.5924542 -0.5663232 0.7173638 -0.8913603 -0.17909224 -0.71372616 3.106748
0.07731343 -0.6247132 -0.54799724 -0.05863454 -0.06859576 -0.45814008 -0.0050604837 -0.21450457 2.831249
-1.1442735 -0.2818762 -0.96388006 0.41025302 4.9751844 -0.69808465 -0.4362425 -0.1548376 0.0
-0.3860541 -0.88257504 1.1281341 0.08351965 -0.30934274 -0.2532764 0.16765608 -0.8214253 2.1253898
1.7148503 0.0993229 -0.4165191 -0.626794 -0.3081866 -1.0168566 -1.7084634 -0.14626744 2.912909
-0.35704643 -0.61533046 -0.05001663 -0.36440477 -0.6738634 -0.33813253 0.30965847 0.5339671 2.366878
-1.077461 -0.6991368 -0.20405266 -0.7380716 -0.47955993 -0.42454264 4.7793655 -0.42623332 0.0
-0.39061308 -0.4589015 -0.19074361 -0.37209767 -0.67086303 -0.066328764 -0.12558176 -0.17875683 3.613982
-0.27233973 -0.68511325 -0.5162498 -0.15908441 -0.1419784 0.5267004 0.05413225 -0.80561537 2.9570405
-0.2726233 -0.6815769 -0.31204894 -0.2763995 -0.11703075 -0.59988654 -0.5661194 0.21342142 3.1600225
-1.0074657 -0.77662385 -0.71833855 -0.17864293 -1.1502237 4.1278625 -0.45186365 -0.2938366 0.0
0.15474826 0.32605702 -0.88458705 -0.14964592 -0.054726664 -0.1508818 -0.3991387 -0.3377093 2.7965796
-0.50260663 -0.19282849 0.0015174875 -0.28634873 -0.008716681 -0.42065945 -0.38823283 -0.14104529 2.7646518
-0.3229175 -0.16230543 -0.3412047 0.11243241 -0.99423414 -0.11498073 -0.09140357 -0.4511219 3.0339994
0.5519781 -0.36911318 -0.2764342 -0.28986374 0.5510732 1.2575042 -0.9326342 0.4482351 0.0
0.07600653 -0.80060905 0.27263045 -0.6702269 0.0577205 -0.16933179 -0.25110376 -0.7503107 2.844516
-0.33644873 -0.70241445 -0.35895807 -0.31139532 -0.6527899 -0.17373183 -0.49728283 -0.3209893 4.242425
-0.08219721 -0.22881036 0.021278858 -0.6034106 -0.374431 -0.28633392 -0.34335208 0.07073578 2.6129425
-0.28439182 -0.619709 -0.35059887 -0.3965632 4.1695747 -0.8703749 0.42245668 -0.5039068 0.0
