1.7865578 3.304999 0.9115336 -0.59987366 0.48639876 -0.33904016 -1.5748823 -0.41136506 0.0
0.9809106 -1.0025053 2.9233634 0.8086792 0.61500466 -0.24018252 -0.78756666 -2.1805768 0.0
-0.8053136 0.061442852 -0.6769034 -0.7052259 0.48323423 -0.39003313 -0.8136709 -0.76562023 4.7882066
0.32478935 3.3750231 -0.17751566 -0.10990195 -1.0156871 3.7160208 -0.20143475 -0.5962246 3.5530276
3.3220413 -1.1252737 -0.37245467 -1.0255692 0.022669755 0.13734047 -0.6453181 1.9816812 1.1773616
-0.14003544 -0.69402754 0.43560365 0.9352246 1.0740219 -0.61357754 0.5947518 2.7371826 0.0
-0.7137515 1.1335504 -0.08289794 -0.17045303 0.4254812 -0.97207344 1.0478978 0.035348404 0.6539212
-0.09435272 1.5316054 1.4307388 1.1723938 0.6999759 -0.6125055 -0.634832 -0.6158558 -0.4620459
-0.39822054 1.1103053 1.9149998 -1.2020661 -0.50649637 0.78094345 -0.368627 -0.18794537 1.1940423
-0.9119526 -0.35476092 0.04190507 2.9132218 -1.3120244 2.1785731 2.7294266 -0.49505088 0.0
-0.5093954 -0.18780252 0.502321 -0.6129538 -0.51885575 2.4458873 -1.0120126 -1.1234652 1.0163232
1.0396557 -0.21663548 -0.20375094 -0.6201828 -0.47881034 -0.28503403 0.71632147 -0.90611666 2.9056287
-0.6624433 1.982022 0.8213488 -1.0527571 -0.7613044 -0.7992483 1.4377556 -0.630498 0.26556343
-0.7005374 3.248555 -0.6813355 -0.4950174 -0.824556 -0.6794371 -0.94464594 1.1815144 0.0
-0.6861119 0.1753924 -0.36587024 0.050995797 2.6543846 -0.54860693 -1.0424646 0.16945174 0.07442379
-0.5012182 -0.99788535 2.0450242 0.042985607 -0.016646693 -0.84602356 -0.4570385 -0.40336457 0.6461778
0.52742565 0.08270498 0.18454006 -0.33172318 -0.30588567 -0.7967165 0.6243271 -0.68297523 1.5785509
0.023205198 -0.8031758 -0.35966182 3.5128114 -0.46063682 -0.5108425 -0.14589056 -0.4542299 0.0
2.4533207 -0.28153038 -0.5049995 -0.2985743 -0.21587569 -0.23043324 -0.19608149 -1.2237052 0.48825505
-0.7712031 -0.60876197 -0.4909491 2.464393 -0.40186098 0.1642113 0.062246103 -0.8170896 0.42988703
0.9174263 -0.6551851 3.542742 -0.77567446 -0.6772316 -0.5411231 -0.9937123 -0.7197307 -0.43019927
1.511927 1.8667272 0.6768138 0.3115229 1.1406068 0.5345293 -1.3622822 -0.55094606 0.0
