-0.50388926 3.9587488 0.8175393 -0.9398786 -0.36806616 -0.49404407 -1.7594482 -0.9585893 0.0
0.88498783 -0.14152382 2.4332263 -0.19008397 1.0055896 0.71415776 0.10408278 -1.9981046 0.0
-0.6671345 0.20300014 -0.6733767 -0.806228 1.0532885 -0.18136013 -1.2499264 -1.0997986 4.312133
-0.078370675 2.5087957 -0.368934 0.42732447 -0.76664597 3.9293985 -0.69595253 -0.53376955 4.1224136
4.3184576 -0.9682286 -0.55127007 -0.8450608 -0.4497309 -0.31930333 -0.8866265 -0.04511408 0.91425234
-0.1391835 -0.6330277 0.15649615 0.30820677 0.6520213 0.016957102 -0.025390988 3.4558074 0.0
-0.05991711 1.6402488 0.046855908 -0.8921805 0.3675181 -1.0687586 1.1242253 -0.43991596 -0.4714657
-0.7644352 1.3793036 1.4660938 1.7421727 -0.6288407 -0.2856227 -0.23287734 -0.56614065 -0.28568056
-0.07683435 1.0663499 1.0333757 -1.1322155 -0.086981125 -0.4935456 0.004857022 0.0101513155 2.21998
-0.49722448 -1.1269044 0.5901201 2.7683375 -1.1957055 1.9574696 2.6104782 -1.1963847 0.0
-0.0591221 0.28220496 -0.13012558 -0.8813571 -0.44168255 2.4536674 -0.8084865 -0.71852756 1.0004969
1.6635401 -0.6604032 -0.37362942 -0.7799702 -0.6278988 -0.64381117 1.0877312 -1.0289512 2.364241
-0.76121736 0.81300205 1.4057174 -1.2199143 -0.7014668 -0.507856 1.6976153 -0.75030804 0.29720652
-0.6447498 3.7128665 -0.40650123 -0.4269986 -0.68072325 -0.49881056 -0.590768 0.5697937 0.0
-0.85369647 -0.4528393 -0.5552194 0.7741532 1.7654295 -0.23767726 -0.96680444 1.4071344 0.295599
-0.9297941 -0.6243868 1.1958476 -0.12901433 0.19619268 -0.5205672 -0.42909312 0.13158281 1.4938874
-0.091538444 -0.30188066 -0.34010816 -0.8302395 -0.6241506 -0.33214372 0.14416754 -0.56058025 2.9024909
0.08257122 -0.7029995 -0.4459752 3.5923793 -0.4425493 -0.48961037 -0.16827704 -0.3180149 0.0
2.0912356 -0.18207559 -0.6434538 -0.68805516 -0.45350555 -0.16458641 0.45597216 -0.7288459 0.90466404
-0.6634214 -0.73570997 -0.37763926 2.3046186 -0.31028992 -0.31990084 0.061060768 -0.42359564 0.8987725
1.4586176 -0.5650541 2.4311213 -0.6651381 -0.5736955 -0.31575686 -0.7428396 -0.43847564 -0.15619794
1.9427068 1.9431263 -0.5937973 -0.21210475 -0.4460648 -0.26244465 -0.91928023 0.4372985 0.0
