-1.2554435 3.1057258 1.2477076 -1.442571 -0.7052234 -0.49164394 -0.48558164 -1.7200571 0.0
1.5118645 0.66359127 1.195503 0.3832279 0.86087185 0.88036317 0.08860896 -1.0803738 0.0
1.1633202 -0.04553535 0.21536955 0.22837307 1.3413026 -0.06738134 -0.9383961 -0.7849773 0.7708729
-0.3179953 -0.740612 -0.6874539 1.5615174 2.1335974 0.6700606 0.6286633 -0.41421086 0.30709094
1.902832 -0.5064971 0.8350239 0.79058814 0.042121246 -0.7573001 -0.52143955 0.5173172 0.8604383
-0.8571465 -0.8565072 1.103591 -0.11550713 0.7558982 -0.22267544 -0.10968793 3.2351675 0.0
-0.08571707 1.518339 -0.023538945 -0.73458 0.46533522 -0.3047022 0.9471053 -0.7268127 -0.53398025
-0.6103671 1.5046524 -0.11229131 2.3413088 -0.82600605 -0.95368683 -0.14765069 0.71268064 -0.7452753
-0.3459127 -0.5599304 -0.5363904 -0.6305797 0.530956 -0.7436222 0.266842 2.1752577 0.8419634
1.3179333 -0.13400908 1.0606772 -0.03256866 -0.47597897 1.2860987 1.6161594 -1.3224941 0.0
0.53534657 0.15177657 0.47442695 0.5310255 -0.6821366 0.532114 -0.7893627 -0.7203596 0.98412025
1.0364902 -0.9411381 -0.013796553 0.7023338 -0.35159484 -0.43154585 0.3606445 -0.39123312 0.53825855
-0.7015933 -0.18592425 0.7711445 -1.0087059 -0.5769409 0.399766 -0.07775773 0.12917867 1.99645
-0.69501203 2.947275 -0.96144533 -0.3648919 -1.1167458 -0.42938423 -0.81495994 1.5836372 0.0
-0.074296154 -0.48569372 -0.87142617 0.076775745 1.5002002 -0.14592147 -0.28989345 -0.5085387 1.0159236
-0.46085468 -0.35025612 -0.3550776 -0.47457144 -0.5100579 0.028793607 0.2525038 -0.22421733 2.4203646
-0.1350776 -0.45713955 -0.13664244 -0.8271129 -0.5253311 0.14634804 -0.27470782 -0.78628236 3.0447307
0.31358397 -0.40273914 -0.7378244 3.4270926 -0.7712647 -0.060970645 0.11216686 -0.5120699 0.0
0.88485515 0.09291243 -0.5700503 -0.46016654 -0.283573 0.15278183 0.029438928 -0.7442476 2.077925
-0.6781837 -0.722438 -0.6627914 1.6269788 -0.49981764 -0.6400537 -0.26876995 -0.6928896 2.1878428
1.0906708 -0.40780586 0.5089877 -0.41898042 -0.33947954 0.55932117 -0.39294264 -0.72271246 1.4350283
0.7671033 2.461273 -0.19338398 -0.39077693 -0.68641436 -0.5316054 0.06489533 0.35260105 0.0
