2.11965 3.0695872 0.8718881 -0.7373499 1.0588695 -0.6095647 -1.4976104 -0.72794867 0.0
0.74340785 -1.1913354 3.3237684 1.0834725 0.48897013 -0.78848237 -1.0870264 -2.0866964 0.0
-0.8360975 -0.11076473 -0.5023243 -0.6430113 0.3695378 -0.40956208 -0.5038939 -0.5595885 4.6950045
0.65246934 2.9395292 -0.06543814 -0.4142496 -1.0913441 3.6055205 -0.010628477 -0.44448498 3.1942255
2.554506 -1.0455418 -0.45999816 -1.2269112 0.45575652 1.1145799 -0.07356121 2.313827 1.8401072
0.95608747 -0.03260835 0.22576143 0.90291196 1.3829309 -0.4100859 1.8430115 2.4336195 0.0
-0.87986004 0.9190547 -0.107090324 -0.06160483 0.145696 -1.1745822 1.3247062 -0.15089962 1.1540747
0.6284385 1.5317836 0.5196889 1.2809668 1.2199715 -0.53535914 -0.26254532 -0.7290799 -0.523094
-0.49106917 1.2539686 1.2928556 -0.86747444 -0.20223826 0.3588421 0.36387113 -0.008712044 0.83458096
-1.2799908 -0.22460677 0.003958286 3.1131554 -1.2516311 2.3016138 2.4779012 0.4931482 0.0
-0.6054935 -0.27185473 0.33270738 -0.3923729 -0.424373 2.5155911 -0.52097046 -0.7379928 0.70713454
0.665669 -0.18377204 0.43851578 -0.5206378 -0.11945111 -0.20510107 0.08149679 -0.61674076 3.0215814
-0.7062654 1.3877938 0.65336704 -0.7899605 -0.009231185 -0.24788836 1.4954497 -0.51919293 0.39372665
-0.742165 2.8212533 -0.4337066 -0.44211027 -0.6178206 -0.6148243 -0.7443617 1.5741946 0.0
-0.59953344 0.31266457 -0.55600923 -0.14136495 2.5842376 -0.589922 -0.6464987 0.20160058 0.10537699
-0.4108639 -0.58880985 1.8449873 -0.32597336 0.5531511 -0.6562757 -0.62681997 -0.007859717 0.5662913
0.3676511 -0.1120818 0.22938953 -0.61501265 -0.32957944 -0.92616683 0.9325243 -0.051519245 1.1855257
0.0075593367 -0.7004689 -0.31723073 3.3525255 -0.4222323 -0.55731004 -0.03483964 -0.45478204 0.0
2.3384948 -0.30235118 -0.4183882 -0.5514248 -0.32676533 -0.21239606 -0.027530402 -0.54394233 0.35865456
-0.6848563 -0.4110141 -0.21767505 2.3559422 -0.40833238 0.2600535 -0.006447306 -0.58317065 0.26619607
0.502206 -0.39393792 3.4484627 -0.4350489 -0.321058 -0.48428994 -0.49971488 -0.46106997 -0.39206338
1.2279017 2.3150828 0.07274777 -0.18523717 0.34752765 0.2595329 -1.4444234 -0.84274036 0.0
