-0.055560075 1.3474789 1.6088172 -0.16721968 0.64238715 0.55436784 0.84030133 -0.13700075 0.0
1.1501863 0.8142394 1.1566311 0.980818 -0.08708365 0.96759343 -0.32553938 0.57174563 0.0
0.91183114 -0.090498336 0.15435159 0.059111286 1.4638994 -0.20907676 0.6544788 -0.29686534 0.96886945
0.6954099 -0.035676118 -0.1680669 -0.20130552 1.7674247 0.08266758 0.59157467 0.3229797 0.94359547
-0.020855658 0.7391938 0.29743603 1.0423273 0.4908826 0.34828416 0.22740662 0.12101752 1.4740187
0.25649682 0.5408318 0.986565 0.8282062 1.0600334 0.5010425 0.10177059 1.5150936 0.0
0.002497731 -0.03865857 0.27899778 0.59491503 0.79267603 0.2594233 0.6005889 -0.39259726 0.5492827
0.46797514 -0.21599227 0.4912949 1.0578649 0.53844166 0.23454066 0.0026017982 0.92214715 0.94587773
0.34702897 -0.10233801 0.15049914 0.4197693 0.10995172 0.09722622 0.24872996 0.8695219 1.1561265
1.0978572 0.87124187 0.8856479 -0.29353905 0.65411866 0.15450883 1.1062629 0.29204008 0.0
0.6595757 0.30196497 0.61866856 -0.5762266 0.5462372 -0.08306017 -0.39117572 -0.081020795 1.22043
0.47325164 0.10840562 0.16990015 0.45624977 0.066171795 -0.4402801 -0.013961593 0.13277695 1.1166564
0.20420495 0.19717655 0.79085034 -0.31577745 -0.051032964 0.09919524 0.29828805 -0.5135032 1.8450332
0.40303242 1.6914968 0.4038249 0.46536428 -0.1400755 0.5026185 0.27402857 1.6985077 0.0
0.829672 -0.25131795 -0.46311086 -0.4258082 1.267459 -0.34448767 0.22713526 -0.4132543 1.4543117
0.17998824 -0.12810235 -0.62124604 -0.41529283 0.5662288 0.034585193 -0.08404013 -0.17267175 2.1897638
-0.057078324 -0.5582612 -0.38829222 -0.39407972 0.41315687 -0.29424146 0.17431962 -0.35247427 2.2835147
0.64285284 0.50800866 -0.051574316 0.9356951 0.043748718 1.3505572 1.2229524 -0.10793677 0.0
0.38679495 -0.13542528 -0.024034174 -0.6167572 0.17681298 0.55595773 -0.102748975 -0.5566507 1.9761803
-0.081850074 -0.33861423 0.11778791 -0.32096866 0.5412282 -0.45782864 -0.75429857 -0.23183008 2.3538337
0.44926214 -0.12299882 -0.17887002 -0.39918318 0.56294185 -0.19625461 -0.4688151 -0.81742406 2.1065207
-0.06426767 2.279382 -0.32460028 -0.026562173 -0.45963338 -0.352512 0.20267102 -0.36929393 0.0
