0.38169008 1.2313379 1.3290551 0.010828652 0.8272894 1.2476298 0.7994209 0.15200251 0.0
1.498863 0.9999462 1.0365295 0.918338 0.07733979 0.72743475 -0.08091271 0.6570305 0.0
0.8890517 0.64999413 0.69472104 0.13547638 1.3108191 -0.24442296 0.8078979 -0.18381752 1.3377887
0.6799689 0.21404538 -0.04190882 -0.057773564 1.5789014 0.4651289 0.74859655 0.5666805 1.1381562
0.1440258 0.79041183 0.1450429 0.7205004 0.59984344 0.6375968 0.08827349 0.750994 1.5561973
0.72472554 0.8844133 0.90940714 0.8238482 1.1963181 0.8383951 0.22396247 1.1550266 0.0
0.30995166 0.6300785 0.34036177 0.48703167 0.51851946 0.44188955 0.7224969 -0.06092401 0.81997687
0.611055 0.13589668 0.5786672 1.0499889 0.80387866 0.58577335 0.20655659 0.9096681 0.9554167
0.6960963 -0.011613711 0.30447844 0.7454602 0.18602364 0.27898517 0.19506386 0.8285611 1.1111695
0.9936407 0.94133794 1.0152762 -0.06767036 0.8860412 0.25142813 1.112576 0.25673684 0.0
0.81177294 0.3261537 0.89079195 -0.18662573 0.4069823 -0.012092511 -0.016724352 -0.049638383 1.1960812
0.54026556 0.13907075 0.251588 0.65982443 0.45751792 -0.1630663 -0.0100687975 0.39063334 1.3889463
0.41595277 0.28839752 0.9731571 0.003728976 0.2578792 0.11275849 0.6505601 -0.10304247 1.5017558
0.74166024 1.578005 0.6326269 0.6613114 0.22047761 0.7258757 0.7152648 1.2893496 0.0
0.7865914 0.0850587 0.08702961 -0.43964922 1.5386934 0.26595175 0.36242554 -0.21265435 1.4330199
0.4679347 0.11757147 -0.107248195 0.053209208 0.7397419 0.59991366 0.15433419 -0.14068197 1.8053203
0.086266294 0.13388473 0.105676614 0.08889766 0.62025535 -0.1724481 0.39990872 -0.10556178 1.9346871
0.6978239 0.567941 0.25204155 0.8275484 0.66344243 1.2583656 1.1509024 0.24099936 0.0
0.27767655 0.29550856 0.56434315 0.024525827 0.1588167 0.186976 0.064583756 -0.17964815 2.0662956
0.2965886 0.071070604 0.12999742 -0.0022371975 0.4194466 0.3372019 -0.1781039 0.082800336 2.1559856
0.47548634 0.30302662 0.36573258 -0.108893655 0.29719993 0.16513003 -0.27120224 -0.4455954 1.8903148
0.091841325 1.8087672 -0.18575911 0.44650155 0.056612533 0.041650347 0.23757224 0.4226199 0.0
