0.0343268 1.4061261 1.482337 -0.17423967 0.70747566 0.5854767 0.8763233 -0.16964085 0.0
1.3149177 0.8254778 1.1991862 0.91107965 -0.07296455 0.87424105 -0.3174332 0.55782247 0.0
0.90461206 -0.012572174 0.26106822 0.0732559 1.4961056 -0.1831954 0.5487506 -0.3417757 0.98637706
0.7248389 -0.087034315 -0.18677859 -0.25315127 1.7779781 0.099256106 0.6281002 0.28143564 0.9695673
-0.035709813 0.76291895 0.2778791 1.0772396 0.5031953 0.38326922 0.22401373 0.1360406 1.4650211
0.23657525 0.5447208 0.9510073 0.8350281 1.1504797 0.519918 0.10447351 1.4620548 0.0
0.08692151 0.1118628 0.32354957 0.50407034 0.6805494 0.34409675 0.5993362 -0.35160562 0.58257926
0.4791445 0.02256243 0.43946126 1.1242714 0.49463937 0.34202623 -0.021476245 0.9092251 0.9593577
0.39712527 -0.12103333 0.16965674 0.4248128 0.22880612 0.062099636 0.21439444 0.8892284 1.114535
1.0771497 0.88726753 1.0330555 -0.21972612 0.61981964 0.0737171 1.1361061 0.2879877 0.0
0.7567211 0.20278999 0.84149814 -0.48084643 0.4175045 -0.15486811 -0.3537605 -0.18921699 1.0728061
0.4982385 0.032318123 0.1766668 0.53434974 0.2804529 -0.40839827 -0.017831713 0.04425532 1.1755066
0.25603238 0.17418377 0.8392952 -0.30186662 -0.121497795 0.14040844 0.36712128 -0.4339016 1.7127784
0.5785218 1.7657912 0.54392403 0.5044482 -0.16050553 0.45080292 0.40397283 1.4967619 0.0
0.64954126 -0.10322534 -0.2650883 -0.40504277 1.2130841 -0.22383298 0.19936083 -0.20811242 1.4826194
0.1847568 0.005313714 -0.6060126 -0.26446673 0.57792985 0.03699201 0.0017046737 -0.11475036 2.0458322
0.03706328 -0.3654952 -0.20759222 -0.41776204 0.32948238 -0.35203773 0.1359621 -0.34621593 2.1784909
0.7129233 0.40642557 0.0039318115 1.0449972 0.21776113 1.2152157 1.24287 0.013307702 0.0
0.36517435 -0.083817795 0.16240288 -0.6060732 -0.053220373 0.12461257 -0.08279208 -0.54815865 2.1751091
-0.19821002 -0.11755882 0.30862233 -0.48357138 0.3840103 -0.2430416 -0.4423355 -0.28932923 2.3238876
0.4185354 -0.12139168 -0.24835284 -0.43823186 0.51410043 -0.30392635 -0.34598905 -0.7314046 2.2043085
-0.09824477 2.2536993 -0.41751662 0.022743996 -0.23283386 -0.20731902 -0.06637778 -0.33694035 0.0
