-0.5260187 1.8106664 2.141845 -0.61126125 -0.1694625 -0.48645157 0.43555957 -0.9266298 0.0
1.2778672 1.0278684 1.4748781 0.652206 -0.32501063 1.1949656 -0.9718267 -0.32173982 0.0
1.3105592 -0.40106034 0.06275319 -0.65955716 1.5100489 -0.4675599 -0.15194948 -0.038597666 0.89625335
0.17507598 -0.5995599 -0.54854697 -0.7535805 2.4321074 -0.55430084 0.79050803 -0.18443893 0.6240855
0.33754027 0.63703907 0.2921178 1.4996352 -0.04819075 -0.013979605 0.55544496 -0.5631455 1.2989795
-0.45464957 -0.109449945 1.7120312 0.25456098 0.7838545 0.09472844 0.22512977 2.2457933 0.0
-0.38630047 0.30365312 0.21373262 -0.22737001 0.6868278 0.55273795 0.959666 -0.9053842 -0.32278472
0.13166133 0.09709455 -0.12502468 1.8792619 -0.1757176 -0.21343552 -0.48890638 1.0113978 0.24120843
-0.3723489 -0.46614122 -0.28246957 0.3943441 -0.317063 0.15040998 -0.31359395 1.6531844 1.1037408
1.1681602 0.21268962 0.7914878 -0.9271193 0.8392484 0.44025728 1.3184389 -0.36285695 0.0
1.4203005 -0.21916187 0.1460719 -0.1509843 -0.32115835 -0.4198647 -0.1997978 -0.4508061 0.81641906
0.38905546 0.06570243 0.14052 0.47587064 -0.23951142 -0.6820783 -0.470674 0.46124396 0.26503593
-0.43005383 -0.23123567 0.866407 -0.25510457 0.022984259 -0.19051887 -0.13813451 -0.4680484 2.0888324
-0.034822527 2.4293761 -0.47243464 0.09397195 -0.73460525 0.0059473687 -0.5431596 1.6799277 0.0
0.89784324 -0.46433204 -0.37882993 -0.4386583 1.1852126 -0.25783125 0.32742876 -0.68599325 0.9285882
0.014159046 -0.45240122 -0.65349036 -0.5330262 -0.32069167 0.14188178 -0.50489837 -0.43562308 2.6039398
-0.39541042 -0.48068458 -0.36196232 -0.57900345 -0.07148341 -0.2913411 -0.39653248 -0.6279252 2.833591
0.6912624 0.30550006 -0.5068461 2.16289 -0.680769 0.63131475 0.9846868 -0.8068009 0.0
0.06203402 -0.63939375 -0.46206397 -0.45073724 0.2273518 1.4706599 -0.13787559 -0.573297 1.6020539
0.21097869 -0.52133787 -0.47227776 -0.476686 -0.19395646 -0.5644628 -0.5943838 -0.5948318 2.9518116
0.5673153 -0.17788734 -0.20706794 -0.7383397 -0.41852242 1.0357145 -0.4887013 -0.9463761 2.0057094
0.37441882 2.769583 -0.5485694 -0.46919793 -0.9541278 -0.74316967 -0.24908225 -0.64015853 0.0
