-0.4847116 1.9468622 1.8742254 -0.5198649 -0.16849995 -0.4741424 0.39140743 -0.96255976 0.0
1.3936149 1.0810957 1.4249301 0.5108035 -0.08060177 1.1895243 -0.9580124 -0.3959412 0.0
1.2269003 -0.35730243 0.06971765 -0.71738744 1.5791423 -0.56741077 -0.1533217 -0.014524918 0.9043065
0.04474335 -0.68907225 -0.53172237 -0.7423898 2.51769 -0.5478198 0.90552765 -0.1361251 0.6267539
0.61750114 0.61792815 0.34698194 1.3265635 -0.13202448 -0.012652914 0.6433599 -0.5946472 1.4024752
-0.45845073 -0.047666132 1.7885664 0.17376074 0.77091223 0.12885338 0.41913027 2.2233937 0.0
-0.42395553 0.59870946 -0.0064344904 -0.3697346 0.54329735 0.9806472 0.99965554 -1.0386043 -0.37356272
0.08266749 0.5825898 -0.119483694 1.8639969 -0.2114706 -0.23294838 -0.3887051 0.93998253 0.19716938
-0.44241202 -0.4829023 -0.388234 0.26479566 -0.24582782 0.11092835 -0.27761725 1.8411088 1.1252868
1.3561939 0.1424115 0.7338819 -0.9529605 0.7967954 0.6623578 1.2376572 -0.4190891 0.0
1.1933136 -0.21733585 0.15869394 0.14938827 -0.34009203 -0.40907115 -0.19827382 -0.3343724 0.919565
0.43749818 0.016054342 0.12592605 0.609476 -0.22787893 -0.8066018 -0.4498564 0.37441346 0.16860917
-0.48850596 -0.20061505 0.7315238 -0.3258797 0.059219204 -0.12761113 -0.08396597 -0.38003692 2.1719186
0.1057313 2.1443427 -0.42943236 0.019727506 -0.70445037 0.045594882 -0.44549653 1.9736332 0.0
0.87830496 -0.659759 -0.4002114 -0.57656765 1.2487547 -0.30376813 0.24232635 -0.6075026 1.0017136
0.024851913 -0.46622023 -0.7017694 -0.67008173 -0.2201743 0.12509719 -0.6344239 -0.58219385 2.7708862
-0.3215379 -0.5437208 -0.43939844 -0.6493682 -0.020191351 -0.34100908 -0.4139045 -0.5397815 2.880179
0.7734479 0.33340093 -0.56487495 2.0984306 -0.6543909 0.5961199 0.98310935 -0.78546506 0.0
0.09209995 -0.66494286 -0.61701304 -0.2636255 0.29885358 1.3594673 -0.15569925 -0.55437624 1.6748127
0.010163417 -0.5532418 -0.4365644 -0.4073784 -0.21586972 -0.7279039 -0.6172753 -0.4812778 3.0522604
0.61614 -0.2774728 -0.28482518 -0.759646 -0.2015545 1.4100217 -0.61724865 -0.9304497 1.7843258
0.46800122 2.8189695 -0.7955285 -0.6030232 -0.897783 -0.729609 -0.1207285 -0.64004403 0.0
