-0.5482429 1.6665255 1.8908519 -0.39067465 0.0023092781 -0.28659928 0.7054726 -0.74545914 0.0
1.0762674 1.142638 1.4110761 0.70433223 -0.39057174 1.1590004 -0.9299056 0.052690808 0.0
1.1497127 -0.33975488 0.13608061 -0.5842024 1.4911424 -0.46682954 0.021863421 0.035032712 1.0355293
0.2512883 -0.47158888 -0.5082398 -0.8550755 2.3430312 -0.54366875 0.7675809 -0.10979352 0.74749136
0.20451596 0.8017428 0.09503077 1.2689747 0.000428731 0.12336486 0.68195486 -0.528771 1.5278596
-0.20012006 0.12442131 1.5763806 0.32293168 0.9287474 0.27786824 0.27272487 2.0638602 0.0
-0.3658438 0.03987084 0.43542883 -0.1170052 0.74526656 0.50905144 0.8956986 -0.8700825 -0.22927502
0.22547129 -0.033121258 -0.087943316 1.78211 -0.020871187 -0.1921501 -0.56312096 0.9614826 0.48673427
-0.33091712 -0.35907167 -0.20882282 0.47027078 -0.37975678 0.27653652 -0.2681964 1.4599627 1.2081907
1.1716497 0.40892574 0.58576196 -1.0190328 0.96526605 0.3288277 1.257162 -0.23943889 0.0
1.1452696 -0.052123576 0.12690617 -0.1540437 -0.17044538 -0.42762223 -0.105992325 -0.3325405 1.1210879
0.3913487 0.17916769 0.09920756 0.3958121 -0.27749985 -0.600896 -0.3886451 0.41681486 0.40727034
-0.3800803 -0.27741778 0.92193156 -0.19595209 0.05800867 -0.18226628 -0.17420849 -0.49866796 2.1259465
0.1494922 1.980783 -0.28322107 0.13269362 -0.49208665 0.2974421 -0.2617777 1.8499036 0.0
0.901847 -0.53538203 -0.3849063 -0.52606833 1.250138 -0.22282366 0.49788526 -0.78339577 1.0387642
0.09463843 -0.47073734 -0.7278611 -0.51378113 -0.22392315 0.115696535 -0.5425101 -0.4201972 2.5383778
-0.457532 -0.64698654 -0.45763218 -0.6402661 0.20677675 -0.3647675 -0.3423691 -0.60094804 2.748351
0.83559287 0.5930129 -0.31255892 1.5487269 -0.5981388 0.86637187 1.0592035 -0.7221062 0.0
0.025939647 -0.5740068 -0.51295924 -0.85071677 0.46651018 1.688189 0.01951723 -0.8065338 1.406474
0.21177149 -0.6269707 -0.44921166 -0.6230509 -0.13374063 -0.7671157 -0.8502902 -0.7190044 3.0187492
0.71353275 -0.13476102 -0.27234748 -0.8439397 -0.5745483 0.5731291 -0.56081206 -1.0531049 2.2989697
0.32202324 2.7776287 -0.26585656 -0.4921321 -1.0667862 -0.7841862 -0.29130653 -0.65696543 0.0
