-0.64730614 4.139406 0.6594764 -1.2992029 -0.5950781 -0.6589852 -1.7728916 -1.2310088 0.0
0.7718595 0.059038203 2.093627 -0.31694552 1.3949142 0.9984225 0.46661696 -1.8614198 0.0
-0.5512995 0.45271784 -0.64866555 -0.7696365 1.1071248 -0.0682229 -1.370194 -1.2072492 4.154939
-0.1293112 2.3734488 -0.34518707 0.91999555 -0.5579318 3.9179318 -0.73884684 -0.45617023 3.4718633
4.350785 -1.0486704 -0.6027617 -0.774361 -0.35196608 -0.4651137 -1.061321 -0.13832708 0.8787566
-0.18753009 -0.7169724 0.3317122 0.2317538 0.6599915 0.014130566 -0.021944018 3.4108717 0.0
0.103882015 1.6190547 0.08577032 -0.7133174 0.14721671 -1.1961802 1.2511203 -0.4809397 -0.53742135
-0.82270783 1.2949198 1.4863802 1.9092833 -0.86128753 -0.24795167 -0.15315546 -0.49297696 -0.65026486
-0.3981743 1.2540457 1.2190039 -1.1039056 -0.0848091 -0.6522079 0.031937927 0.24308084 1.9885451
-0.19861189 -1.0945907 0.6789287 2.3914745 -1.1191587 1.8509241 2.6418028 -1.417307 0.0
0.077515505 0.26172373 -0.1132898 -0.9287173 -0.38374496 2.4659 -0.7938928 -0.7264867 0.9105538
1.759316 -0.7007944 -0.42871916 -0.7119282 -0.67262805 -0.79930806 1.3273914 -0.93792236 2.0047011
-0.9753525 0.38260436 1.5090493 -1.5058284 -0.86077785 -0.65797246 2.0396245 -0.81708455 0.27258703
-0.8042974 3.8079462 -0.4142556 -0.5161378 -0.77732974 -0.5606242 -0.6794086 0.5906632 0.0
-0.86252177 -0.5338867 -0.9623962 0.69645 1.9688461 -0.48482564 -1.1339335 1.4395795 0.3822437
-0.85044014 -0.53518945 1.3366246 -0.62372696 0.15403856 -0.60549283 -0.4544756 0.08625501 1.5862861
-0.05978929 -0.3807797 -0.38423988 -0.7586278 -0.5105145 -0.35609397 0.4370429 -0.44233435 2.7577977
0.074649006 -0.7273355 -0.51489335 3.6993632 -0.5756745 -0.47919154 -0.14714235 -0.39370808 0.0
1.9708413 -0.22405043 -0.5867949 -0.623435 -0.5558172 -0.060028717 0.63779694 -1.0265727 1.0352291
-0.8695525 -0.6063453 -0.49303672 2.31787 -0.46513754 -0.34034944 0.38703677 -0.44164455 1.0454066
1.6231383 -0.6929401 2.399635 -0.5848563 -0.6362634 -0.31890434 -1.0305797 -0.44935027 -0.08212253
1.8562567 2.1665232 -0.97061634 -0.5857792 -0.8624749 -0.68658036 -0.93054795 0.5756146 0.0
