-0.043234766 1.3837266 1.5380504 -0.19455443 0.49421534 0.16164589 0.7376766 -0.3784263 0.0
1.0919622 0.7757945 1.1896676 0.95291245 0.09258061 0.9391447 -0.45156693 0.27483502 0.0
0.9854939 -0.48354182 0.081614524 -0.05507533 1.3217188 -0.26394102 0.57993567 -0.26845023 0.80400574
0.6449227 -0.08492585 -0.3244794 -0.47255132 1.7954223 0.012805878 0.64678293 0.0117939925 0.90539294
-0.20464598 0.59986335 0.23531784 1.1469543 0.40793318 0.041179482 -0.011120735 -0.12362703 1.526148
0.12888417 0.2301456 1.3835243 0.72839475 0.9034679 0.28189978 0.33076844 1.4504128 0.0
-0.041409556 -0.32463697 0.277824 0.6578823 0.8024821 -0.00026364098 0.43855178 -0.41748795 0.29100654
0.4630791 -0.03438886 0.07612511 1.1184999 0.3919881 0.026603393 -0.13726877 0.91177195 0.8127864
0.07671936 0.013150757 0.08747091 0.2435303 -0.18065718 0.15162493 0.097222686 0.83543944 1.1740471
1.0225177 0.6757874 0.53213626 -0.70618445 0.8422973 0.13871352 1.1444998 0.27305377 0.0
0.9041062 0.11736072 0.35395947 -0.3205932 0.25634292 -0.5478758 -0.27276912 -0.44193655 1.1294607
0.3837626 0.29414195 0.115224905 -0.08136471 -0.39145038 -0.49375418 0.23098056 0.29720777 0.78628224
-0.1377573 -0.08981871 0.82698214 0.23432885 0.010252054 -0.17533244 -0.071236916 -0.36412314 1.8722863
0.38249806 1.8938488 -0.17684254 0.33361134 -0.30811027 0.22515762 -0.36435914 1.7623144 0.0
0.87887704 -0.4383424 -0.47053832 -0.3866023 1.4923245 -0.59792453 -0.28547916 -0.6311145 0.9585978
0.010822286 -0.5568174 -0.48802263 -0.39329645 0.08055016 -0.087403715 -0.12328371 -0.3215906 2.3790386
-0.4628547 -0.4251826 -0.5577454 -0.46908215 0.22176191 -0.41188395 0.062785834 -0.5353553 2.5007775
0.6361588 0.5241667 -0.11561504 1.1488894 -0.33780742 1.2576288 1.1258305 -0.74705064 0.0
0.43978193 -0.18261833 -0.22064121 -0.69092035 0.04526333 1.5085642 -0.11678213 -0.8392257 1.3147109
0.20320666 -0.23778035 -0.14598031 -0.5689866 -0.070528954 -0.50372916 -0.649099 -0.3339407 2.428741
0.7009822 0.014263833 0.041721195 -0.7828912 0.08813564 -0.37655354 -0.7148673 -0.7643194 1.9360485
-0.35063222 2.6634395 -0.64784 -0.105721965 -0.8995945 -0.58613974 -0.47873878 -0.71475136 0.0
