2.78816 2.9848003 0.7274242 -1.2630378 0.67054594 -1.0354699 -1.6748662 -1.2977453 0.0
0.5022321 -1.1199033 3.6012554 0.88050574 0.55464613 -1.1824416 -0.8098414 -1.6901311 0.0
-0.85649526 -0.2875587 -0.5898899 -0.51082885 0.16527297 -0.30446583 -0.45462665 -0.6959919 4.7568607
0.3032392 2.9372053 -0.06061509 -0.65997094 -1.1750618 3.5348554 -0.18032283 -0.3391792 3.068111
2.5297344 -1.2121232 -0.99633634 -1.4877483 0.98887074 0.5102187 -0.8810809 1.7112889 3.0810437
2.141992 0.7956561 -0.54113406 0.7902691 1.2316549 0.21958685 2.732629 2.2864413 0.0
-0.51076686 1.0103865 -0.0782576 0.584479 0.083726466 -1.2091839 0.7644809 -0.0818085 0.4903105
0.0027036525 1.5976856 0.7868098 1.1129035 0.8852015 -0.90191174 0.25688568 -0.754669 -0.59287786
-0.86726654 1.1659988 1.8683199 -0.8268725 -0.30448046 -0.6480603 0.65674716 -0.059813276 0.47449502
-1.3745639 -0.37150794 -0.1143479 3.0182009 -1.1775135 2.4432364 2.5185723 0.02868804 0.0
-0.4881441 -0.1752328 -0.05829014 -0.51662576 -0.27975827 2.7127302 -0.7854594 -0.7683258 0.5118271
1.6424805 -0.33851895 0.039815478 -0.7583141 -0.43676102 -0.86901456 -0.22579671 -0.88961387 2.1303015
-0.9573325 0.93467724 1.0471971 -1.317042 -0.79216826 -0.4348796 1.926122 -0.90906745 0.2047298
-0.6852744 2.8055375 0.056183863 -0.36888418 -0.58340883 -0.44062543 -0.59060544 1.334473 0.0
-0.78985703 -0.3461439 -0.786198 0.008006212 2.448531 -0.51078314 -0.99197936 0.6982352 0.004136801
-0.7671523 -0.7442051 2.5600023 -0.5290656 0.41708916 -0.8152958 -0.83540887 -0.32610157 0.119818516
-0.088792525 -0.6436527 -0.3341389 -0.9648567 0.75187 -0.86504734 0.049564026 0.63222426 1.7646242
0.032742087 -0.689291 -0.57380444 3.370578 -0.585214 -0.58628315 -0.09085334 -0.46033633 0.0
2.620058 -0.52372557 -0.30921516 -0.51766485 -0.4096676 -0.15413868 0.012910235 -0.98104995 0.019986706
-0.69256 -0.45547396 0.13556652 2.0085561 0.0477369 -0.24445981 0.52319956 -0.62071574 0.32342735
1.0276794 -0.44503027 2.8821886 -0.73684865 -0.49901336 -0.49848622 -0.9529944 -0.47127333 -0.36604527
1.3479426 2.6050694 -0.5572269 -0.81076294 -0.34527782 -0.41358694 -1.1611552 -0.8301944 0.0
