2.7872565 2.9441633 0.75898737 -1.2296593 0.7185602 -1.0279719 -1.6509953 -1.2695501 0.0
0.50162256 -1.1248785 3.5780222 0.9178397 0.56984144 -1.1931835 -0.81253976 -1.697521 0.0
-0.8587264 -0.29194823 -0.5864792 -0.51340514 0.14756063 -0.30768123 -0.45676932 -0.6868654 4.771611
0.3221603 2.990242 -0.0480816 -0.67391014 -1.1927341 3.4761446 -0.17444666 -0.33614016 3.0848062
2.5030656 -1.2119486 -0.99789387 -1.4948108 0.95506954 0.50687945 -0.86485815 1.7093849 3.1676095
2.1412642 0.8341749 -0.55339926 0.7907093 1.2687595 0.21925187 2.8137162 2.238549 0.0
-0.5611656 0.98965627 0.034645677 0.6404974 0.059767377 -1.1707405 0.7112147 -0.07860741 0.50266623
0.015770473 1.6079675 0.7907985 1.0689222 0.9133311 -0.9138026 0.3342755 -0.7618096 -0.58368915
-0.8612338 1.2308477 1.8031707 -0.83229554 -0.26523677 -0.64960605 0.6554454 -0.05385292 0.46222588
-1.3611821 -0.3257336 -0.15452807 3.0211022 -1.1671077 2.4317033 2.5150611 0.00048286718 0.0
-0.4871878 -0.16569515 -0.13527346 -0.5138923 -0.30137247 2.7726967 -0.8121023 -0.7782314 0.5119407
1.7932886 -0.3680581 0.042472307 -0.82150924 -0.50588465 -0.8816522 -0.2757974 -0.95363104 2.0053144
-1.0085936 0.9725288 0.9884706 -1.3219869 -0.80593145 -0.4294521 1.9711332 -0.89189774 0.19736911
-0.70524675 2.80967 0.017906811 -0.3915274 -0.6090669 -0.44411 -0.5984499 1.3423111 0.0
-0.8060994 -0.3918321 -0.8190338 -0.018070728 2.4917061 -0.4938173 -1.0040567 0.67703664 -0.018481448
-0.8104312 -0.76388204 2.591332 -0.5417161 0.40375042 -0.8134291 -0.8164674 -0.32406315 0.1091819
-0.08047235 -0.61405134 -0.33605787 -0.95219 0.9233225 -0.8447977 -0.013085912 0.49924588 1.7841867
0.009740797 -0.7052546 -0.6036546 3.4058244 -0.60948116 -0.59480673 -0.1150274 -0.50145185 0.0
2.669481 -0.5329953 -0.38702872 -0.50200576 -0.4278251 -0.15724245 0.024718912 -1.0012331 -0.009726517
-0.6744421 -0.4600088 0.045228135 2.0408776 0.08247892 -0.32717144 0.48704836 -0.6511807 0.29425818
1.0029465 -0.48944458 2.9463067 -0.7790048 -0.53218603 -0.4989221 -0.97833997 -0.53471535 -0.39077634
1.3305947 2.64116 -0.57137805 -0.8489123 -0.37106493 -0.48282135 -1.1682193 -0.85606664 0.0
