-0.8977113 4.08766 0.63293993 -1.27398 -0.632379 -0.58749354 -1.6082805 -1.2127024 0.0
0.984586 0.20078984 1.7915696 -0.18133923 1.2712948 1.3930558 0.061485264 -1.8718791 0.0
-0.32871678 0.7583855 -0.56962466 -0.75747484 1.2594403 0.04571027 -1.4438429 -1.1857082 3.7345557
-0.08662633 1.9064438 -0.39976975 1.7412201 -0.29434714 3.3451421 -0.6684513 -0.40218896 2.8818684
4.1105585 -0.97261953 -0.42746332 -0.63110703 -0.37287533 -0.42764091 -1.0664679 -0.045467213 1.0167971
-0.3805859 -0.8206145 0.6883768 0.13486929 0.7528482 -0.067292176 -0.015931536 3.190652 0.0
-0.2278505 1.8307105 0.43792063 -0.8839399 0.066057794 -1.1548083 1.187553 -0.5743278 -0.51426566
-0.81331646 1.088413 1.3702421 2.1446254 -0.9358835 -0.49313307 -0.0049721324 -0.39447397 -0.66553843
-0.455609 1.5535505 0.701548 -1.077174 0.19162498 -0.7943693 0.2831999 0.5179733 1.7625738
0.062403627 -0.96625096 0.8516118 2.0874104 -1.0044042 1.8539119 2.3769035 -1.5480605 0.0
0.4246231 0.06333315 -0.039541412 -0.8556279 -0.7225965 2.3762717 -0.801108 -0.63140196 0.81729275
1.9846985 -0.84480286 -0.45312202 -0.6970817 -0.68266445 -0.77680874 1.4300824 -0.9074518 1.3403683
-1.0946474 0.29296416 1.3317193 -1.5165026 -0.8517547 -0.5751989 2.0343864 -0.51127166 0.44216144
-0.8208053 3.7125196 -0.5714742 -0.53627324 -0.8787102 -0.56991696 -0.7761667 0.7713201 0.0
-0.87525463 -0.3107606 -0.92060584 0.5925064 2.200912 -0.44336826 -0.9637826 0.5040775 0.43808946
-1.0211794 -0.4731773 0.4859143 -0.46987557 -0.494356 -0.20961858 -0.15589295 0.507348 1.9023614
0.0049162563 -0.19643164 -0.46472335 -1.0740522 -0.58662796 -0.18689115 0.4571137 -0.761074 2.8766315
0.04610066 -0.70640683 -0.58060163 3.7817473 -0.65254575 -0.44273847 -0.17848343 -0.52196085 0.0
1.8279097 -0.3467978 -0.6346031 -0.7321077 -0.5873001 -0.051397618 0.7699132 -0.7869006 1.2815876
-0.7196642 -0.74822944 -0.7154447 2.3753142 -0.29393554 -0.64845806 -0.13456571 -0.6032352 1.1997279
1.6189545 -0.6280668 2.0073154 -0.40120032 -0.5332543 -0.1830944 -0.80668974 -0.48262104 0.16145952
1.6616011 2.3538969 -0.9449609 -0.81561685 -1.0201932 -1.0135832 -0.827922 0.4611581 0.0
