-1.1197503 3.6849496 0.91894364 -1.139964 -0.69367284 -0.5462162 -1.1767343 -1.3032447 0.0
1.5132366 0.65905994 1.4600062 -0.011450721 0.95910394 1.0388764 -0.1021968 -1.6306484 0.0
0.6898788 0.8081322 -0.44810277 -0.14188421 1.1446705 0.5756117 -1.2852405 -0.8558062 2.1731915
-0.33113658 0.067084454 -0.6812355 2.744685 1.0620325 1.9147881 0.091863036 -0.38299656 0.5476093
2.9725697 -0.79421777 0.3118399 -0.09591703 0.025790531 -0.5168821 -0.7710682 0.6816055 1.0411758
-0.7249024 -0.84646046 1.0729022 -0.05640363 0.5056898 -0.23503135 -0.057459123 3.1727364 0.0
-0.19914015 1.4739846 0.36006853 -0.88992447 0.5566089 -0.537044 0.8667435 -0.49637425 -0.127568
-0.7529719 1.20645 0.45509726 2.3846636 -0.71531004 -0.78810114 -0.41954422 0.30250776 -0.592387
-0.1417103 0.29135138 -0.29803696 -0.88562524 0.47280553 -0.6481167 -0.28939915 1.681683 1.2597932
0.8929428 -0.3230923 0.58029056 1.2096521 -0.9407411 1.7506857 2.0779376 -1.4479921 0.0
0.34069994 0.34697375 0.26633966 0.042100914 -0.75426286 1.1275277 -0.8294665 -0.6758661 1.3355929
1.6920807 -0.9038334 -0.17558686 -0.110526524 -0.5562531 -0.2231899 1.4726808 -0.9435842 0.6279849
-0.92305607 0.7205763 0.67150354 -1.0077944 -0.72545826 0.31545198 0.51350856 -0.11427112 1.6103448
-0.68412775 2.9679298 -0.8872267 -0.51403534 -0.9451713 -0.5756495 -0.87589616 1.6916019 0.0
-0.56963754 -0.4112101 -0.47319737 0.5938245 2.1616495 -0.3405259 -0.7126448 -0.73590267 0.47460324
-0.8461789 -0.43161958 -0.53372514 -0.42066947 -0.25330472 0.097623825 0.21994722 -0.032315366 2.3054996
-0.11146486 0.042659715 -0.41206512 -0.60177475 -0.31689307 -0.1865265 -0.34927908 -0.8715222 2.8661833
0.061638564 -0.57070136 -0.5900333 3.6840525 -0.6599439 -0.25629932 -0.098978005 -0.46526915 0.0
0.952246 0.12713906 -0.5293421 -0.67020786 -0.24341018 -0.08654325 -0.16116992 -0.7431017 2.0249715
-0.2801453 -0.49650863 -0.68194157 1.76128 -0.30674562 -0.2666484 -0.2292114 -0.753451 1.8591347
1.2923436 -0.3970116 1.0740725 -0.6289431 -0.29668736 0.3672059 -0.8227022 -0.752634 0.9380437
1.8607669 1.9136527 0.13077301 -0.11400304 -0.118184 -0.6614369 -0.24409778 0.31864482 0.0
