9.434644e-05 0.0021939795 0.00020349192 0.008829622 -7.202211e-05 0.00039097967 0.0007217455 0.008139544 0.0
-0.0018359622 0.4304378 0.0021184483 0.0010294757 -0.009563255 -0.003543064 0.001015657 0.0007099869 0.0
1.826352e-05 1.453339e-05 1.9928435e-05 1.9105115e-05 -5.1797993e-05 2.5664629e-05 -4.2805104e-06 1.1627863e-05 -6.0674943e-06
-9.8437695e-06 -4.628641e-05 5.0338876e-06 8.904646e-07 5.055894e-05 -2.9794946e-06 -0.00011280053 0.00034216256 -0.0001058105
-2.7569251e-06 -2.4024266e-07 -8.970094e-06 9.990643e-06 2.2099598e-06 -0.00031425184 -1.8634184e-05 3.0736668e-05 -8.32105e-06
0.00059374626 1.21949815e-05 0.0005598867 -0.00021002046 -0.0035756368 0.005977517 1.9067335e-05 0.0016989151 0.0
-6.8015083e-06 -0.0003608 -7.5697477e-07 -3.6242557e-07 -7.0101146e-07 -3.999724e-06 -9.442384e-06 6.8102463e-06 3.9969914e-06
5.0102e-06 2.1472008e-05 -0.00054302905 -2.2643584e-05 2.277366e-06 -7.1138106e-07 -8.64804e-06 -1.8660869e-06 -5.7367797e-06
-9.08434e-06 -4.963899e-05 -7.094217e-06 3.265902e-05 2.910031e-06 -4.68611e-06 -4.103471e-06 -1.2840131e-05 -2.8199229e-06
0.00026632778 -8.387165e-07 -0.0028597908 0.00040507794 0.0010250832 0.0017217583 -0.00013070056 -0.0009917371 0.0
-3.0296758e-06 -5.7155594e-06 -4.668517e-06 3.0475746e-06 -4.0805376e-06 2.1717533e-06 1.0797687e-05 2.1052747e-06 2.7243984e-06
1.2667631e-06 -9.338436e-06 7.674886e-06 2.7807268e-05 8.164125e-07 -1.1012155e-06 2.634313e-06 -9.910175e-06 1.9076201e-06
-7.614677e-06 6.5446643e-06 -1.2794408e-06 -2.819357e-06 -7.349168e-06 2.017414e-06 -2.0130328e-05 4.9583778e-06 -1.2734415e-06
-7.360438e-06 -0.0017383941 6.0498805e-06 2.4908793e-05 1.129417e-06 0.00011487052 3.2647815e-05 -4.2735388e-05 0.0
-6.6220978e-06 -4.488813e-08 4.6611503e-06 1.0356098e-06 1.0550986e-06 2.1245298e-06 -3.0512201e-06 6.2377254e-08 -1.1071568e-06
-1.648872e-06 -1.5511024e-06 -3.0845708e-06 -8.074579e-07 1.6961703e-06 -3.5949495e-06 -3.7221116e-06 2.8682698e-06 2.1363294e-06
-1.3239974e-06 -2.7812455e-06 3.6131994e-06 4.229839e-06 -2.5603047e-06 1.9512083e-06 -3.2553994e-06 -2.1722233e-06 1.7795826e-06
3.843399e-06 0.00015776764 1.3852237e-05 0.00010273054 1.6873571e-06 1.4285142e-05 -4.702604e-05 -4.9950654e-06 0.0
-4.5894703e-07 1.210854e-06 -2.7728186e-06 5.30096e-07 1.2603164e-06 8.6413695e-07 -1.3258418e-06 1.19637025e-05 -5.2099745e-07
-2.9336678e-07 2.3769396e-06 -6.8100064e-07 1.6325843e-06 2.5860655e-07 -4.2533766e-06 -1.420714e-06 3.9793762e-05 8.259022e-07
1.970776e-06 2.3649902e-06 4.275899e-06 -1.6871763e-06 1.9648855e-06 -3.3410672e-07 -7.7172206e-07 3.9704657e-05 -2.6025035e-07
6.2481246e-07 8.802792e-05 -7.600857e-06 5.6471217e-05 -1.0300549e-05 -0.00011977909 -4.5708784e-05 -7.893983e-06 0.0
