5.228953e-05 0.0014416365 0.00014872522 0.007098534 -4.48543e-05 0.00025995763 0.00042674 0.0060915737 0.0
-0.0014504055 0.397329 0.0014576354 0.0006415612 -0.008456013 -0.0028916718 0.0006715651 0.000520826 0.0
1.7704779e-05 -5.925553e-07 8.40271e-06 6.71019e-06 -2.893272e-05 9.297437e-06 -8.025185e-06 7.802682e-06 -1.5775802e-06
-6.048113e-06 -2.286356e-05 5.4330385e-06 -1.1264752e-05 3.0471198e-05 -6.7122633e-06 -6.290074e-05 0.00019854735 -6.365779e-05
3.0770056e-07 -3.801904e-06 1.5378228e-06 -6.776187e-08 -7.0398714e-06 -0.00020849558 -8.559798e-06 6.462669e-06 -1.4981099e-06
0.00038248493 1.818389e-07 0.0003318876 -0.00012989825 -0.0029190963 0.004280258 1.1845717e-05 0.0011339774 0.0
-2.9196135e-06 -0.0002420971 -2.8207987e-06 1.0170761e-06 -1.5272794e-06 -3.3633944e-06 -4.0788914e-06 1.5694574e-06 1.644439e-06
-2.157397e-06 6.6226594e-06 -0.00037562437 -8.473755e-06 -1.4654064e-06 -3.3994743e-06 -1.8020216e-06 -3.0463098e-06 -1.3328533e-06
-4.22614e-06 -2.816379e-05 -1.4176109e-06 6.157483e-06 -3.1814596e-07 -1.369653e-06 -3.0072774e-06 -5.63245e-06 -3.6053277e-07
0.00019141208 -9.575123e-06 -0.002303782 0.00022197714 0.0006404838 0.0011017132 -7.704717e-05 -0.0007760192 0.0
-3.9116242e-07 -1.991927e-06 -3.3107463e-06 4.3034947e-06 -3.9296992e-06 -2.2120948e-06 2.27132e-06 -8.098326e-07 1.3255698e-06
-2.7127928e-07 -3.057067e-06 3.2201074e-06 1.75388e-05 -6.0414675e-07 -3.8732557e-07 -9.2869993e-07 -4.5862553e-06 2.0787254e-06
-2.0501845e-06 8.6022106e-07 -2.147672e-06 -7.6160563e-07 -2.7971491e-06 5.177404e-07 -1.0054629e-05 -1.6873812e-06 7.8573225e-07
2.1165029e-06 -0.001318145 -3.9323013e-06 1.335808e-05 -1.0026299e-06 5.2450676e-05 1.2369035e-05 -2.6836575e-05 0.0
-2.9401758e-06 -2.739922e-07 1.7368877e-06 -2.2044794e-06 6.619287e-07 4.5440046e-07 2.9623003e-08 -1.7979371e-06 1.0074515e-06
-1.5570712e-06 -1.7223678e-06 -1.4313109e-06 -9.2177623e-07 1.2909163e-06 -1.3451253e-06 -1.8554789e-06 -8.50788e-07 2.039323e-06
-1.0322204e-06 -1.5479765e-06 3.4412938e-07 1.9157471e-06 -4.9590346e-07 -4.6653312e-07 -2.7570495e-06 -1.7374065e-06 2.0917093e-06
-3.480063e-06 9.571071e-05 1.0460073e-05 5.5483943e-05 -3.724043e-06 1.7843038e-06 -3.0150279e-05 -1.9751828e-06 0.0
1.2188323e-06 2.8191446e-08 -4.084504e-07 -1.83964e-06 2.9035456e-07 3.518607e-07 -1.8015811e-06 3.5215724e-06 5.2167434e-07
1.4228854e-06 2.9311673e-06 -1.5325259e-06 -1.9455397e-06 4.2618407e-07 -1.7706722e-06 -1.1863325e-06 2.1136882e-05 4.4808115e-07
1.7546643e-06 5.375239e-07 5.450082e-07 -3.1791267e-06 1.54787e-06 5.312861e-07 -6.1874243e-07 2.0639174e-05 3.0487732e-07
-5.150216e-06 4.0857307e-05 -2.1332858e-06 3.7304948e-05 -6.1021497e-06 -8.116884e-05 -3.186251e-05 -7.675213e-06 0.0
