-0.5229232 5.150968 -0.27062783 -0.7912044 -0.5356604 -0.66488135 -0.95188177 -0.9234701 0.0
5.9101806 -0.96018404 -0.9900332 -0.6548147 -0.5890568 -1.0793608 -0.2241091 -1.354094 0.0
-0.6140622 -0.80677974 -0.44103566 -0.72420627 -0.15907794 -0.6968703 -0.74327844 -0.71715915 4.9863315
-0.44250658 -0.48399 -0.7869186 -0.21735966 -0.09932982 -0.4969126 -0.8461299 -0.63018286 4.7060375
-0.5177019 -0.56056285 -0.6416258 -0.6289606 -0.37460873 -0.4626564 -0.4514717 -0.89750975 4.8861237
-1.119533 5.6087317 -0.71494836 -0.60736954 -1.055551 -0.94220024 -0.6654105 -1.2261147 0.0
-0.5724125 -0.6042121 -0.49445042 -0.9363781 -0.48489377 -0.6723545 -0.15543178 -0.4252339 4.731322
-0.5189828 -0.9636899 -0.39327383 -0.56161034 -0.4914394 -0.55573964 -0.94259167 -0.13733213 4.7560596
-0.47551897 -0.98758173 -0.6145556 -0.32143548 0.10635894 -0.58399177 -0.5334991 -0.61706877 4.6039796
5.9559994 -1.0191537 -0.7144318 -1.107088 -0.6128146 -1.2148972 -0.81470305 -0.69181937 0.0
-0.3260496 -0.8557797 -0.62297267 -0.8688783 -0.27770525 -0.51251996 -0.6842227 -0.54312676 4.8871017
-0.58143497 -0.627252 -0.5029369 -0.8051276 -0.6979637 -0.90319246 -1.0452533 -0.48791173 5.3521705
-0.7526689 -0.756135 -0.6227449 -0.5530153 -0.5559531 -0.6126963 -0.6954894 -0.5084079 5.0309753
-0.87610704 -1.1711364 -0.7886154 -0.4702001 -0.87815017 -1.0386981 5.5952806 -0.74513227 0.0
-0.3010637 -0.6652953 -0.6242793 -0.6184922 -0.43930575 -0.6312528 -0.60575306 -0.2966757 4.521976
-0.81145674 -0.7285306 -0.65642875 -0.66373783 -0.33460066 -0.7662835 -0.39439198 -0.5699935 5.0613704
-0.6611532 -0.6864892 -0.33616245 -0.98975766 -0.21024275 -0.62691927 -0.5776889 -0.5058061 4.764862
5.6678853 -0.5650138 -0.77469856 -0.481048 -0.7696882 -1.0494702 -1.0071771 -0.8649799 0.0
-0.35701543 -0.48734537 -0.7369838 -0.8839227 -0.47679982 -0.48396218 -0.5164953 -0.6103023 4.8860903
-0.47833923 -0.5283116 -0.91954666 -0.44526976 -0.5018729 -0.9302016 -0.6209585 -0.75355434 5.108422
-0.5618829 -0.5337257 -0.3954514 -0.73379743 -0.6284132 -0.6485558 -0.51636773 -0.64457035 4.8092694
-0.7672814 5.7046156 -0.71636677 -0.9932644 -0.7645448 -0.9137667 -0.73413336 -0.89194745 0.0
