-0.08836477 5.066576 -0.8879289 -1.077647 0.6434695 -0.69783455 -1.0293121 -1.2300478 0.0
5.0229573 -1.0606403 -0.5874719 -1.0328076 0.57740766 -0.95928663 -0.8360589 -1.2104734 0.0
-0.7345974 -0.8496412 -0.4722066 -0.7285047 -0.55518156 -0.6669969 -0.49257654 -0.68172276 5.1297693
-0.5816237 -0.7111691 -0.36393037 -0.8589768 -0.687708 -0.6197302 -0.65578455 -0.98124856 5.1868157
-0.7849815 -0.56228757 -0.46231452 -0.73432547 -0.72469515 -0.5270871 -0.67488915 -0.8171787 5.1086116
-1.0884651 4.2758374 0.3450674 -1.3747588 -0.98601454 -1.0267439 -0.23824224 -1.3328695 0.0
-0.738036 -0.64365983 -0.71415347 -0.6706612 -0.53628564 -0.6894469 -0.7565212 -0.5214359 4.990661
-0.7166609 -0.6627254 -0.60099185 -0.6026044 -0.891089 -0.4914187 -0.6898752 -0.55784464 4.8798842
-0.5554032 -0.8244768 -0.5220938 -0.70624566 -0.59684914 -0.68438476 -0.59560454 -0.5951844 4.981242
4.868046 -1.0218158 -0.88830256 -1.011017 -0.5437084 -0.81194353 -0.66295123 -0.9408594 0.0
-0.5577601 -0.5339808 -0.4096277 -0.5603236 -0.44218907 -0.62476695 -0.58830756 -0.6040791 4.676835
-0.53562725 -0.57482743 -0.63751787 -0.7564848 -0.721509 -0.5887397 -0.50519264 -0.57626414 4.8960133
-0.6513363 -0.7666943 -0.48882598 -0.6039454 -0.49077144 -0.43815953 -0.8033587 -0.6634474 4.9648056
-0.9075068 -0.56222683 -0.8925975 -0.975153 -0.64604706 -0.8058228 4.579647 -1.1625358 0.0
-0.72785527 -0.49842438 -0.621357 -0.77285707 -0.40765795 -0.5710253 -0.52443075 -0.7113224 4.8431706
-0.79261494 -0.54106146 -0.63415617 -0.74706745 -0.46098876 -0.57043535 -0.43559426 -0.7861267 5.0194592
-0.48863208 -0.6372039 -0.5785376 -0.71900725 -0.61200196 -0.6417391 -0.7151679 -0.6664387 5.055074
4.702798 -0.77702737 -0.7073713 -0.80873954 -0.7723299 -0.81198984 -0.8134638 -0.7830222 0.0
-0.4010749 -0.6272852 -0.6068376 -0.8285953 -0.37212044 -0.5126345 -0.5744861 -0.75173426 4.8868876
-0.4212022 -0.50161034 -0.60854405 -0.84382194 -0.5557136 -0.46217543 -0.62769866 -0.748688 4.923666
-0.5402328 -0.6138733 -0.6462992 -0.7488013 -0.4132066 -0.6540807 -0.5434687 -0.8185788 4.962556
-0.7015299 5.067696 -0.6302299 -0.9994715 -0.79816145 -0.68184125 -0.6662811 -0.9212785 0.0
