2.0100942 2.07567 1.3893021 -0.09638493 1.4659121 1.532023 0.013425531 -0.07548984 0.0
1.377111 0.74247646 0.8146139 0.13279656 1.0134873 0.862012 0.62249196 -0.0075606657 0.0
0.4981621 0.40818122 0.23383318 -0.026914101 1.0576607 0.1707648 0.110499226 -0.11225449 2.2593546
0.63017654 0.4224788 0.23937099 -0.03940643 1.1373364 0.2850207 -0.008435446 -0.06977884 2.22587
0.80488133 0.26734924 0.5795081 -0.021869294 0.62545764 0.19230004 -0.07560302 -0.10541004 2.2705116
0.61495554 0.9432741 0.9124027 0.25481275 0.70970416 0.5767525 0.7110904 0.20681594 0.0
0.13928904 -0.01900019 0.14382848 -0.004870424 0.44587174 0.00018437435 0.10328391 -0.06322107 2.2624707
0.028792206 0.15918875 0.31151924 0.035660073 0.08893808 0.005603902 0.10440998 0.13985811 2.223102
0.10387283 0.11124484 0.05739477 0.15966971 0.14830829 -0.057645332 0.17532535 -0.013165246 2.2351222
1.0790993 0.2610613 0.3367769 0.22929612 0.97303677 0.3208372 0.557304 0.22022502 0.0
-0.003332334 0.021505566 -0.06384066 0.06787881 0.17846215 0.14670914 -0.061890513 -0.07031258 2.3346581
0.16643426 0.01602765 0.084257595 -0.084245875 0.19574936 -0.03023374 -0.04389455 -0.037427 2.3090413
0.440221 0.022414546 -0.06095652 -0.062995754 0.06861548 0.05207152 -0.09577349 -0.0840661 2.322382
0.6042122 0.75918716 0.25045228 0.22086366 0.7917644 0.5592715 0.4415754 0.088038 0.0
0.0045028217 -0.01055689 0.06818574 -0.055284984 0.7262233 0.020095533 -0.007483198 -0.09261753 2.317323
-0.065264076 -0.011795116 0.020964954 -0.097752556 0.549369 0.026886355 0.029375605 -0.09497364 2.2910285
0.14030443 -0.08313016 -0.07359274 -0.0796928 0.18763107 -0.071302146 -0.074312426 -0.12290027 2.3296664
1.1952665 0.34259894 0.3959052 0.07313461 0.7677928 0.7603086 0.33697125 -0.037035152 0.0
1.1151935 0.56353235 -0.06277555 -0.12050006 0.17552455 0.2600928 -0.007944678 -0.12654959 2.2980943
0.4104882 1.27924 -0.027010147 -0.124443874 0.86751235 0.26461995 -0.093398765 -0.12018359 2.278227
0.41356876 0.97859406 -0.055162203 -0.123883955 0.9457693 0.27509803 -0.07881575 -0.12294532 2.2906854
0.8106467 2.1038246 0.44279706 -0.058167808 1.6589628 1.262637 -0.036775373 -0.101837605 0.0
