-0.914803 5.355805 -0.33174664 -1.2449604 -0.45352542 -0.7030309 -0.74418765 -0.74769473 0.0
6.1672845 -0.9432524 -1.1310371 -0.5386348 -0.73870707 -0.6434831 -0.17298473 -1.0628158 0.0
-0.69726676 -0.56500095 -0.40397978 -0.26936543 -0.4805767 -0.67273784 -0.34635466 -0.21305618 4.5849457
-0.58638734 0.30557874 -0.5654636 -0.29135182 -0.2681604 -0.16654594 -0.8456097 -0.45634598 4.3615007
-0.67572397 -0.5665109 -0.3683753 -0.56874245 -0.6158238 -0.37419602 -0.5684046 -0.77013516 4.9371734
-0.39822772 5.4234204 -0.6743989 -0.55114824 -1.0608152 -0.65664667 -0.8452585 -0.8280198 0.0
-0.63339776 -1.1069691 -0.11336262 -0.6747546 -0.04576383 -0.15581395 -0.37718403 -0.767457 4.520148
-0.28675237 -0.67336655 -0.5453392 -0.6070974 -0.5385416 -0.27460894 -0.24770124 -0.51080763 4.6129518
-0.7404406 -0.7266941 -0.3973096 0.18263939 0.1737897 -0.7466724 -0.5768726 -0.89394104 4.691391
6.0349765 -0.4617539 -0.7644861 -0.5883713 -0.7446071 -0.8976249 -0.6587241 -1.0620643 0.0
-0.16762687 -0.54261535 -0.95949334 -0.09081268 -0.4861575 -0.7000029 -0.5942478 -0.57956636 4.9106207
-0.35439488 -0.32447854 -0.13723996 -0.50615776 -0.41326752 -0.87278867 -0.64707875 -0.46294084 4.89212
-0.22624855 -0.9581544 -0.6268793 -0.16447587 -0.61994046 -0.47228184 -0.32209733 -0.4163803 4.8225174
-0.18007867 -0.852822 -0.85938877 -1.4827441 -0.69551146 -1.0797585 6.2458744 -1.2041625 0.0
-0.8563284 -0.53417104 -0.92912006 -0.3233736 -0.36403933 -0.44666097 -0.51605237 -0.42578724 5.068087
-0.5486537 -0.5740889 0.0031960914 -0.33075145 -0.38804537 -0.55633825 0.19907553 -0.83201784 4.3878293
-0.24241291 -0.87661433 -0.9829641 -0.872842 -0.23764563 -0.6615267 -0.12071853 -0.62631315 4.882488
5.854498 -0.75555724 -0.6963146 -0.7909083 -0.49343616 -0.38952887 -1.0312256 -0.88016284 0.0
-0.09737021 -0.36210585 -0.59771067 -1.150677 -0.24553937 -0.53629285 -0.28315488 -0.71234876 4.543282
0.07057729 -0.49624276 -0.85033065 -0.850132 -0.4078819 -0.7682565 -0.4708525 -0.5059208 4.7796483
-0.1432841 -0.41579914 -0.34725416 -0.64261454 -0.4668555 -0.7785945 -0.29941458 -0.88966674 4.683951
-0.20108314 5.7621675 -0.97412884 -0.94197565 -0.8887824 -0.95808315 -0.40397495 -0.26325262 0.0
