1.7392294 1.7550558 1.2655956 0.24078172 1.2595717 1.5530535 0.3352366 0.27179334 0.0
1.3056481 0.99535424 0.7901373 0.39045164 0.9830209 0.8311719 0.675018 0.29085538 0.0
0.6478817 0.692721 0.50342953 0.31323957 1.022049 0.45500472 0.34908193 0.23502924 1.8066263
0.75414586 0.6392256 0.38265815 0.2763673 1.1814363 0.5090965 0.27464584 0.25803787 1.8138503
0.99470466 0.5234414 0.63856786 0.264168 0.691134 0.5480776 0.28186125 0.23313573 1.8153138
0.78408253 0.9339331 0.8886233 0.4658048 0.8045122 0.7283252 0.85555035 0.4803583 0.0
0.3450906 0.25779298 0.34135476 0.29263452 0.60170895 0.27757928 0.34977368 0.29525065 1.8165548
0.2763458 0.3605253 0.5169346 0.2664703 0.350515 0.29471448 0.36977994 0.3824659 1.801905
0.32614627 0.28794715 0.33253837 0.48896897 0.32817626 0.27004567 0.35784343 0.27275363 1.814702
1.1986083 0.4237293 0.43645892 0.4491322 0.85285306 0.4679763 0.7343188 0.48162857 0.0
0.27127194 0.32625553 0.26578182 0.3409562 0.36091864 0.37573922 0.30291554 0.24956758 1.842279
0.403983 0.36000493 0.32706994 0.26394293 0.3530115 0.2695897 0.29153317 0.26806659 1.829386
0.6070814 0.28210312 0.28205675 0.2529764 0.30456698 0.3766887 0.2631382 0.25617722 1.833265
0.7105437 0.76268494 0.4395277 0.39364517 0.79811424 0.6958021 0.5898896 0.3930303 0.0
0.323739 0.3528833 0.2757136 0.2771401 0.93757373 0.30735406 0.23764904 0.26506618 1.8339803
0.26072735 0.26012442 0.31918427 0.2509534 0.6190331 0.2950519 0.29480833 0.25809032 1.8314658
0.38641116 0.26191953 0.28169104 0.24849026 0.39057556 0.2625518 0.25891417 0.23562507 1.8383368
1.0828497 0.44680256 0.4444809 0.33103755 0.9355772 0.8896515 0.48276064 0.2456542 0.0
1.0853133 0.69050074 0.25030074 0.24185418 0.49241647 0.4871787 0.29018283 0.23327433 1.8278986
0.6882715 1.2185848 0.27346644 0.23892668 1.1386057 0.41911146 0.25921807 0.23492917 1.8172058
0.5337432 0.996806 0.24541421 0.24415512 1.2655325 0.5097366 0.25381082 0.24283074 1.8203582
0.8955963 1.7588742 0.5310616 0.2611507 1.5796151 1.2770437 0.23002876 0.28433806 0.0
