-1.126722 5.4577637 -0.23131493 -0.7718542 -0.23875575 -0.4272368 -0.6791009 -0.5443994 0.0
6.150066 -0.8304521 -0.89326805 -0.5561132 -0.35963535 -0.18952931 -0.47452343 -0.8119044 0.0
-0.047473896 -0.35775667 -0.357586 -0.21130192 -0.43314797 -1.0038425 -0.031765506 0.086515464 4.1433372
-0.30132094 -0.0381073 -0.9278587 -0.38312727 -0.05409704 -0.11186131 -0.73310065 -0.6281024 4.8627596
-0.15176414 -0.17247213 -0.09553033 -0.6144378 -0.19984046 -0.3924767 -0.23698829 -0.54252636 4.2339654
-0.1797851 4.867054 -0.29269254 -0.6680351 -0.7431048 -0.25574213 -0.6314427 -0.77360916 0.0
-0.12367337 -0.4858779 -0.6822774 -0.594539 -0.026514124 -0.2903374 -0.63554084 -0.6175766 4.85887
0.24445142 -0.56088233 -0.25940362 -0.60116637 -0.3859517 -0.2767479 -0.43454638 -0.502856 4.167391
-0.5364088 -0.869419 -0.09731283 0.26202863 -0.027935188 -0.70022255 -0.23780182 -1.0588945 4.740816
6.395735 -0.91650236 -0.44169697 -0.4049295 -0.37521315 -0.8547444 -0.86178106 -0.69337064 0.0
-0.035167366 -0.050243996 -0.44589323 0.23647083 -0.18317382 -0.39647174 -0.5114778 -0.37434322 3.8192396
-0.08093037 -0.6918603 -0.2645245 -0.3058944 -0.41890606 -0.44439155 -0.40913668 -0.21659064 4.646149
-0.2773091 -0.48555425 -0.38858202 -0.065756805 -0.17177337 -0.3001914 -0.4394729 -0.3739496 4.334024
-0.17641585 -0.35211405 -0.6901793 -1.2541064 -0.9043691 -0.5733582 6.2969375 -0.94696534 0.0
-0.675654 -0.25419873 -1.2231499 -0.26928142 -0.19868504 -0.15533319 0.11013839 -0.15330449 4.8606477
-0.19796424 -0.43029305 -0.2351371 -0.39858747 -0.27949128 -0.2644231 -0.35718894 -0.64788276 4.820498
-0.32339603 -0.40461928 -0.9146286 -0.32763943 -0.309644 -0.48141572 0.008162512 -0.6942371 4.667419
5.4052806 -0.8253498 -0.31191573 -0.5301522 -0.13289475 -0.3113321 -0.6912857 -0.6878323 0.0
-0.19802547 -0.18296495 -0.29673913 -0.615564 -0.2810534 -0.56890213 -0.44096255 -0.7725936 4.6331067
-0.16550876 -0.18289517 -0.4548118 -0.35450017 -0.2505632 -0.76711446 -0.30558124 -0.4496377 4.563405
-0.051774815 -0.2647898 -0.46159938 -0.24967007 -0.10921624 -0.39722058 -0.3499601 -0.618719 4.058553
0.121803455 5.6524835 -0.54143333 -0.5693951 -1.0520475 -0.71847224 0.00818082 -0.46788195 0.0
