-0.0049174097 4.9809055 -0.84425783 -1.1554893 0.85812324 -0.7831044 -1.0943538 -1.2927332 0.0
4.8938985 -1.0036714 -0.597523 -1.048362 0.7183299 -0.8791803 -0.8762103 -1.2377585 0.0
-0.68832767 -0.82848066 -0.5614873 -0.6681734 -0.5477217 -0.6927584 -0.5856545 -0.81049466 5.1803765
-0.5329179 -0.68727654 -0.4176531 -0.7738466 -0.61166316 -0.70459694 -0.6384523 -0.9756781 5.114567
-0.7615495 -0.4657997 -0.4096174 -0.7471968 -0.6566828 -0.6064111 -0.6937568 -0.8728341 5.0872087
-0.9833692 4.0404463 0.491809 -1.4074774 -0.9387126 -1.0741965 -0.19170897 -1.23307 0.0
-0.7164603 -0.6202377 -0.6703217 -0.61679155 -0.53618985 -0.6793663 -0.6365495 -0.41764218 4.8649797
-0.6711205 -0.73877335 -0.4938875 -0.5891615 -0.75669444 -0.51576686 -0.5752131 -0.56070155 4.7295737
-0.67731756 -0.87561023 -0.4824427 -0.6299048 -0.60991764 -0.8575363 -0.5237613 -0.6471714 5.0524096
4.7502794 -0.9401761 -0.86239433 -1.0422736 -0.52596205 -0.8807377 -0.5833331 -0.9330019 0.0
-0.5988429 -0.6441432 -0.4773554 -0.6171559 -0.5210902 -0.7138576 -0.5253392 -0.65998137 4.8237033
-0.47344786 -0.5971517 -0.68798715 -0.7501395 -0.67302984 -0.5738185 -0.60537946 -0.5617773 4.898689
-0.5646244 -0.75952065 -0.6900773 -0.55295056 -0.44903848 -0.6089231 -0.7899107 -0.68255025 4.993359
-0.9197744 -0.48636436 -0.974725 -0.85421836 -0.60757387 -0.8120921 4.4596415 -1.196333 0.0
-0.60175794 -0.58907205 -0.6168674 -0.63031745 -0.50754714 -0.5084849 -0.5687209 -0.71097577 4.796586
-0.83450466 -0.6030292 -0.5819081 -0.76921254 -0.44830793 -0.58176655 -0.54226524 -0.8094641 5.0651517
-0.41880348 -0.6619444 -0.6201369 -0.70579195 -0.6055124 -0.6728459 -0.72082126 -0.6023854 5.0411005
4.7212715 -0.8297569 -0.73133904 -0.8735262 -0.6586034 -0.8943063 -0.8253282 -0.8971711 0.0
-0.41514614 -0.63530624 -0.68424606 -0.78994495 -0.5572553 -0.5503189 -0.7346817 -0.7618763 4.9710994
-0.47021195 -0.50482273 -0.6314083 -0.7717357 -0.6144142 -0.5138548 -0.6485038 -0.713555 4.939303
-0.62681824 -0.5225664 -0.57112956 -0.7875823 -0.6189568 -0.593359 -0.59975636 -0.8035584 4.982174
-0.7266721 4.9952292 -0.7365646 -0.8831923 -0.7082161 -0.6797467 -0.6040361 -0.99134475 0.0
