-0.5078391 5.362094 -0.51516485 -1.1433862 -0.11368879 -0.951861 -0.9468981 -0.93107235 0.0
5.9202647 -1.1360866 -1.0309224 -1.0631355 -0.18334852 -1.0037237 -0.77363086 -1.2258352 0.0
-0.62653047 -0.46350145 -0.7604222 -0.49751028 -0.58893716 -0.73769724 -0.420386 -0.6810592 4.9537263
-0.46751237 -0.6056748 -0.6977102 -0.5926109 -0.57758695 -0.7531009 -0.88580644 -0.4949422 5.0343165
-0.4095621 -0.49315378 -0.61537313 -0.6695276 -0.5935257 -0.36663178 -0.5640454 -0.86810076 4.834128
-0.93196136 5.209234 -0.4174858 -1.1876736 -0.9678502 -1.0030599 -0.6775767 -1.0998392 0.0
-0.9387244 -0.66310674 -0.7268187 -0.60880566 -0.5083665 -0.8697528 -0.56418806 -0.5527163 5.2001677
-0.54655874 -0.57446086 -0.5914169 -0.75039274 -0.6218491 -0.6531786 -0.6661435 -0.46656248 4.7946796
-0.7214596 -0.9925907 -0.6353367 -0.609793 -0.5683152 -0.5716979 -0.5658008 -0.5646027 5.076995
5.4366283 -0.7816893 -1.0688072 -1.1097655 -0.84473777 -0.97315645 -0.6383368 -0.8209386 0.0
-0.56056374 -0.8906885 -0.7102452 -0.51189005 -0.618432 -0.5656146 -0.5102741 -0.6600154 4.868562
-0.8533806 -0.7640415 -0.43370005 -0.6472674 -0.44050777 -0.53421044 -0.60590196 -0.68583447 4.9707646
-0.5270889 -0.42119125 -0.6196998 -0.5823684 -0.5746052 -0.5365528 -0.58995336 -0.8010499 4.8208833
-0.92635155 -0.94971454 -0.7741823 -1.0704726 -0.806839 -1.0850326 5.3747945 -0.9317178 0.0
-0.672361 -0.650538 -0.700203 -0.80884176 -0.30153587 -0.63990134 -0.7513503 -0.5655567 4.9416914
-0.7225115 -0.6327581 -0.7201523 -0.7903215 -0.6761433 -0.6500357 -0.45002782 -0.7936038 5.1876764
-0.5279791 -0.4907894 -0.6142667 -0.68302053 -0.6102372 -0.69155824 -0.864579 -0.49757513 4.9783044
5.3683896 -0.82834715 -0.62997985 -0.70602477 -0.8310073 -0.9474937 -0.93706083 -0.99750787 0.0
-0.81835705 -0.60324514 -0.4491388 -0.7206792 -0.5581716 -0.67315435 -0.3962918 -0.72021115 4.911146
-0.5566415 -0.24107467 -0.6747817 -0.6752243 -0.5288879 -0.5224199 -0.59877545 -0.8192725 4.799562
-0.6699859 -0.6652996 -0.53715754 -0.7425056 -0.5689464 -0.46055794 -0.6520051 -0.60861504 4.9618855
-0.8525982 5.5746922 -0.778759 -0.8085354 -0.75134987 -0.94624794 -0.8385212 -1.0149504 0.0
