0.64034957 4.085052 -0.72787106 -1.4326112 2.1359496 -0.6505175 -1.2739958 -1.5602632 0.0
3.721844 -1.1061375 -0.453793 -1.3280184 1.9929038 -0.51813024 -0.5990439 -1.4111967 0.0
-0.5177079 -0.6019129 -0.72501785 -0.779695 -0.6422606 -0.56803095 -0.7532574 -0.8308093 5.1509886
-0.5142149 -0.7054258 -0.5485957 -0.80050933 -0.37894422 -0.72066367 -0.6184625 -0.98251635 5.0686865
-0.81605667 -0.5168122 -0.61314267 -0.7841558 -0.5502812 -0.5767135 -0.7401581 -0.9522984 5.138926
-0.5155946 2.3980048 1.1929495 -1.3658348 -0.44630432 -0.6652449 0.4252952 -1.1262791 0.0
-0.69932514 -0.7669192 -0.3763339 -0.7593417 -0.63746446 -0.6780777 -0.5933558 -0.53649276 4.933703
-0.53442484 -0.5621667 -0.46738833 -0.5156258 -0.5737378 -0.5643764 -0.53741634 -0.5610663 4.504618
-0.65768456 -0.62902236 -0.44822237 -0.8075162 -0.56304073 -0.63459766 -0.5936413 -0.8532519 4.9621234
3.552511 -0.857133 -0.5282524 -1.0544641 0.061156493 -0.6626307 0.01315148 -1.0268993 0.0
-0.5306124 -0.6603187 -0.53092617 -0.65613264 -0.41337776 -0.62344944 -0.6569345 -0.66675156 4.8404317
-0.6647235 -0.63933825 -0.65203756 -0.64174205 -0.5743916 -0.65086323 -0.57946 -0.575619 4.93564
-0.55767435 -0.7011179 -0.66312057 -0.6500461 -0.53574216 -0.48619938 -0.6853912 -0.68215686 4.967012
-0.56506044 -0.011309657 -0.748591 -0.72317326 0.0509902 -0.29440084 2.953734 -1.0174096 0.0
-0.5440126 -0.55947155 -0.61299074 -0.6181658 -0.48682874 -0.5181003 -0.6463068 -0.76846313 4.8566236
-0.71087337 -0.5550459 -0.7314508 -0.88721544 -0.47670457 -0.5657491 -0.606682 -0.67456156 5.02808
-0.4934256 -0.718824 -0.68962866 -0.69837636 -0.45669392 -0.73877805 -0.61952424 -0.6907894 5.0333843
3.9592006 -0.75638866 -0.45735946 -0.95003706 -0.555376 -0.64912933 -0.48265186 -0.9435748 0.0
-0.67453265 -0.6051019 -0.6731502 -0.88561374 -0.48692554 -0.5006775 -0.6731505 -0.9501111 5.0682797
-0.5503306 -0.4892214 -0.6253855 -0.8807334 -0.57908344 -0.7160008 -0.61769277 -0.87811965 5.0491595
-0.7257107 -0.5246683 -0.7167541 -0.80908805 -0.48409054 -0.47335804 -0.6668339 -0.8210791 4.996039
-0.58169156 4.6830835 -0.80255353 -1.0365255 -0.24868682 -0.6136788 -0.74487424 -1.0164484 0.0
