-0.36660552 5.251787 -0.48507795 -0.919137 -0.255446 -0.9579705 -0.934419 -0.8951144 0.0
6.012271 -1.2800351 -0.92774826 -0.9609859 -0.35677862 -0.8997294 -0.8409462 -1.1850958 0.0
-0.60326207 -0.5738353 -0.73050463 -0.4409045 -0.5429713 -0.65230536 -0.36814076 -0.8008234 4.9234276
-0.35016853 -0.52124834 -0.72266555 -0.55824065 -0.45678544 -0.69478124 -0.96209973 -0.5187755 4.9363494
-0.44507226 -0.5248174 -0.6451842 -0.6196039 -0.66537327 -0.5040231 -0.72255623 -0.9821493 5.0001025
-0.8678035 5.3115215 -0.6780069 -0.98026985 -1.039497 -0.93255454 -0.6403685 -1.0898526 0.0
-0.80854774 -0.69865066 -0.73192334 -0.48573846 -0.5076755 -0.77336663 -0.42490417 -0.66985834 5.0942135
-0.5408621 -0.6616773 -0.7646464 -0.7421297 -0.54880494 -0.54881984 -0.70148027 -0.42804456 4.841632
-0.60827154 -0.9454881 -0.5991333 -0.7248387 -0.40397394 -0.60026246 -0.6970761 -0.49067014 5.0282907
5.569705 -0.95557946 -1.0426883 -0.9947112 -0.87120765 -0.85519063 -0.78347194 -0.89818364 0.0
-0.44322664 -0.96733254 -0.6420098 -0.5410218 -0.6864092 -0.61427253 -0.5362565 -0.70764047 4.913392
-0.8836632 -0.7202921 -0.64470667 -0.57193416 -0.38548207 -0.4899729 -0.6307896 -0.49590293 4.9158034
-0.5651231 -0.24476737 -0.78839695 -0.7749987 -0.6214871 -0.44320554 -0.5580069 -0.9138585 4.9252596
-1.0204443 -1.0951122 -0.9146984 -1.0206896 -0.91513896 -1.0712179 5.5609956 -0.7584613 0.0
-0.6530468 -0.63823617 -0.6392662 -0.8199996 -0.11016397 -0.51908726 -0.6722048 -0.59519845 4.817949
-0.6172254 -0.5715336 -0.7288659 -0.8161369 -0.60232353 -0.51955414 -0.47988376 -0.5861434 5.0312176
-0.5072342 -0.5566757 -0.44414774 -0.7522677 -0.5165388 -0.7214444 -0.8724095 -0.5448636 4.968363
5.4005156 -0.66023237 -0.66651 -0.78993696 -0.91752464 -0.9484476 -0.99140126 -0.8793212 0.0
-0.5548582 -0.67321235 -0.4547685 -0.8203207 -0.59234834 -0.50754684 -0.35345554 -0.7195333 4.8343353
-0.626485 -0.31848422 -0.65942574 -0.76738214 -0.41584638 -0.5890138 -0.68342537 -0.7516441 4.8695464
-0.66950214 -0.56520206 -0.5752913 -0.70025766 -0.52627254 -0.38311175 -0.7547835 -0.56660634 4.8964
-0.8526561 5.402017 -0.73333687 -0.66984373 -0.69252264 -0.8640197 -0.64663506 -0.96629095 0.0
