-0.72778326 5.3332443 -0.3340215 -1.1359671 -0.47674608 -0.74043006 -0.8916404 -0.9692613 0.0
6.311092 -1.1117193 -0.9349971 -0.54706216 -1.041975 -0.95114636 -0.12640962 -1.1891388 0.0
-0.77221173 -0.54442704 -0.45138335 -0.5953215 -0.24954937 -0.34990597 -0.36932138 -0.30586213 4.5494514
-0.4917501 -0.2867247 -0.6194402 -0.026821466 -0.29190713 -0.44159535 -0.7577566 -0.8863314 4.6355805
-0.38417074 -0.5674094 -0.6903907 -0.5848031 -0.48935923 -0.10410825 -0.5989883 -0.44676942 4.5623155
-0.8364593 5.5408583 -0.9999167 -0.4780914 -0.9334006 -0.49687445 -1.0102867 -1.1057799 0.0
-0.5201623 -1.1822618 -0.20476311 -0.5794742 0.22681041 -0.4705012 -0.46281278 -0.6451211 4.3670387
-0.35541835 -0.675047 -0.40394363 -0.6417731 -0.76857233 -0.31262228 -0.71593165 -0.45446265 4.694823
-0.51031095 -0.6810102 -0.55230343 -0.29787514 0.26289937 -0.59521496 -0.5513394 -0.8439852 4.5573125
6.1487846 -0.7055515 -0.9360909 -0.5238751 -0.96058434 -0.9989469 -0.74482137 -1.2470378 0.0
-0.419748 -0.6080997 -0.95037305 -0.15265705 0.0849138 -0.7040654 -0.9495062 -0.72953707 4.935861
-0.5460927 -0.55816716 -0.061559662 -0.6926002 -0.60544455 -0.7910022 -0.34325492 -0.78343433 5.0245757
-0.23538104 -1.0462513 -0.5492897 -0.24250695 -0.6430819 -0.4364582 -0.68703514 -0.7265447 4.938567
-0.6971171 -1.2045391 -0.7633005 -1.1175022 -0.7503964 -1.2198913 6.3245287 -1.0468926 0.0
-0.40453908 -0.5155786 -0.9927473 -0.29031742 -0.4334124 -0.5851024 -0.6459106 -0.46961054 4.892231
-0.7220552 -0.58087367 -0.5723747 -0.1707638 -0.3894167 -0.71978635 -0.35450938 -0.53324693 4.7165613
-0.28031775 -0.9306907 -0.65476626 -0.797183 0.06451481 -0.40419608 -0.77762055 -0.74094087 4.7488804
6.037767 -0.93678886 -0.72714746 -0.992631 -0.8076794 -0.9621752 -0.9799254 -0.59444207 0.0
-0.08186828 -0.18045352 -0.69738394 -1.0328413 -0.35609016 -0.22421232 -0.52671266 -0.74929786 4.4547143
0.063763954 -0.52564675 -0.8725754 -0.7310944 -0.48716122 -0.49729255 -0.6692914 -0.5550244 4.6966434
-0.17618519 -0.58141303 -0.19144502 -0.65377605 -0.7177459 -0.60748994 -0.4069735 -0.8832434 4.7746577
-0.5219506 5.9620495 -0.91395694 -1.2211753 -0.75756216 -0.97915024 -0.6167279 -0.74488384 0.0
