-0.36902562 5.259464 -0.38836953 -0.97559685 -0.50250816 -0.8971396 -0.86042064 -0.90942883 0.0
5.7496734 -1.1325299 -0.8266696 -0.947059 -0.50735945 -0.55850166 -0.5049645 -1.0522461 0.0
-0.45196867 -0.67873144 -0.71443546 -0.3938035 -0.24858478 -0.39871573 -0.37346527 -1.0954336 4.7723284
-0.54183567 -0.5546904 -0.6284408 -0.6056083 -0.3558293 -0.5658115 -0.9405575 -0.6415194 4.9937067
-0.3612441 -0.7283059 -0.3430955 -0.6782281 -0.32935488 -0.6357772 -0.7956215 -0.93236625 5.0249267
-0.85801476 5.2329216 -0.6724411 -0.54432786 -0.7351115 -1.0698454 -0.7521922 -1.0339208 0.0
-0.710841 -0.6799242 -0.61505646 -0.57582676 -0.062733755 -0.6096462 -0.5396464 -0.70194584 4.846455
-0.5341771 -0.9456239 -0.3361069 -0.7579415 -0.5075157 -0.73234665 -0.6468362 -0.06692927 4.7552295
-0.43662617 -0.90334445 -0.40810406 -0.6284673 -0.42575496 -0.57482785 -0.52661043 -0.48657203 4.7890377
5.6418476 -0.842045 -0.71074766 -0.81576043 -0.8548136 -0.88280153 -0.9406052 -0.89772993 0.0
-0.60947776 -0.18478893 -0.43438596 -0.8996921 -0.5293882 -0.5570498 -0.44664267 -0.41869757 4.6600475
-0.7607229 -0.5973393 -0.6393106 -0.77751297 -0.4323877 -0.7449137 -0.661907 -0.41173598 5.0427237
-0.6702092 -0.87831944 -0.6784874 -0.47667325 -0.6415188 -0.6112963 -0.4280684 -0.626449 4.990223
-0.90280396 -1.1123691 -0.85716355 -0.8023557 -0.88054085 -0.92041034 5.6258674 -0.9296515 0.0
-0.8541978 -0.6441447 -0.5442316 -0.643658 -0.3542995 -0.5804343 -0.46945125 -0.6074798 4.7820334
-0.67445564 -0.6390651 -0.6136164 -0.73891854 -0.23643449 -0.45099542 -0.43025038 -0.62021136 4.804361
-0.80301476 -0.86984265 -0.6298932 -0.28580552 -0.3387166 -0.6272567 -0.49498272 -0.58462733 4.8359785
5.5255322 -0.52149373 -0.77951527 -0.73305357 -0.93879277 -0.89837366 -0.7052938 -1.0405958 0.0
-0.31162792 -0.63555336 -0.5526815 -0.7180481 -0.7071554 -0.5124681 -0.6340342 -0.82946926 4.9356017
-0.41674912 -0.41030622 -0.90100545 -0.6948139 -0.58895534 -0.6690828 -0.6868475 -0.71161276 4.9777308
-0.46507692 -0.49837562 -0.60477614 -0.7012455 -0.51318944 -0.5096721 -0.45110676 -0.49963483 4.7497277
-0.9330427 5.554906 -0.4688776 -1.3181884 -0.41884357 -0.86968946 -0.86486936 -0.7568074 0.0
