5.4059286 -0.81121194 -0.8957149 -0.9467962 -0.7714769 -0.69823474 -0.44158676 -1.059183 0.0
-0.8626723 -0.9610825 -1.0815428 -0.8273911 -1.4869678 -0.8557851 6.1010375 -1.0606393 0.0
-0.23219438 -0.36799332 -0.36872414 -0.72533053 -0.7783157 -0.6685638 -0.21848728 -0.8437872 4.0903487
-0.2560314 -0.71172833 -0.93448126 -0.5752068 -0.21269287 -0.24509452 -0.51308066 -0.35930884 3.8984501
-0.2537353 -0.30522868 -0.6267226 -0.41765845 -0.26598886 -0.8853712 -0.7291804 -0.96225435 4.3316975
-0.98989713 -1.1494929 5.1416726 -0.5805155 -0.7168819 -1.0078986 -0.9187017 -0.9695614 0.0
-0.18415785 -0.5522321 -0.8805683 -0.62065476 -0.49669448 -0.501596 -0.31760588 -0.42614236 3.7276332
-0.5704865 -0.31042105 -0.055476766 -0.65939045 -0.5235305 -0.102728605 -0.18605784 -0.20376036 3.2328985
-0.42634284 -0.2956856 -0.1441945 -0.30115134 -0.36028162 -0.22886157 -0.32383835 -0.7749701 3.393906
-0.53529644 -0.97734404 -0.94654614 -0.869462 -0.7062247 -0.8192718 4.664329 -1.0128436 0.0
-0.46758094 -0.2592542 -0.7456334 -0.6041504 -0.46163484 -0.38299936 -0.43171334 -0.24070022 3.6045477
-0.33445922 -0.6603767 -0.37778878 -0.4007253 -0.46646065 -0.30702698 -0.26031217 -0.26519567 3.5688794
-0.42733514 -0.29298717 -0.69700176 -0.7839566 -0.5491256 0.030138575 -0.6738228 -0.54343665 3.8500574
-1.0578722 -1.308116 -0.9996742 4.53364 -0.37029523 -1.2102116 -0.58685136 -0.30350164 0.0
-0.431919 -0.15840174 -0.5606051 -0.124872066 -0.3220252 -0.4116429 -0.5065339 -0.5712137 3.467049
-0.60104334 -0.27747306 -0.5625612 -0.6016524 -0.48812246 -0.5935945 -0.61304545 -0.357237 3.8824153
-0.39343944 -0.2459227 -0.91978616 -0.5508668 -0.3183081 -0.39115918 -0.5383441 -0.54233414 3.788051
0.15464592 -1.1756208 -0.62606597 -0.8041047 4.214612 -1.4019433 -0.849529 -1.0138583 0.0
-0.51682925 -0.4225264 -0.28327307 -0.577827 -0.6448585 -0.44191262 -0.516466 -0.122035675 3.754425
-0.53806823 -0.52481 -0.626168 -0.40253875 -0.27193686 -0.36382288 -0.40578416 -0.5683766 3.9148307
-0.3017186 -0.3533809 -0.7316785 -0.6915293 -0.19694307 -0.5632317 -0.42032853 -0.4031554 3.9223723
4.9709635 -0.8254812 -0.68799955 -0.55558944 -0.750133 -0.8808533 -0.7597713 -0.7797648 0.0
