4.676456 -0.18493891 -0.34452048 -0.7019595 -0.5777669 -0.12660117 -0.26591462 -0.54651386 0.0
-0.34596044 -1.164262 -1.0785542 -0.25988 -0.9046707 -0.67689604 6.28093 -1.0054698 0.0
-0.15550464 -0.34176415 -0.29093063 -0.6674586 -0.8631887 -0.0064570787 -0.7330849 -0.3141936 4.1726217
-0.54120505 -0.09627215 -0.5980134 -0.64437157 -0.5921491 -0.14440823 -0.4399497 -1.0398773 4.142101
-0.35581684 -0.2857305 -0.7406924 -0.5699733 -0.24582666 -0.6385554 -0.6031216 -0.5802974 4.5901666
-0.54946357 -0.9288227 5.347723 -0.27136287 -0.64252 -0.4411631 -1.2882673 -0.8203984 0.0
-0.24539776 -0.24655336 -1.0009496 0.19648232 -0.45825326 -0.63763154 0.2891993 -1.0141991 3.87174
-0.30891323 -0.70083195 -0.45763266 -0.41824678 -0.3086745 -0.5511251 -0.28754976 -0.010522804 3.8211384
-0.5935423 -0.37104657 -0.53999114 -0.20166351 0.053927694 -0.39986232 -0.8780205 -0.09496046 3.975447
-1.5208503 -0.18889667 -0.9977417 -0.5423921 -0.9946925 -1.0640981 5.7042174 -0.40072107 0.0
-0.83195883 0.14186276 -0.17895843 0.31861624 -0.9553699 -0.085697606 -0.18858351 -0.46757632 3.3241224
-0.75301737 -0.24768151 -0.32445532 -0.4420331 -0.6447526 -0.45950326 -0.7160448 -0.37658322 4.736948
-0.8002947 -0.08659242 -0.4420975 -0.66771734 -0.20871699 -0.48876706 -0.61881214 -0.7432342 4.1735234
-0.7791846 -0.8394258 -1.469299 5.510535 -0.49798062 -0.9316163 -0.6996452 -0.48120397 0.0
0.21844307 -0.99255735 -0.38491145 -0.6230055 -0.45749426 -0.38594997 0.08690736 -0.55724627 3.830877
-0.6391008 -0.4960719 0.24596024 -0.6460951 -0.25399482 -0.6543736 -0.886709 -0.6695536 4.2633023
-0.28690904 -0.5022036 -0.27477133 -0.4298068 -0.42309085 -0.27675754 -0.5105808 -0.5398832 3.7461448
-0.48079303 -1.5518405 -0.46426582 -0.70505816 4.8678136 -1.0863824 -0.49427682 -0.69856143 0.0
-0.20900716 0.320719 -0.41581348 -0.07315965 -0.40216577 -0.69119847 -0.32615924 -0.6063801 3.277914
-0.5117486 -0.6767777 -0.669437 -0.6351103 0.17517947 0.010277191 -0.12498453 -0.31030154 3.6552176
0.44483456 -0.058377672 -0.37026182 -0.7089031 0.2291089 -0.22820021 -0.417072 -0.5055615 3.031389
5.438038 -0.60840213 -0.24796791 -0.37051347 -0.9363346 -1.1361266 -0.86917406 -0.5714453 0.0
