4.559326 -0.7402891 -0.74439996 -0.72695315 -0.4422711 -0.61905456 -0.5138149 -1.046895 0.0
-0.7576303 -0.7137414 -0.38616255 -0.9913435 -0.67587876 -1.1251872 4.5501976 -1.0246375 0.0
-0.49821544 -0.6620041 -0.41519076 -0.48368254 -0.5174294 -0.3289869 -0.43256465 -0.6563008 4.050397
-0.54012966 -0.49094355 -0.40823686 -0.4911962 -0.3307141 -0.62215453 -0.42576733 -0.60149914 4.0286407
-0.82124555 -0.6499508 -0.40603235 -0.5181344 -0.53450185 -0.41253278 -0.4733073 -0.5971797 4.3387957
-0.9432597 -1.4181951 2.6740403 1.0540302 -0.66382074 -1.2495558 0.4513821 -0.39351618 0.0
-0.62372017 -0.800205 -0.5601689 -0.6051142 -0.3569847 -0.5253264 -0.5520617 -0.33765304 4.14903
-0.61187226 -0.5002498 -0.6134694 -0.4615413 -0.55498827 -0.5205943 -0.5085623 -0.42819896 4.028676
-0.62300885 -0.51509905 -0.56507736 -0.57479846 -0.28968406 -0.43125498 -0.5254246 -0.544309 3.9832768
-0.0021284579 -0.71679705 0.4632236 -0.5825087 0.44731048 -0.7822623 1.5295484 -0.43576622 0.0
-0.39802662 -0.48032266 -0.6573093 -0.5764499 -0.55477095 -0.3608317 -0.34702113 -0.46026137 3.9224162
-0.85333323 -0.59738064 -0.4965459 -0.47272605 -0.37583643 -0.33880875 -0.3286601 -0.5823178 4.110589
-0.6149781 -0.6511575 -0.42127258 -0.4971124 -0.40142685 -0.40522814 -0.53785187 -0.46990293 4.0575166
-0.8605029 -1.1536345 -0.5518762 1.6820964 1.0487777 -1.1145672 -0.35461128 1.0340855 0.0
-0.43736202 -0.7134953 -0.41056386 -0.46149588 -0.48731795 -0.5118966 -0.49277103 -0.48326477 4.031221
-0.546877 -0.47108164 -0.46573815 -0.5216556 -0.4616049 -0.44823077 -0.46086064 -0.4024945 3.9146256
-0.49173495 -0.5101051 -0.6289229 -0.5337577 -0.5167412 -0.528917 -0.49115163 -0.46841154 4.1613717
1.1410888 -0.8968731 -0.09769859 -0.43763366 0.97830796 -0.3349109 0.031427152 -0.50997424 0.0
-0.4133395 -0.5505071 -0.5028257 -0.55289644 -0.45741314 -0.46092135 -0.36300725 -0.607026 3.966907
-0.58498913 -0.45850012 -0.43361574 -0.54219323 -0.39902517 -0.44266894 -0.5780486 -0.5642058 4.075342
-0.4860041 -0.45397425 -0.46863556 -0.5729107 -0.37125212 -0.42750484 -0.43791825 -0.63171273 3.9588668
3.899869 -0.5614247 -0.59709954 -0.67471397 -0.54519576 -0.5951516 -0.42799008 -0.848799 0.0
