4.913236 -0.15255426 -0.28543165 -0.42561257 -0.5418976 -0.118302085 -0.55069435 -0.42329767 0.0
-0.28660777 -1.1025927 -1.0183516 -0.22476876 -0.75397646 -0.44316155 6.0910244 -0.97211355 0.0
-0.13174742 -0.21138458 -0.23265836 -0.32942092 -0.8254765 0.077555746 -0.31678364 -0.1884526 3.627188
-0.37489122 -0.3128842 -0.1406375 -0.6576253 -0.4686845 -0.21805802 -0.35418412 -1.0342168 3.9386306
-0.29718477 0.054077018 -0.54271 -0.71251506 -0.111956194 -0.5838811 -0.3266502 -0.4124758 4.3738647
-0.2752311 -0.8356996 5.547233 -0.56989086 -0.429115 -0.38800332 -1.1616143 -0.59711933 0.0
-0.08605357 -0.27431846 -0.9458403 -0.23567392 -0.1409575 -0.39155194 -0.037207447 -0.92583466 3.9284782
-0.4355439 -0.6276771 -0.90640557 -0.63766897 -0.23974822 -0.7568738 -0.01785593 -0.27721012 4.2202396
-0.31565526 -0.23463486 -0.26590353 0.20433776 -0.16910839 -0.55695885 -0.81167877 -0.26358566 3.7304282
-1.3881011 -0.1667544 -0.708313 -0.30761322 -0.95461184 -0.9772236 5.5200276 -0.27562764 0.0
-1.1404945 0.52541316 -0.47287366 0.26037586 -0.7389196 -0.28836304 -0.46802402 -0.2019534 3.7630823
-0.63344014 -0.20362775 -0.18516548 -0.12399952 -0.5784431 -0.5246561 -0.5854474 -0.6160633 4.6198792
-0.6779011 0.12652811 -0.36645508 -0.5842579 -0.14014493 -0.42485958 -0.35100892 -0.554783 3.706535
-0.6782433 -0.7590906 -1.2996942 5.2245355 -0.26449087 -0.71277463 -0.51364666 -0.47699282 0.0
-0.0055810865 -0.82941735 -0.02491243 -0.5123475 -0.36243215 -0.23200202 -0.17867471 -0.39726484 3.5898352
-0.50590897 -0.30451962 0.10642786 -0.54305315 -0.17101187 -0.23611802 -0.55934995 -0.22703199 3.624674
-0.13587472 -0.2507661 -0.47484398 -0.4481563 -0.5659787 -0.14626499 -0.30482867 -0.27271342 3.7179492
-0.42655897 -1.286114 -0.747166 -0.27020237 5.0966673 -0.75164396 -0.4180089 -1.1942493 0.0
-0.262945 0.26963788 -0.07147589 0.22460221 -0.46393728 -0.5721103 -0.24190532 -0.5711874 2.787894
-0.61091334 -0.35225365 -0.6420612 -0.43572867 0.3524314 0.11126334 -0.08536543 -0.20735613 3.3588803
0.204907 -0.15694918 -0.6526027 -0.34657136 -0.34461346 -0.11464954 -0.41119117 -0.32166433 3.3610454
5.175453 -0.36957398 -0.14087419 -0.22182406 -0.6326356 -1.0722939 -0.74431425 -0.5479446 0.0
