2.636201 0.1235147 -0.7525715 -1.0225638 0.65644205 0.14410445 -0.29783133 -1.2863466 0.0
-0.10014212 -0.0326609 0.25789356 -0.41109478 0.2504557 -0.52729535 1.8873602 -0.74424756 0.0
-0.7514153 -0.5928291 -0.34028298 -0.583555 -0.32169464 -0.53465426 -0.49794924 -0.8078257 3.776592
-0.6964496 -0.5172763 -0.23365507 -0.7394635 -0.0049085203 -0.7021524 -0.8346606 -0.71197724 3.5358965
-0.6946949 -0.9138127 -0.16844177 -0.113283224 -0.5790994 -0.35764372 -0.5930358 -0.7977796 3.7598226
-0.48625925 -0.5270146 1.0432321 0.7685652 -0.12925166 -0.71756727 0.46450204 0.09617881 0.0
-0.3377451 -0.81492305 -0.5429546 -0.4798968 -0.49568015 -0.39979348 -0.30666757 -0.28837493 3.1761723
-0.84414715 -0.37185708 -0.55615723 -0.37403494 -0.5685465 -0.2372244 -0.32227203 -0.062003482 2.8566546
-0.8163712 -0.5042602 -0.45308423 -0.48413154 -0.4522698 -0.53599787 -0.10374776 -0.34724748 3.159707
0.07631623 -0.34201398 0.42788962 -0.4370571 0.24779531 0.05853974 0.5388472 -0.2028602 0.0
-0.4073255 -0.4896379 -0.6318914 -0.43182406 -0.3385723 -0.47668624 -0.43867669 -0.6504844 3.5921228
-0.6099127 -0.5684327 -0.64151245 -0.7045698 -0.494169 -0.4678235 -0.5943699 -0.52125305 3.8785803
-0.7124757 -0.4862036 -0.52771944 -0.63349426 -0.47703445 -0.3869394 -0.54044646 -0.6291345 4.031333
-0.36354306 -0.59057635 -0.26576072 0.7912885 0.6902254 -0.6042325 0.17992985 0.33841196 0.0
-0.5443378 -0.6346944 -0.52115726 -0.5365243 -0.2833971 -0.60352564 -0.47383785 -0.6972579 3.7306538
-0.71135354 -0.52704847 -0.39158857 -0.60896826 -0.48045087 -0.35879403 -0.6795041 -0.61096436 4.0803423
-0.55980754 -0.42857397 -0.60524684 -0.5490814 -0.48024592 -0.7492282 -0.5183879 -0.47987124 3.9045146
0.23965049 -0.49576288 0.2744084 -0.3321763 0.37118372 0.18963566 0.13191724 -0.16626549 0.0
-0.45976898 -0.3915361 -0.5575122 -0.7998727 -0.47238675 -0.42609888 -0.54402196 -0.77720827 3.963197
-0.5306135 -0.59664845 -0.41771254 -0.7017042 -0.37628418 -0.43250555 -0.58159935 -0.63824 4.0727444
-0.37976012 -0.2014215 -0.6241859 -0.8045611 -0.34674695 -0.429677 -0.63250893 -0.79063725 3.803057
2.55694 -0.5286505 -0.031025674 -0.7632199 -0.16298765 -0.32248622 -0.26963314 -0.74295515 0.0
