4.797068 -0.22049768 -0.56910694 -0.8290013 -0.60816646 -0.13716236 -0.3219346 -0.59554094 0.0
-0.36878896 -1.1859852 -1.0994264 -0.27301052 -0.959774 -0.77830374 6.355029 -1.0517027 0.0
-0.17926574 -0.36249006 -0.29440248 -0.76175696 -0.46471465 0.087225035 -0.6110317 -0.6125881 3.9021566
-0.6130967 -0.06611109 -0.4643334 -0.65229654 -0.37366217 -0.16205814 -0.47171837 -0.6926085 3.8738694
-0.37793908 -0.19544907 -0.8142324 -0.6071015 -0.3941442 -0.31127807 -0.66661143 -0.71097493 4.4549766
-0.69463784 -0.7489682 5.2518935 -0.28171286 -0.73698574 -0.46084005 -1.1759468 -0.91781557 0.0
-0.29396042 -0.28533858 -0.7328079 0.07484562 -0.52946436 -0.6062774 0.17324091 -0.8496156 3.6251385
-0.39088857 -0.4681693 -0.79432654 -0.6839403 -0.23915431 -0.8282716 -0.031373814 -0.011931151 3.8396087
-0.77614367 -0.415169 -0.5865492 -0.43907464 0.0705164 -0.5027668 -0.60767806 0.18305567 3.8117313
-1.5687709 -0.19676065 -1.1208252 -0.65745544 -0.7571453 -0.8132032 5.355547 -0.45539457 0.0
-0.8770324 0.114950225 -0.1513067 -0.0022798895 -0.81067497 -0.18518753 -0.41134793 -0.36384103 3.443511
-0.78963876 -0.32432747 -0.40340436 -0.4923544 -0.45150492 -0.32627055 -0.50063026 -0.5603113 4.473457
-0.83687305 -0.115386 -0.4279826 -0.6663621 -0.3424846 -0.6631952 -0.74920017 -0.81959385 4.298448
-0.8167788 -0.8684931 -1.531867 5.4877467 -0.63046455 -0.9721994 -0.7763253 -0.19962385 0.0
-0.048253782 -0.9958874 -0.47576603 -0.49961993 -0.5320674 -0.5288609 0.062496636 -0.4180054 3.947037
-0.6916751 -0.58256453 0.20442374 -0.44561508 -0.13519819 -0.6937981 -0.97013646 -0.89506835 4.2598786
-0.30568555 -0.6258245 -0.10525346 -0.5843142 -0.39393538 -0.26829004 -0.71082157 -0.72322077 3.8616436
-0.5103217 -1.4389377 -0.64055324 -0.9169171 5.0361137 -1.2302259 -0.5230819 -0.72764355 0.0
-0.2189112 0.018748838 -0.5431852 -0.4464438 -0.75430435 -0.69987965 -0.39963207 -0.33931696 3.7141058
-0.51542634 -0.43228424 -0.45172885 -0.4966959 0.02170555 -0.1842469 -0.4276784 -0.6543854 3.7738175
-0.42797828 -0.55557704 -0.46503732 -0.39641333 -0.012991401 -0.15288782 -0.25543168 -0.3538498 3.5138395
5.3055806 -0.72381425 -0.23729241 -0.41574502 -1.042463 -0.9037988 -0.9063987 -0.713098 0.0
