0.94194657 0.7509071 0.7467251 0.752015 0.73457605 0.8552853 0.7531029 0.74116886 0.0
0.9398196 1.1739767 0.7407913 0.74709225 0.8189917 0.7414492 0.75148785 0.7422597 0.0
0.75012344 0.7423698 0.74340737 0.7486722 0.74460346 0.7402976 0.75265443 0.7461033 0.78002465
0.7610174 0.75017 0.74593097 0.74363136 0.7509928 0.75392306 0.73672724 0.7435249 0.7656907
0.7430083 0.747147 0.74707425 0.74527717 0.7773031 0.74530953 0.7449043 0.74505615 0.76550895
0.75343996 0.7677047 0.75583684 0.75984603 0.7708543 0.7434845 0.7814119 0.7614937 0.0
0.7469833 0.7437246 0.74460256 0.7445045 0.7492802 0.75074744 0.74778926 0.7415322 0.75542456
0.7418182 0.74845636 0.7412679 0.7488435 0.74827564 0.7459167 0.7480118 0.7475134 0.7545261
0.7453338 0.74364644 0.74772376 0.74606293 0.74545264 0.7431251 0.7500872 0.7450461 0.7564014
0.75884545 0.7517929 0.7552952 0.7482467 0.7491562 0.7608077 0.7639711 0.74909616 0.0
0.74601746 0.74485254 0.74417025 0.74349743 0.74541855 0.74691355 0.74707246 0.7452661 0.76443005
0.744903 0.7471136 0.74504447 0.7439167 0.7453555 0.7454358 0.74648154 0.74422413 0.76829404
0.7425843 0.7445771 0.7470696 0.744426 0.74627703 0.7467333 0.7446341 0.7462918 0.7685058
0.7427486 0.75660574 0.7501038 0.73865014 0.76264215 0.75789315 0.7542853 0.75264007 0.0
0.7446813 0.74618274 0.7462499 0.7450229 0.74688584 0.74487287 0.74677896 0.7441503 0.7675528
0.7443338 0.74690413 0.7465171 0.7433492 0.74714756 0.74554014 0.74581355 0.7445648 0.77033633
0.7454136 0.7461107 0.7451351 0.7432799 0.74712634 0.74454015 0.7452193 0.74430877 0.79068804
0.7636281 0.7481206 0.7558029 0.7439793 0.74788094 0.75560737 0.75149995 0.7391967 0.0
0.74879295 0.74490565 0.7448493 0.743532 0.7479466 0.7468948 0.74627554 0.7426877 0.7841424
0.74670845 0.747844 0.7456072 0.74324274 0.74888223 0.7461369 0.7448496 0.74312246 0.78038967
0.74566054 0.74817085 0.7478562 0.742554 0.7481376 0.7476152 0.74443406 0.7421513 0.7779552
0.76038265 0.7806624 0.74952626 0.74184567 0.7430641 0.749607 0.7505997 0.745418 0.0
