4.7364273 -0.21681254 -0.37953794 -0.7726711 -0.59661394 -0.12630747 -0.29653302 -0.57402545 0.0
-0.3589308 -1.176724 -1.0907412 -0.26736128 -0.9327267 -0.7335705 6.323061 -1.0318432 0.0
-0.13954163 -0.37571865 -0.3013238 -0.7179105 -0.75501966 -0.003925378 -0.6944115 -0.3331302 4.0946193
-0.58147717 -0.062445875 -0.4246951 -0.66959584 -0.37835062 -0.1559782 -0.4578643 -1.0704523 4.0635324
-0.3703569 -0.28047135 -0.7821969 -0.58017737 -0.3085702 -0.34300002 -0.5960701 -0.6768421 4.406535
-0.6289092 -0.9496068 5.406099 -0.27764052 -0.69531715 -0.45238385 -1.3144197 -0.8753255 0.0
-0.29088154 -0.27213278 -1.0059983 0.33104128 -0.5151907 -0.64490527 0.385006 -0.79374206 3.7587745
-0.3550575 -0.7115476 -0.4802067 -0.49204233 -0.22770363 -0.773506 -0.030697148 0.030238487 3.7961226
-0.52777684 -0.39479786 -0.5675166 -0.38400465 0.09883899 -0.45819137 -0.6112345 0.19808178 3.6285949
-1.5482677 -0.19325949 -1.0668794 -0.6059542 -0.7106681 -1.080338 5.500941 -0.43113843 0.0
-0.8580066 0.106116116 -0.17180058 0.15697058 -1.0047758 -0.22838193 -0.3938937 -0.49380654 3.5480595
-0.7737749 -0.2891175 -0.3723126 -0.48181072 -0.38815808 -0.48187962 -0.46272206 -0.4155099 4.472692
-0.82622874 -0.11108533 -0.3806794 -0.6959236 -0.41760314 -0.5792878 -0.6909143 -0.7862981 4.2781634
-0.8006198 -0.8560467 -1.5050151 5.563648 -0.57013977 -0.9349993 -0.7431628 -0.49450603 0.0
0.07395673 -1.0259608 -0.48238012 -0.488033 -0.51901674 -0.46289855 0.049715295 -0.5692198 3.9328938
-0.66889614 -0.5422792 0.22276127 -0.42532298 -0.24209173 -0.7002729 -0.97458357 -0.8087691 4.22399
-0.3508973 -0.5702659 -0.16741359 -0.4611983 -0.37141755 -0.26836073 -0.56832564 -0.6448752 3.7701926
-0.4919327 -1.3774556 -0.6776067 -0.8670055 5.0148764 -1.1670096 -0.5106979 -0.73089087 0.0
-0.23049143 0.09368967 -0.4914419 -0.47710043 -0.6047956 -0.6622217 -0.55285907 -0.32928145 3.6855314
-0.45987132 -0.601617 -0.4019013 -0.73639816 0.26656833 -0.25391945 -0.37872556 -0.4817837 3.6560497
-0.27256346 -0.3127585 -0.38314065 -0.45628947 -0.012346711 0.065422304 -0.1653054 -0.27461717 3.2378693
5.2365904 -0.67262274 -0.27624333 -0.38925633 -0.9870101 -0.8641812 -0.8959299 -0.6491886 0.0
