5.493202 -0.6263708 -0.9548378 -0.7268025 -0.8649663 -0.6965826 -0.62426764 -1.0861733 0.0
-0.83671767 -0.7462469 -0.8020372 -1.0462096 -1.1611837 -1.0055475 5.935079 -0.9305723 0.0
-0.38965464 -0.8219049 -0.4033 -0.64680326 -0.26773754 -0.29843393 -0.18493384 -0.7379293 3.9748683
-0.57025576 -0.25958717 -0.9616953 -0.7036187 -0.16172001 -0.6389448 -0.57003105 -0.43880254 4.1872616
-0.43704736 -0.12981606 -0.47381088 -0.5433505 -0.25493395 -0.99259514 -0.7234717 -0.70338404 4.346738
-1.2998995 -1.0763736 5.3531094 -0.82900125 -0.71280545 -0.74908346 -0.87200207 -0.9872419 0.0
-0.3573656 -0.5856669 -0.9326019 -0.43182835 -0.45709527 -0.5388615 -0.20683156 -0.4156049 3.7700124
-0.6602591 -0.46945912 -0.49485293 -0.60013914 -0.5630056 0.044747807 -0.46927786 -0.7149343 3.7633781
-0.8788973 -0.48009327 -0.27290845 -0.24567491 -0.41550025 -0.23128523 -0.5265865 -0.5972676 3.7001233
-0.79282445 -0.9175083 -0.91150546 -0.9214724 -1.0297267 -1.1943165 5.219748 -1.0245526 0.0
-0.5074577 0.16326255 -0.89336175 -0.3865519 -0.2916193 -0.50974923 -0.3831138 -0.5801708 3.5179372
-0.5693091 -0.77925026 -0.7305087 -0.75053525 -0.6425859 -0.30114672 -0.19841768 -0.6374003 4.1633215
-0.21441275 -0.249902 -0.8890256 -0.80838215 -0.5399198 -0.3217623 -0.70748574 -0.68709224 4.061382
-1.0630383 -1.4269347 -0.89726144 4.762601 -0.67465407 -1.0157796 -0.84639394 -0.08779041 0.0
-0.6258471 -0.391242 -0.8794862 -0.35182834 -0.4559351 -0.31649232 -0.25483674 -0.24997029 3.6718962
-0.7037998 -0.27432126 -0.5829753 -0.5660136 -0.29690546 -0.30856133 -0.7861973 -0.52713156 3.8952918
-0.45308745 -0.44884145 -0.16868035 -0.55356246 -0.2360387 -0.5006329 -0.57264566 -0.59224296 3.6336346
0.03514975 -0.8959285 -0.98757094 -0.8904292 4.533295 -1.3622706 -0.968953 -0.95366484 0.0
-0.12730514 -0.6411182 -0.37672177 -0.6013374 -0.5415013 -0.30226335 -0.34331006 -0.2176398 3.607775
-0.49020702 -0.41856763 -0.7228755 -0.14375047 -0.5096732 -0.33744764 -0.16691698 -0.6153354 3.8378003
-0.31058225 -0.5672984 -0.87775785 -0.76874673 -0.23408294 -0.40084872 -0.40275112 -0.4175674 4.090353
5.177567 -0.9763454 -0.54193234 -0.6778008 -0.95459557 -0.75556344 -0.9027385 -0.8036335 0.0
