5.414952 -0.59404904 -0.9240844 -0.71080834 -0.8464521 -0.68476284 -0.5473579 -1.0637299 0.0
-0.82763875 -0.8015609 -0.77925277 -1.0260494 -1.1344343 -0.9832036 5.9304705 -0.9353887 0.0
-0.37943894 -0.79626304 -0.40391278 -0.59656304 -0.22711685 -0.1527584 -0.023487775 -0.6391532 3.773565
-0.6234182 -0.23836699 -0.926935 -0.6188003 -0.15557314 -0.64806783 -0.59263635 -0.41090822 4.161737
-0.47240615 -0.13461797 -0.3761586 -0.5129456 -0.30088097 -0.9342948 -0.6892884 -0.82283604 4.358155
-1.2688576 -1.2135236 5.451442 -0.6812887 -0.7301007 -0.71971387 -0.8674479 -1.1970896 0.0
-0.4005403 -0.63268733 -0.8396387 -0.48327634 -0.30767244 -0.552653 -0.20025559 -0.36238202 3.6749918
-0.64841765 -0.43124524 -0.5218611 -0.58142364 -0.5244467 -0.11804783 -0.56261194 -0.7586964 3.8622599
-0.83937335 -0.4147158 -0.22200528 -0.24419399 -0.35945028 -0.30390716 -0.52965915 -0.53914 3.6309257
-0.8775852 -0.8100697 -0.8798092 -0.87823266 -1.0168933 -1.1839366 5.190114 -1.0114238 0.0
-0.33892322 0.13852161 -0.98394203 -0.37346274 -0.23008397 -0.49281448 -0.42068455 -0.43457663 3.4341822
-0.64822423 -0.75226885 -0.71248764 -0.7749761 -0.60958195 -0.17627172 -0.21408476 -0.56749463 4.130598
-0.24062991 -0.16400982 -0.9124134 -0.8102432 -0.54142034 -0.38217595 -0.6757979 -0.6628988 4.0490317
-1.0026329 -1.3769915 -1.0911343 4.8593316 -0.6168923 -1.0338004 -0.8281952 -0.2215029 0.0
-0.56278116 -0.42777807 -0.9157988 -0.2864459 -0.5332187 -0.32710412 -0.2640828 -0.4728408 3.7932029
-0.7782256 -0.26933864 -0.56780803 -0.69532776 -0.32195702 -0.33586365 -0.7460863 -0.53893036 3.9692051
-0.49670374 -0.5686156 -0.16690293 -0.57695174 -0.256511 -0.44062442 -0.6444382 -0.64791155 3.7270668
0.029787563 -0.907193 -0.95039845 -0.88395643 4.56139 -1.366762 -0.96283644 -1.0040109 0.0
-0.18862768 -0.77138335 -0.41923586 -0.699644 -0.70274 -0.3160257 -0.32154334 -0.14079979 3.755126
-0.45251328 -0.32683113 -0.66658896 -0.24410139 -0.4848364 -0.42418942 -0.13123247 -0.60756606 3.7983701
-0.3429771 -0.5801164 -0.9238942 -0.7586332 -0.18271305 -0.40077445 -0.38971943 -0.4152114 4.0922985
5.150679 -1.0003438 -0.55279577 -0.518646 -0.9277009 -0.74500066 -0.9942101 -0.79222864 0.0
