5.4706154 -0.71181566 -0.8077528 -0.89244807 -0.7586245 -0.5746123 -0.6089581 -1.0649662 0.0
-0.7343399 -0.94334275 -1.0580995 -0.9654587 -1.045769 -0.99448735 6.1079454 -1.0412763 0.0
-0.453984 -0.7461023 -0.081088915 -0.49283826 -0.35936075 -0.33089682 -0.19493245 -0.56571025 3.7096896
-0.795244 -0.3796587 -0.84367657 -0.5553149 0.22855039 -0.62973666 -0.4037251 -0.61320126 4.0995903
-0.33955717 -0.23256147 -0.59522283 -0.5454691 -0.16756651 -0.60293084 -0.71448547 -0.67471856 4.2250566
-1.1881524 -1.1471422 5.64952 -0.6840575 -0.7719228 -0.8490915 -1.0364636 -1.3666434 0.0
-0.434085 -0.8101533 -0.7070286 -0.4068611 -0.14059739 -1.0288239 -0.29911366 -0.73810846 3.9624665
-0.70514554 -0.5182573 -0.7634871 -0.5086905 -0.49941933 -0.4854869 -0.43140033 -0.7179233 4.136206
-0.9877915 -0.51560915 -0.39400637 -0.45404947 -0.15219289 -0.33608195 -0.48653415 -0.62112194 3.8979278
-0.8731439 -0.7210739 -1.0676097 -0.7805787 -1.0139974 -1.1625943 5.1469035 -0.7672592 0.0
-0.6069559 0.05610905 -1.1247225 -0.24408096 -0.29138622 -0.62971646 -0.2669051 -0.5410492 3.6332338
-0.5540657 -0.62246376 -0.7187695 -1.1819246 -0.5620638 -0.19669406 -0.47647604 -0.60478574 4.3916707
-0.25318637 0.026051253 -0.82892245 -0.69845086 -0.35993287 -0.19579017 -0.4632182 -0.5819707 3.684057
-0.964121 -1.4470242 -1.0097154 5.1754007 -0.8813253 -1.2619072 -0.740288 -0.35614812 0.0
-0.74406576 -0.635817 -0.7853193 -0.3525202 -0.46883354 -0.42540863 -0.36463955 -0.44489345 3.9875708
-0.5752594 -0.2789286 -0.5916082 -0.6842754 -0.33976108 -0.26411045 -0.9139473 -0.67743975 4.0334606
-0.28055206 -0.49586365 0.0027080437 -0.40569437 -0.37338197 -0.42194292 -0.5956839 -0.77467483 3.520251
-0.1303343 -1.0342499 -0.94082713 -1.1192642 4.7741833 -1.2135398 -0.86483645 -1.0668775 0.0
-0.34778416 -0.6897494 -0.50156015 -0.54665685 -0.73419213 -0.23571925 -0.41623098 -0.30338717 3.8016627
-0.6120537 -0.25404117 -0.6410179 -0.17333788 -0.3789224 -0.40812367 0.00015278562 -0.6525647 3.6829405
-0.31182843 -0.39960217 -0.9067983 -0.66437644 -0.5573416 -0.23010606 -0.5685974 -0.653949 4.2054777
4.976389 -1.1258482 -0.50564677 -0.3239049 -0.75729895 -0.6753976 -0.8655308 -0.77504027 0.0
