4.940616 -0.16605197 -0.31539395 -0.6060728 -0.56864893 -0.124946535 -0.55369544 -0.50880045 0.0
-0.32819366 -1.1466438 -1.0613365 -0.24952506 -0.86950547 -0.5958201 6.2322206 -1.0100034 0.0
-0.14851889 -0.29871345 -0.27882764 -0.60147953 -0.87108797 -0.2517266 -0.697377 -0.22711362 4.1661487
-0.48832184 -0.0888699 -0.5196457 -0.6024254 -0.55448985 -0.12839344 -0.41521314 -1.1458634 4.1304317
-0.33845675 -0.263939 -0.6850459 -0.528661 -0.19777706 -0.6227037 -0.5079469 -0.52137434 4.4994507
-0.45279568 -0.9016933 5.5978227 -0.5750376 -0.57396287 -0.42557636 -1.2514527 -0.75055164 0.0
-0.19901626 -0.22895557 -0.9858453 -0.09861663 -0.16803996 -0.59077656 0.1978814 -1.0070791 3.8972263
-0.29602358 -0.6683954 -0.72261626 -0.6810714 -0.30424535 -0.48443046 -0.35543558 -0.27882275 4.2559376
-0.3282702 -0.29578072 -0.5085207 0.11139068 0.05060429 -0.26476207 -0.8561265 -0.27856478 3.5636153
-1.482426 -0.18241309 -0.90643823 -0.46276236 -0.9833286 -1.0390084 5.6520176 -0.36085373 0.0
-1.223899 0.13154323 -0.33612344 0.23462379 -0.8889631 -0.3231116 -0.30511135 -0.42775083 3.7717695
-0.7174285 -0.19875544 -0.26647857 -0.13936214 -0.6304158 -0.42828378 -0.6768089 -0.6620222 4.7552705
-0.7639146 -0.0865589 -0.4371357 -0.6268207 -0.4660244 -0.36631644 -0.5284219 -0.68106174 4.1947975
-0.74948835 -0.8158853 -1.4196163 5.4209104 -0.40945747 -0.86435527 -0.6416328 -0.46211755 0.0
0.016878748 -0.9356092 0.022454476 -0.58992624 -0.42848405 -0.54386115 -0.22709118 -0.5058169 3.7143745
-0.59902716 -0.43603158 0.16284627 -0.6300872 -0.22429992 -0.59556085 -0.77626187 -0.5125444 4.143356
-0.23789887 -0.41907784 -0.5332102 -0.54257596 -0.6497341 -0.26396012 -0.44159374 -0.445604 3.9998782
-0.4650609 -1.4735383 -0.7636548 -0.63647854 5.189023 -0.9805106 -0.47144562 -0.9371438 0.0
-0.18057927 0.26622042 -0.41490692 -0.06984998 -0.35792136 -0.5728343 -0.2931531 -0.5944007 3.2276382
-0.5941103 -0.56603056 -0.6581831 -0.5717506 0.045429826 0.17107157 -0.04906916 -0.27756482 3.596069
0.22115791 -0.21089503 -0.6680336 -0.47384846 -0.07859682 -0.25791395 -0.39949918 -0.49469694 3.423727
5.3528876 -0.5269289 -0.21166751 -0.18919337 -0.8348401 -1.1178702 -0.83222157 -0.7251888 0.0
