5.1099167 -0.71648765 -0.7309891 -0.64172536 -0.6879021 -0.8104089 -0.533029 -0.9686684 0.0
-0.9566497 -0.74260265 -1.079923 -0.68770295 -1.2273769 -0.90313905 5.8020864 -1.0094055 0.0
-0.23417324 -0.47437462 -0.4302594 -0.7341652 -0.82278365 -0.455278 -0.36556175 -0.91391695 4.170103
-0.43153793 -0.4703095 -0.8752269 -0.4265492 -0.13963096 -0.1642565 -0.65514064 -0.6563931 3.8975353
-0.20096698 -0.5332835 -0.7267184 -0.40771544 -0.28318 -0.8033762 -0.61320436 -0.94601697 4.3387804
-1.1483996 -1.2267759 5.136796 -0.44928867 -0.6713761 -1.0733436 -0.9497838 -0.9777764 0.0
-0.31908873 -0.6113748 -0.807682 -0.6500885 -0.6444974 -0.35860577 -0.3068027 -0.40129852 3.7421153
-0.47823578 -0.42599368 -0.27890125 -0.5696009 -0.41129345 -0.3874755 -0.4370939 -0.45038518 3.5528715
-0.55230355 -0.5329752 -0.3179751 -0.53291196 -0.09812048 -0.4295215 -0.37910768 -0.63019556 3.7140257
-0.7552253 -1.029671 -0.91720474 -1.0250417 -0.7811241 -0.8421611 4.7160745 -0.7217627 0.0
-0.40302944 -0.1904287 -0.3938633 -0.44606894 -0.4881835 -0.49996442 -0.60538286 -0.48383304 3.5632427
-0.40334398 -0.6703963 -0.2995628 -0.51606137 -0.1931301 -0.3788699 -0.2466434 -0.32901946 3.6686072
-0.26763514 -0.5521838 -0.42926362 -0.9068435 -0.65611863 -0.16523121 -0.70989877 -0.401776 3.899797
-1.1015127 -1.3610185 -0.9153723 4.425342 -0.39686078 -0.99694556 -0.5518896 -0.4356896 0.0
-0.5033136 -0.2897847 -0.8437605 -0.444982 -0.13926713 -0.2979322 -0.3149966 -0.63718504 3.6516356
-0.5321043 -0.14869477 -0.5187854 -0.7111779 -0.2201144 -0.44426262 -0.6745754 -0.4583544 3.7139847
-0.25615883 -0.40029675 -0.84762925 -0.19100055 -0.28807983 -0.46929753 -0.429153 -0.16327631 3.4415593
0.2613735 -1.3267552 -0.54387575 -0.91288656 4.056261 -1.2820927 -0.82285744 -0.97702324 0.0
-0.56472975 -0.5260526 -0.362603 -0.49628386 -0.3986739 -0.2739863 -0.65353537 -0.4492903 3.8355343
-0.673285 -0.39234045 -0.69560844 -0.5877562 -0.43318924 -0.38174886 -0.5203567 -0.6439719 4.1456804
-0.26477462 -0.59683335 -0.54978776 -0.46861574 -0.343417 -0.55240846 -0.6025441 -0.37633076 3.926585
4.922707 -0.8965383 -0.8345177 -0.6715021 -0.8424598 -0.7850771 -0.7471831 -0.5583359 0.0
