5.0315456 -0.4983375 -0.3367385 -0.89908797 -0.98261976 -0.13345015 -0.43274176 -0.84492046 0.0
-0.2723685 -1.03597 -1.0009965 -0.7298828 -1.0691892 -0.89422804 6.1309514 -1.098475 0.0
-0.42804965 -0.5633032 0.16210298 -0.54094446 -0.40704197 -0.3821112 -0.521816 -0.4585176 3.7024217
-0.39916533 0.28218785 -0.800321 -0.35359874 -0.3364517 -0.4255019 -0.6729719 -0.6929394 3.85781
-0.076893814 0.07108627 -0.9092242 -0.5415819 -0.35508555 -0.19773676 -0.87325615 -0.7230405 4.184917
-1.0104362 -1.0998124 5.644835 -0.58148783 -0.86264324 -0.70663315 -1.1172655 -0.9424385 0.0
-0.34779346 -0.5279443 -0.9778656 -0.10960739 -0.12945215 -0.83223295 -0.27324796 -0.720249 3.9575994
-0.21059187 -0.3303326 -0.79236704 -0.6829272 -0.30639777 -0.5940859 0.059960723 -0.25303715 3.5971313
-0.8259528 -0.37145883 -0.34777194 -0.3710304 -0.6293361 -0.38485625 -0.21160278 -0.27201936 3.6786652
-0.9757432 -0.51713413 -1.3316118 -0.9699638 -1.0087448 -1.0786536 5.2136784 -0.39815813 0.0
-0.39656723 0.14978078 -0.41513076 -0.72917604 -0.43960986 -0.31909403 -0.2113984 -0.66590506 3.5325594
-0.8465506 -0.5171326 -0.34490108 -0.7552609 -0.440559 0.029936884 -0.48964104 -0.71285635 4.4654007
-0.63577855 -0.0025439851 -0.4130316 -0.57658833 -0.33490744 -0.63290733 -0.7318917 -0.49485874 3.7515717
-0.79714423 -0.6708076 -1.5110568 5.3869066 -0.91927576 -1.3986696 -0.6337799 -0.26043817 0.0
-0.31030035 -0.77974844 -0.64933187 -0.6061488 -0.42552215 -0.5340466 -0.4876561 -0.43394357 4.104891
-0.7501161 -0.31265357 -0.35608068 -0.038906388 -0.52100825 -0.56456107 -0.72695583 -0.6383394 4.0338974
-0.18682596 -0.5291914 -0.53112066 -0.5322903 -0.29964423 -0.10056599 -0.58272064 -0.49806628 3.589579
-0.5816782 -1.6406014 -0.5521066 -0.86008257 5.0342507 -1.4699732 -0.49368548 -0.65993387 0.0
-0.05219488 0.1078365 -0.5071912 -0.4732131 -0.9235343 -0.47687003 -0.69000256 -0.49044627 3.6851988
-0.60525227 -0.55429196 -0.78276116 -0.5658808 0.316467 -0.27278206 -0.3847682 -0.5969944 3.8594363
-0.36125213 -0.28443813 -0.80236 -0.18556426 -0.42275983 -0.13917193 -0.5353772 -0.8185433 3.9930387
4.990138 -0.8035138 -0.3982443 -0.06310447 -1.1066276 -0.7707807 -0.5391137 -1.073485 0.0
