2.2814474 0.43662098 -0.44739345 -0.76688284 0.67674017 0.21263705 -0.2467987 -1.2438095 0.0
-0.24063876 0.12849614 0.3617018 -0.124858916 0.036732823 -0.2402847 1.8066442 -0.60055363 0.0
-0.26444092 -0.5231304 0.032741763 -0.46396694 -0.08094532 -0.23937753 -0.45584217 -0.81001776 2.7446244
-0.24591286 -0.28233966 0.0041000647 -0.39765167 0.12915221 -0.36137775 -0.53498477 -0.75749326 2.4060407
-0.38589308 -0.8221744 -0.024680754 -0.012886282 -0.45239753 0.27674186 -0.23740579 -0.5815433 2.7220516
-0.06171472 -0.07195927 0.8308172 0.33762708 -0.1454129 -0.49867335 0.38970387 -0.015677046 0.0
-0.1442422 -0.5691678 -0.0508952 -0.1687325 -0.29537466 -0.3108604 -0.12894563 -0.29422522 2.0796697
-0.6048791 0.10698162 -0.36719733 -0.048119903 -0.2729878 -0.27519396 -0.12148547 -0.1543944 1.792312
-0.50384194 -0.25871223 -0.17353743 -0.27624068 -0.3136434 -0.25789404 -0.0401991 -0.2533492 2.1448672
0.2641244 -0.18723081 0.2300726 -0.21998666 0.26228553 0.2694149 0.22536641 -0.1895683 0.0
-0.31559458 -0.40255406 -0.4447588 -0.36974224 -0.088136904 -0.23152868 -0.31966138 -0.5082736 2.7528958
-0.5096591 -0.40067592 -0.41125113 -0.55619836 -0.16910517 -0.47679806 -0.24318713 -0.38033113 2.8221054
-0.5880635 -0.33407122 -0.5001794 -0.37762278 -0.17131709 -0.3217306 -0.48971182 -0.5728931 3.1710918
-0.13325074 -0.39789975 -0.17050712 0.5635468 0.5410788 -0.30484435 0.16293073 0.12268548 0.0
-0.34592158 -0.47871777 -0.20623884 -0.34311935 -0.042734604 -0.51168793 -0.2834242 -0.6802876 2.6987476
-0.4945121 -0.39287445 -0.32292607 -0.64365244 -0.24139999 -0.29390708 -0.36705273 -0.4690276 3.2281854
-0.4638006 -0.4890948 -0.43799007 -0.5102395 -0.2814788 -0.56494254 -0.48077896 -0.50575435 3.2989051
0.20434676 -0.15189502 0.24193685 0.09556363 0.01058284 0.16555052 0.12204243 -0.33275563 0.0
-0.18547809 -0.27248117 -0.5581272 -0.7388887 -0.16449821 -0.1613298 -0.36243263 -0.77227813 3.0891774
-0.2616282 -0.32892144 -0.43896714 -0.6258252 -0.20639196 -0.19469707 -0.50682396 -0.7716684 3.3256214
-0.2651532 -0.12264475 -0.5487729 -0.7394567 -0.062969424 -0.14427581 -0.47316617 -0.8339704 3.0787044
2.3678765 -0.19835831 -0.18735501 -0.8842349 -0.3491274 -0.23154302 -0.10078004 -0.9549255 0.0
