5.0482354 -0.7525281 -0.50148815 -0.66889745 -0.66574806 -0.9411147 -0.62902796 -0.9064333 0.0
-0.9014762 -0.8281477 -0.7157539 -0.777698 -1.2517121 -0.99855393 5.6883516 -1.103422 0.0
-0.2720898 -0.5457878 -0.5994494 -0.74498755 -0.6756589 -0.6412014 -0.1725411 -0.7546546 4.0755043
-0.49413645 -0.30989245 -0.9073787 -0.426219 -0.22005449 -0.06478387 -0.64329034 -0.7953211 3.927116
-0.28456563 -0.47936815 -0.46207494 -0.2259465 -0.40420955 -0.7103617 -0.711918 -0.8118956 4.1805263
-1.1520928 -1.1822175 5.0711412 -0.33797818 -0.6925765 -1.2081414 -1.0162175 -0.8930562 0.0
-0.27755103 -0.4295382 -0.7151182 -0.69708574 -0.53757226 -0.32048827 -0.2810977 -0.40541843 3.5668583
-0.36732465 -0.55767804 -0.28839424 -0.427633 -0.3533396 -0.51859057 -0.47141704 -0.35539418 3.505645
-0.6319627 -0.44341284 -0.34875178 -0.5469593 -0.07179427 -0.40627664 -0.371045 -0.6046491 3.7130668
-0.6819914 -1.0376657 -0.8719959 -0.8785868 -0.8001055 -0.94581604 4.668332 -0.92927676 0.0
-0.40152153 -0.36513618 -0.4688989 -0.61866796 -0.4248662 -0.507479 -0.54637444 -0.52424294 3.689782
-0.44732773 -0.7327647 -0.512958 -0.70875657 -0.32004163 -0.5071518 -0.27645954 -0.67344713 4.1016474
-0.33346847 -0.6112525 -0.45024058 -0.76301587 -0.61200386 -0.1754221 -0.53286207 -0.33579993 3.7933352
-1.0535672 -1.3183718 -0.8927689 4.2719283 -0.33411476 -1.045479 -0.61207306 -0.29920128 0.0
-0.43673766 -0.37864232 -0.794816 -0.4899047 -0.31290197 -0.20408173 -0.44703162 -0.7395085 3.783485
-0.5691864 -0.1751614 -0.63223207 -0.7568908 -0.1466149 -0.58895475 -0.40713748 -0.4147908 3.7095819
-0.40633538 -0.44526562 -0.6495771 -0.22259279 -0.42341542 -0.34739992 -0.33916628 -0.19480857 3.4605875
0.48009947 -1.4187021 -0.6589789 -0.8617691 3.9528222 -1.2841744 -0.8174471 -1.2104336 0.0
-0.73455447 -0.43810362 -0.36802515 -0.6246169 -0.30676582 -0.39178434 -0.57591504 -0.55109453 3.921763
-0.76425374 -0.4220339 -0.6807419 -0.7506827 -0.5623853 -0.41121778 -0.42090923 -0.5181251 4.2222986
-0.32390368 -0.6017065 -0.59033734 -0.3539726 -0.38827083 -0.6208908 -0.60395396 -0.4605354 3.9870872
4.823512 -0.79460925 -0.86803824 -0.83083475 -0.6518097 -0.64937145 -0.81192803 -0.53793395 0.0
