4.3569546 -0.7264593 -0.5708147 -0.8442774 -0.33315334 -0.63888377 -0.60078865 -0.98359454 0.0
-0.68708026 -0.54851824 -0.21522678 -0.93881536 -0.6082914 -1.0973939 4.0507197 -0.9446641 0.0
-0.64659053 -0.49923941 -0.46510184 -0.62770164 -0.37712157 -0.2756271 -0.62299526 -0.65618795 4.1333704
-0.59904313 -0.4291279 -0.443946 -0.6925031 -0.39379194 -0.6389962 -0.616349 -0.7921172 4.243662
-0.79987997 -0.61510426 -0.5005471 -0.49540207 -0.6394586 -0.4748309 -0.48759022 -0.7314886 4.379607
-0.8873352 -1.1843383 2.2159758 1.2396472 -0.73402154 -1.2715513 0.5107074 -0.20948106 0.0
-0.5021361 -0.6096704 -0.60087657 -0.55176204 -0.32215053 -0.5780364 -0.41854435 -0.48811394 3.9345927
-0.6773802 -0.43719196 -0.7090205 -0.5694557 -0.5955818 -0.38583547 -0.5257477 -0.35347635 3.923816
-0.7747229 -0.4689264 -0.63066393 -0.7281703 -0.41984653 -0.33731896 -0.4619061 -0.4103765 3.982582
0.25776353 -0.58696616 0.55731016 -0.6302984 0.6947658 -0.79429257 0.90319186 -0.43879303 0.0
-0.32093167 -0.51640874 -0.58728594 -0.56363046 -0.47310653 -0.3665802 -0.5200426 -0.66498584 3.9177074
-0.7991428 -0.5600573 -0.41653645 -0.56548524 -0.4522896 -0.5151422 -0.44049373 -0.40284964 4.099911
-0.6369451 -0.48941723 -0.648708 -0.4538967 -0.41480172 -0.40438148 -0.6445864 -0.43805948 4.100461
-0.8898125 -1.2432986 -0.4039124 1.0803812 1.5346115 -1.2155253 -0.17817539 1.021893 0.0
-0.55402523 -0.6793459 -0.47799096 -0.6489083 -0.3955513 -0.5640279 -0.43462983 -0.46891198 4.1035967
-0.77367896 -0.5089737 -0.356647 -0.7070314 -0.46916217 -0.4306503 -0.40961254 -0.40116748 4.069808
-0.48538098 -0.51625115 -0.7412693 -0.548276 -0.50863457 -0.60066205 -0.4779952 -0.46533376 4.182707
0.85079545 -0.74704045 -0.0037336962 -0.36513382 0.85944337 -0.08018378 0.13173029 -0.70232135 0.0
-0.50955343 -0.5721016 -0.56140363 -0.6333461 -0.4465403 -0.46028298 -0.36247325 -0.54955643 4.018881
-0.5325964 -0.54681414 -0.6398878 -0.613063 -0.30997092 -0.55009055 -0.44450966 -0.56405 4.1350913
-0.4633471 -0.42879692 -0.51907843 -0.71273786 -0.473445 -0.4706481 -0.50438464 -0.6580279 4.06834
3.7678 -0.71229565 -0.6350732 -0.82563657 -0.5721761 -0.66633594 -0.4509299 -0.7896803 0.0
