4.9388638 -0.16699906 -0.321097 -0.62088305 -0.5721196 -0.12541136 -0.54995924 -0.5151175 0.0
-0.33118978 -1.1496614 -1.0642846 -0.2512801 -0.8778605 -0.6077649 6.2428284 -1.0164051 0.0
-0.14950845 -0.30571935 -0.28086156 -0.6123693 -0.8744177 -0.25417054 -0.703888 -0.22997385 4.17841
-0.49705487 -0.0906374 -0.5323157 -0.6094846 -0.56081235 -0.13109928 -0.41937584 -1.1318679 4.134848
-0.34142178 -0.27058256 -0.69433093 -0.5358037 -0.2054592 -0.6254199 -0.52320486 -0.52987975 4.51523
-0.4681563 -0.9063012 5.598713 -0.57280976 -0.58526635 -0.42822328 -1.2577229 -0.7621526 0.0
-0.20405136 -0.23290023 -0.988589 -0.09938012 -0.1849377 -0.5969654 0.20055759 -1.0127562 3.9082222
-0.29815 -0.67048657 -0.72450376 -0.68380404 -0.30920714 -0.49306872 -0.3583383 -0.13704512 4.1768785
-0.32865283 -0.3068842 -0.5138069 0.11131344 0.05118032 -0.25725365 -0.8586506 -0.27963293 3.566845
-1.4889791 -0.18351465 -0.92155826 -0.47560403 -0.9852923 -1.0432903 5.6609917 -0.36743203 0.0
-1.2252443 0.133422 -0.3506811 0.2368196 -0.90005493 -0.3255191 -0.1825838 -0.43904895 3.7054782
-0.7234454 -0.20647909 -0.27567866 -0.14068392 -0.634065 -0.4333344 -0.6834199 -0.6652237 4.769022
-0.7700654 -0.08797358 -0.44232062 -0.63374233 -0.47013986 -0.3821215 -0.5430046 -0.6906004 4.213246
-0.75452673 -0.8198442 -1.4280586 5.436228 -0.42351595 -0.8756168 -0.6512784 -0.46535262 0.0
0.07602502 -0.9436006 0.02336114 -0.5955318 -0.43335003 -0.55895036 -0.26605073 -0.5143795 3.7111144
-0.60580033 -0.44622657 0.16755064 -0.63577425 -0.2351835 -0.6056244 -0.79447806 -0.53126013 4.1675634
-0.24571508 -0.43235996 -0.4536058 -0.55104905 -0.65577495 -0.2661445 -0.45278424 -0.46059516 3.9714742
-0.46776518 -1.4870492 -0.7646162 -0.64780354 5.1958866 -0.9979942 -0.4752653 -0.94378304 0.0
-0.18541679 0.26749006 -0.35955173 -0.07025357 -0.36639273 -0.5831391 -0.29697585 -0.5920767 3.2270908
-0.59506345 -0.58375007 -0.6607443 -0.5824134 0.008573043 0.17846896 -0.061701547 -0.28304112 3.6179757
0.22259507 -0.21196514 -0.67025054 -0.6220009 0.039544836 -0.26111576 -0.40224725 -0.49526042 3.4273329
5.3609524 -0.5401523 -0.21752343 -0.19163664 -0.85762185 -1.1209965 -0.83847725 -0.69015574 0.0
