5.0450997 -0.757851 -0.5092654 -0.64131993 -0.6643167 -0.86367095 -0.59397924 -0.9834886 0.0
-0.96895975 -0.8131436 -0.7702011 -0.75381327 -1.2237859 -0.98276395 5.707416 -1.1035515 0.0
-0.2792192 -0.54256856 -0.63352245 -0.73531973 -0.6940971 -0.6400502 -0.17045115 -0.71630013 4.080514
-0.51735353 -0.38489273 -0.90725183 -0.34557408 -0.21447226 -0.08785285 -0.57270974 -0.8275801 3.909899
-0.2927556 -0.4630908 -0.45867804 -0.2672404 -0.42054912 -0.6589895 -0.7135791 -0.87621456 4.207407
-1.1885926 -1.2403687 5.130403 -0.3742755 -0.6779442 -1.2088987 -1.0041628 -0.8809649 0.0
-0.39604247 -0.41190264 -0.73351467 -0.6889564 -0.54513687 -0.3553787 -0.26398212 -0.37331387 3.6059196
-0.42558858 -0.57386273 -0.3081899 -0.4838084 -0.37255853 -0.5278585 -0.48288417 -0.3520399 3.579346
-0.6827971 -0.3748964 -0.38956466 -0.59763986 -0.10558718 -0.40315267 -0.36727417 -0.6359051 3.7712333
-0.68210196 -1.0247597 -0.86926675 -0.880827 -0.7989048 -0.92932546 4.6626673 -0.91299456 0.0
-0.46577874 -0.34738958 -0.41622013 -0.5889724 -0.3883685 -0.48098183 -0.5389147 -0.4459835 3.624699
-0.45319238 -0.75487113 -0.50363684 -0.69168055 -0.32824248 -0.48434788 -0.24660556 -0.620067 4.069866
-0.34844637 -0.46992067 -0.4393602 -0.76176685 -0.60067946 -0.24329355 -0.5308128 -0.3343838 3.7257266
-1.0569305 -1.3255866 -0.89078885 4.3052235 -0.3465485 -1.0170844 -0.65475535 -0.30981562 0.0
-0.46912667 -0.34508106 -0.81385565 -0.4359745 -0.29477906 -0.18074147 -0.40975666 -0.7374664 3.7355056
-0.52307975 -0.25187168 -0.659152 -0.7255791 -0.18008251 -0.55436647 -0.47596 -0.357868 3.7374628
-0.45078856 -0.44252232 -0.6557523 -0.17638311 -0.377824 -0.40588337 -0.3829016 -0.24180843 3.497132
0.42918 -1.4154735 -0.65744746 -0.9266276 4.033273 -1.3053768 -0.82511866 -1.2013233 0.0
-0.7185019 -0.43005422 -0.3540304 -0.6318429 -0.22268322 -0.38219547 -0.595152 -0.52724206 3.8714242
-0.7615137 -0.41188118 -0.6413645 -0.7267908 -0.5468394 -0.38166118 -0.48374495 -0.51199615 4.2006717
-0.34013048 -0.5940848 -0.5722566 -0.30187488 -0.38689914 -0.60315925 -0.5808276 -0.42883462 3.9376607
4.829937 -0.83613086 -0.84929276 -0.7991621 -0.69341487 -0.6348097 -0.80913794 -0.5281057 0.0
