9.651931e-10 -4.106913e-09 3.9734363e-10 -2.8530321e-08 -5.8514316e-10 1.633958e-09 2.8411197e-08 6.681733e-09 0.0
1.0203126e-09 1.5162669e-09 1.0166047e-09 2.6209088e-08 1.4534611e-08 6.0824873e-10 1.4567807e-08 5.047279e-09 0.0
-5.67156e-10 -1.2466645e-08 1.4267091e-08 2.7667328e-08 1.8914885e-09 -2.4258478e-08 -1.2556108e-09 5.1153997e-08 -8.694304e-09
-4.985339e-10 1.3164974e-09 -1.1862522e-08 3.9366697e-08 1.5119369e-08 1.47158e-08 1.4429485e-09 2.2859673e-08 1.5998234e-08
-2.5986493e-08 7.3615763e-10 -9.2897906e-10 2.8631723e-08 -1.5244442e-09 -1.3151399e-08 2.5675455e-08 2.4231098e-10 1.799179e-10
1.8855948e-09 1.5151313e-08 3.1869743e-10 2.5796933e-09 -8.335789e-11 1.30697515e-08 -6.238492e-11 1.4508319e-08 0.0
3.4962444e-10 -2.6639706e-08 3.2421002e-10 1.2977976e-09 -1.2038726e-08 3.58071e-10 1.602366e-08 -1.1697284e-08 9.653747e-10
1.7497012e-10 2.0290543e-08 -1.1191025e-08 -7.6471424e-10 7.456134e-11 3.2294667e-10 -2.1691859e-08 2.652997e-08 6.271695e-09
-5.2710347e-10 4.5455117e-10 8.3249446e-10 8.734668e-12 -1.2156735e-09 1.43043835e-08 1.4821383e-08 7.4560474e-10 -2.3537944e-10
6.7916752e-09 1.6146221e-09 -1.0076861e-10 -9.7385454e-11 -8.465415e-09 6.25593e-10 6.02296e-09 -1.2288607e-08 0.0
-2.4634309e-08 -1.0613074e-08 -2.7646827e-08 1.1901451e-08 -1.22751045e-08 -5.232694e-10 -1.4980765e-08 -1.4504158e-08 -3.7264555e-10
-2.2556287e-10 -2.8702429e-08 3.989782e-11 2.837988e-08 1.4209258e-08 2.7582184e-10 6.015704e-10 1.107569e-10 1.3220842e-08
1.3700651e-08 -1.4269989e-08 -1.496045e-08 1.3010991e-10 3.375018e-11 2.629614e-09 -4.630726e-10 -2.4585779e-08 -7.305244e-10
1.6757933e-09 1.6913837e-10 1.2977717e-09 1.8576155e-09 -1.10455714e-10 5.6350263e-10 8.6469144e-11 8.2283036e-10 0.0
-3.0605204e-10 -2.7493002e-08 5.644957e-10 1.2591436e-08 7.1691035e-11 1.8378651e-09 -1.3219808e-08 8.949902e-11 1.4602549e-09
4.4348514e-10 1.1773297e-08 -4.5643972e-10 -2.5045657e-09 -1.1005338e-08 -3.0129965e-10 1.35858125e-08 -3.4773917e-10 8.078524e-09
-5.5418664e-10 -1.2957005e-09 -4.4706852e-10 2.8329362e-08 -1.6219904e-09 -1.3316786e-08 -1.2327199e-10 7.7309875e-10 -6.142593e-09
7.693986e-10 1.8167529e-09 -4.816328e-10 -1.3081095e-08 -1.3283517e-08 7.816105e-11 1.1327554e-10 -1.4062511e-08 0.0
-1.3626678e-08 -5.857324e-10 -2.8460052e-08 -6.193947e-10 1.5280087e-08 2.370931e-09 -1.40631755e-08 1.4991034e-08 -2.1735405e-10
-2.8666891e-08 1.34157405e-08 2.7507467e-08 -2.7282706e-08 1.4297637e-08 1.216804e-08 -1.0613558e-08 3.9977422e-08 -6.8293327e-09
-2.2274158e-09 -1.9496458e-09 -1.5800614e-09 -5.7760413e-10 5.222146e-09 -1.5445758e-09 -6.684381e-10 1.0576349e-08 3.1690484e-10
-5.5873617e-10 -2.2208635e-09 1.3408038e-09 2.055565e-09 -2.9077704e-10 3.1684315e-09 -1.675558e-09 -6.6207724e-09 0.0
