8.0794516e-10 -3.4378203e-09 3.3260897e-10 -2.8623754e-08 -4.898122e-10 1.3677555e-09 2.8524036e-08 5.593153e-09 0.0
8.540848e-10 1.2692386e-09 8.509806e-10 2.6680697e-08 1.4537428e-08 5.0915366e-10 1.45652175e-08 4.224983e-09 0.0
-4.747557e-10 -1.2806375e-08 1.4313493e-08 2.7901363e-08 1.5833298e-09 -2.5047873e-08 -1.0510484e-09 5.2303175e-08 -8.463228e-09
-4.1731338e-10 1.1020151e-09 -1.2300673e-08 4.006546e-08 1.502692e-08 1.4689099e-08 1.2078654e-09 2.3876963e-08 1.57626e-08
-2.6494362e-08 6.1622374e-10 -7.776309e-10 2.8708637e-08 -1.2760837e-09 -1.3379569e-08 2.6234e-08 2.0283393e-10 1.506059e-10
1.5783957e-09 1.505366e-08 2.6677563e-10 2.1594133e-09 -6.977732e-11 1.3311225e-08 -5.2221245e-11 1.4515422e-08 0.0
2.926641e-10 -2.7041157e-08 2.713902e-10 1.0863621e-09 -1.2448171e-08 2.9973451e-10 1.5783884e-08 -1.2162358e-08 8.0809703e-10
1.4646424e-10 2.0541e-08 -1.1738577e-08 -6.4012795e-10 6.241391e-11 2.7033262e-10 -2.1714015e-08 2.6949298e-08 6.4353074e-09
-4.4122836e-10 3.8049625e-10 6.968656e-10 7.311629e-12 -1.0176173e-09 1.4344711e-08 1.47774815e-08 6.241318e-10 -1.9703171e-10
6.8705734e-09 1.3515701e-09 -8.435152e-11 -8.151954e-11 -8.271632e-09 5.2367227e-10 6.2270957e-09 -1.2657343e-08 0.0
-2.5362477e-08 -1.1254785e-08 -2.78842e-08 1.23332615e-08 -1.2646038e-08 -4.38019e-10 -1.4910901e-08 -1.4511938e-08 -3.119347e-10
-1.8881444e-10 -2.8767825e-08 3.3397722e-11 2.8497826e-08 1.42650824e-08 2.3088526e-10 5.035633e-10 9.2712525e-11 1.3437701e-08
1.3839339e-08 -1.4315919e-08 -1.4893893e-08 1.08912594e-10 2.8251639e-11 2.201201e-09 -3.8762943e-10 -2.5321855e-08 -6.1150834e-10
1.4027753e-09 1.4158255e-10 1.0863406e-09 1.5549756e-09 -9.24604e-11 4.7169746e-10 7.238172e-11 6.887758e-10 0.0
-2.5619046e-10 -2.7755434e-08 4.7252885e-10 1.2910835e-08 6.001123e-11 1.5384425e-09 -1.3436833e-08 7.491797e-11 1.222352e-09
3.7123307e-10 1.22259864e-08 -3.8207723e-10 -2.096525e-09 -1.1583142e-08 -2.522123e-10 1.3743208e-08 -2.910859e-10 7.9477696e-09
-4.6389925e-10 -1.0846067e-09 -3.7423267e-10 2.8455537e-08 -1.3577377e-09 -1.35180125e-08 -1.0318866e-10 6.4714656e-10 -6.3272383e-09
6.440492e-10 1.5207701e-09 -4.0316578e-10 -1.33207205e-08 -1.3490162e-08 6.5427136e-11 9.4820846e-11 -1.4142244e-08 0.0
-1.3777417e-08 -4.903056e-10 -2.8564934e-08 -5.184837e-10 1.5161453e-08 1.984662e-09 -1.4142801e-08 1.4919493e-08 -1.8194302e-10
-2.8738073e-08 1.3600846e-08 2.7767545e-08 -2.7579402e-08 1.4339063e-08 1.2556419e-08 -1.12551914e-08 4.0576687e-08 -6.9020962e-09
2.5299918e-10 -6.512272e-10 -3.0982522e-10 8.534395e-09 -1.3769157e-08 -1.7899056e-09 1.313051e-09 9.367147e-09 2.6527514e-10
-8.463891e-09 6.4268426e-09 6.7074024e-10 -6.2582552e-09 1.4074412e-09 1.0937281e-09 -3.9567163e-09 3.1724645e-10 0.0
