9.420628e-10 -4.008493e-09 3.8782152e-10 -2.8544063e-08 -5.711205e-10 1.5948011e-09 2.8427795e-08 6.5216086e-09 0.0
9.958615e-10 1.4799308e-09 9.922426e-10 2.6278457e-08 1.4535025e-08 5.936726e-10 1.4567426e-08 4.9263242e-09 0.0
-5.5356447e-10 -1.2516616e-08 1.4273915e-08 2.770175e-08 1.8461601e-09 -2.4374591e-08 -1.2255208e-09 5.132304e-08 -8.660314e-09
-4.865868e-10 1.2849483e-09 -1.19269705e-08 3.9469473e-08 1.5105769e-08 1.4711872e-08 1.4083693e-09 2.300931e-08 1.5963575e-08
-2.6061196e-08 7.1851597e-10 -9.0671676e-10 2.8643038e-08 -1.487912e-09 -1.3184961e-08 2.5757613e-08 2.3650418e-10 1.7560631e-10
1.8404079e-09 1.5136951e-08 3.1105998e-10 2.5178726e-09 -8.1360266e-11 1.31052715e-08 -6.08899e-11 1.4509365e-08 0.0
3.4124598e-10 -2.6698757e-08 3.1644057e-10 1.2666967e-09 -1.2098954e-08 3.4949002e-10 1.598839e-08 -1.1765694e-08 9.4224e-10
1.707771e-10 2.032738e-08 -1.1271567e-08 -7.463883e-10 7.2774536e-11 3.1520747e-10 -2.1695117e-08 2.659165e-08 6.2957612e-09
-5.1447174e-10 4.4365822e-10 8.125444e-10 8.52535e-12 -1.1865405e-09 1.4310316e-08 1.4814926e-08 7.277369e-10 -2.2973869e-10
6.80328e-09 1.5759289e-09 -9.835375e-11 -9.5051675e-11 -8.436913e-09 6.106011e-10 6.0529866e-09 -1.2342845e-08 0.0
-2.474142e-08 -1.0707465e-08 -2.7681743e-08 1.1964968e-08 -1.2329665e-08 -5.107296e-10 -1.4970489e-08 -1.4505301e-08 -3.6371542e-10
-2.201574e-10 -2.8712046e-08 3.8941694e-11 2.8397233e-08 1.4217469e-08 2.692119e-10 5.871541e-10 1.0810268e-10 1.3252743e-08
1.372105e-08 -1.4276745e-08 -1.4950661e-08 1.2699193e-10 3.2941375e-11 2.5665974e-09 -4.5197537e-10 -2.4694053e-08 -7.130179e-10
1.635634e-09 1.6508508e-10 1.2666714e-09 1.8130989e-09 -1.0780871e-10 5.499986e-10 8.439699e-11 8.031117e-10 0.0
-2.9871777e-10 -2.7531604e-08 5.50968e-10 1.2638418e-08 6.9973013e-11 1.7938219e-09 -1.325173e-08 8.7354235e-11 1.4252611e-09
4.3285725e-10 1.1839885e-08 -4.4550152e-10 -2.444546e-09 -1.1090327e-08 -2.940792e-10 1.3608965e-08 -3.3940584e-10 8.05929e-09
-5.40906e-10 -1.2646502e-09 -4.3635487e-10 2.8347921e-08 -1.5831204e-09 -1.3346385e-08 -1.2031787e-10 7.5457196e-10 -6.1697527e-09
7.509606e-10 1.7732158e-09 -4.700907e-10 -1.3116343e-08 -1.3313913e-08 7.628797e-11 1.10561e-10 -1.4074241e-08 0.0
-1.3648851e-08 -5.7169586e-10 -2.8475478e-08 -6.045512e-10 1.5262636e-08 2.3141133e-09 -1.4074888e-08 1.4980511e-08 -2.1214532e-10
-2.867736e-08 1.34429685e-08 2.754572e-08 -2.7326346e-08 1.43037315e-08 1.2225167e-08 -1.07079385e-08 4.006556e-08 -6.840036e-09
-9.381608e-10 -2.3297517e-09 -3.1660594e-10 -5.840579e-10 4.1289385e-09 1.7377065e-09 -9.787503e-10 9.709622e-09 3.0931044e-10
-2.5035557e-10 2.215423e-09 1.2268068e-09 6.5645773e-09 -1.0667838e-09 -1.2150273e-09 5.2972413e-09 -3.4990262e-09 0.0
