9.507827e-10 -4.045596e-09 3.914112e-10 -2.8538883e-08 -5.764068e-10 1.6095627e-09 2.8421537e-08 6.5819727e-09 0.0
1.0050794e-09 1.4936286e-09 1.0014268e-09 2.6252305e-08 1.453487e-08 5.9916755e-10 1.456757e-08 4.9719224e-09 0.0
-5.5868826e-10 -1.2497778e-08 1.4271342e-08 2.7688774e-08 1.8632487e-09 -2.4330816e-08 -1.2368643e-09 5.125931e-08 -8.673127e-09
-4.9109067e-10 1.2968416e-09 -1.19026735e-08 3.9430734e-08 1.5110896e-08 1.4713351e-08 1.4214049e-09 2.29529e-08 1.597664e-08
-2.603303e-08 7.2516665e-10 -9.1510927e-10 2.863877e-08 -1.5016842e-09 -1.3172309e-08 2.5726637e-08 2.386932e-10 1.7723169e-10
1.8574424e-09 1.5142367e-08 3.139392e-10 2.5411786e-09 -8.211334e-11 1.309188e-08 -6.1453495e-11 1.4508972e-08 0.0
3.4440453e-10 -2.6676497e-08 3.1936961e-10 1.2784213e-09 -1.2076249e-08 3.5272488e-10 1.6001685e-08 -1.1739906e-08 9.509613e-10
1.7235784e-10 2.0313495e-08 -1.1241204e-08 -7.532969e-10 7.3448136e-11 3.1812503e-10 -2.1693888e-08 2.6568399e-08 6.2866885e-09
-5.1923377e-10 4.477647e-10 8.200653e-10 8.604259e-12 -1.1975231e-09 1.4308077e-08 1.4817359e-08 7.3447276e-10 -2.3186515e-10
6.798906e-09 1.5905156e-09 -9.926412e-11 -9.593147e-11 -8.447659e-09 6.162528e-10 6.0416667e-09 -1.2322399e-08 0.0
-2.4701041e-08 -1.0671883e-08 -2.7668579e-08 1.1941023e-08 -1.2309097e-08 -5.154568e-10 -1.4974365e-08 -1.450487e-08 -3.6708195e-10
-2.2219519e-10 -2.870842e-08 3.930215e-11 2.839069e-08 1.4214374e-08 2.7170377e-10 5.925888e-10 1.0910329e-10 1.3240717e-08
1.371336e-08 -1.4274198e-08 -1.4954354e-08 1.2816738e-10 3.3246274e-11 2.5903542e-09 -4.5615886e-10 -2.4653234e-08 -7.196176e-10
1.6507733e-09 1.666131e-10 1.2783957e-09 1.8298808e-09 -1.08806596e-10 5.5508936e-10 8.517814e-11 8.1054524e-10 0.0
-3.014827e-10 -2.751705e-08 5.5606775e-10 1.2620707e-08 7.0620676e-11 1.8104257e-09 -1.3239696e-08 8.816278e-11 1.4384531e-09
4.368637e-10 1.1814782e-08 -4.4962506e-10 -2.4671725e-09 -1.1058288e-08 -2.9680125e-10 1.3600237e-08 -3.4254738e-10 8.066539e-09
-5.4591265e-10 -1.2763557e-09 -4.4039378e-10 2.8340926e-08 -1.5977738e-09 -1.3335226e-08 -1.2143153e-10 7.6155643e-10 -6.1595133e-09
7.579114e-10 1.7896288e-09 -4.744419e-10 -1.3103056e-08 -1.3302454e-08 7.699409e-11 1.11584346e-10 -1.4069818e-08 0.0
-1.3640492e-08 -5.7698735e-10 -2.8469664e-08 -6.10147e-10 1.5269213e-08 2.3355327e-09 -1.4070473e-08 1.4984478e-08 -2.1410893e-10
-2.8673412e-08 1.3432705e-08 2.75313e-08 -2.7309895e-08 1.4301433e-08 1.2203631e-08 -1.0672356e-08 4.003233e-08 -6.836001e-09
-5.6292154e-10 -9.79318e-10 3.0061753e-10 4.8039595e-10 3.975256e-09 -6.2868255e-10 -1.087943e-09 1.1683881e-08 3.1217343e-10
6.3648115e-10 7.2114614e-10 1.8004583e-09 -9.063497e-10 8.0673845e-10 2.9150737e-09 2.4853102e-09 -5.2578795e-09 0.0
