9.428812e-10 -4.011975e-09 3.8815837e-10 -2.8543578e-08 -5.7161653e-10 1.5961864e-09 2.8427207e-08 6.5272725e-09 0.0
9.967265e-10 1.4812159e-09 9.931042e-10 2.6276004e-08 1.45350105e-08 5.9418814e-10 1.4567437e-08 4.9306026e-09 0.0
-5.5404537e-10 -1.2514849e-08 1.4273675e-08 2.7700533e-08 1.847764e-09 -2.437048e-08 -1.2265852e-09 5.1317052e-08 -8.661517e-09
-4.870095e-10 1.2860643e-09 -1.1924688e-08 3.9465846e-08 1.5106254e-08 1.4712011e-08 1.4095924e-09 2.3004016e-08 1.5964801e-08
-2.6058554e-08 7.191402e-10 -9.075041e-10 2.8642637e-08 -1.4892042e-09 -1.3183774e-08 2.5754703e-08 2.3670957e-10 1.7575881e-10
1.842006e-09 1.5137456e-08 3.1133013e-10 2.5200597e-09 -8.143093e-11 1.3104015e-08 -6.0942786e-11 1.4509329e-08 0.0
3.4154235e-10 -2.6696668e-08 3.1671543e-10 1.2677968e-09 -1.2096824e-08 3.497936e-10 1.5989636e-08 -1.1763274e-08 9.430584e-10
1.7092544e-10 2.0326077e-08 -1.1268717e-08 -7.470366e-10 7.283775e-11 3.1548122e-10 -2.1695e-08 2.6589467e-08 6.294911e-09
-5.1491866e-10 4.4404358e-10 8.1325013e-10 8.5327535e-12 -1.1875709e-09 1.4310105e-08 1.4815154e-08 7.28369e-10 -2.2993821e-10
6.80287e-09 1.5772976e-09 -9.843919e-11 -9.5134234e-11 -8.437921e-09 6.111315e-10 6.0519243e-09 -1.2340927e-08 0.0
-2.473763e-08 -1.07041265e-08 -2.7680505e-08 1.19627215e-08 -1.2327735e-08 -5.111732e-10 -1.4970855e-08 -1.4505261e-08 -3.6403125e-10
-2.2034857e-10 -2.8711705e-08 3.8975524e-11 2.8396615e-08 1.42171785e-08 2.6944572e-10 5.8766414e-10 1.081966e-10 1.3251613e-08
1.3720329e-08 -1.4276505e-08 -1.4951008e-08 1.2710223e-10 3.2969988e-11 2.5688272e-09 -4.523679e-10 -2.469022e-08 -7.1363715e-10
1.6370545e-09 1.6522844e-10 1.2677714e-09 1.8146739e-09 -1.0790235e-10 5.5047633e-10 8.4470285e-11 8.038093e-10 0.0
-2.9897718e-10 -2.7530236e-08 5.5144656e-10 1.26367565e-08 7.0033784e-11 1.7953796e-09 -1.32506015e-08 8.74301e-11 1.4264989e-09
4.3323323e-10 1.1837528e-08 -4.4588844e-10 -2.4466684e-09 -1.1087323e-08 -2.9433464e-10 1.3608146e-08 -3.3970063e-10 8.059969e-09
-5.413757e-10 -1.2657485e-09 -4.3673382e-10 2.8347264e-08 -1.5844953e-09 -1.3345337e-08 -1.2042235e-10 7.5522744e-10 -6.1687913e-09
7.516128e-10 1.7747561e-09 -4.704991e-10 -1.31150975e-08 -1.3312836e-08 7.635423e-11 1.10657004e-10 -1.4073825e-08 0.0
-1.3648066e-08 -5.721923e-10 -2.8474936e-08 -6.050763e-10 1.5263254e-08 2.3161235e-09 -1.4074474e-08 1.4980886e-08 -2.1232957e-10
-2.867699e-08 1.3442006e-08 2.7544369e-08 -2.7324804e-08 1.4303516e-08 1.2223146e-08 -1.0704599e-08 4.0062446e-08 -6.839657e-09
-1.4486391e-09 -2.555481e-09 -5.9764277e-10 -1.13933286e-10 5.585907e-09 -2.4600993e-10 5.716976e-10 8.3267935e-09 3.0957908e-10
-3.8549675e-10 6.338705e-11 1.6833384e-09 7.0352137e-09 -2.5728167e-10 1.335374e-09 3.043663e-09 -5.2966787e-09 0.0
