8.8622737e-10 -3.770912e-09 3.6483558e-10 -2.8577238e-08 -5.3727056e-10 1.5002783e-09 2.8467861e-08 6.135078e-09 0.0
9.368373e-10 1.3922159e-09 9.334329e-10 2.6445917e-08 1.4536025e-08 5.584859e-10 1.4566507e-08 4.634344e-09 0.0
-5.2075505e-10 -1.2637249e-08 1.4290392e-08 2.778485e-08 1.7367393e-09 -2.4654888e-08 -1.152885e-09 5.173108e-08 -8.578265e-09
-4.5774712e-10 1.2087901e-09 -1.2082548e-08 3.9717595e-08 1.5072947e-08 1.4702392e-08 1.3248962e-09 2.3370529e-08 1.5879905e-08
-2.6241532e-08 6.7593003e-10 -8.5297613e-10 2.8670348e-08 -1.3997244e-09 -1.3265979e-08 2.5955941e-08 2.2248665e-10 1.6519823e-10
1.731328e-09 1.5102273e-08 2.9262368e-10 2.36864e-09 -7.653809e-11 1.3191013e-08 -5.728099e-11 1.4511886e-08 0.0
3.2102046e-10 -2.6841303e-08 2.9768538e-10 1.1916204e-09 -1.2244337e-08 3.2877595e-10 1.590325e-08 -1.1930831e-08 8.86394e-10
1.6065524e-10 2.0416314e-08 -1.1465992e-08 -7.021503e-10 6.846122e-11 2.9652536e-10 -2.1702984e-08 2.6740544e-08 6.3538574e-09
-4.8397936e-10 4.1736284e-10 7.643854e-10 8.020057e-12 -1.116215e-09 1.4324634e-08 1.4799337e-08 6.8460443e-10 -2.1612223e-10
6.831296e-09 1.4825245e-09 -9.2524384e-11 -8.9418015e-11 -8.368103e-09 5.744112e-10 6.1254712e-09 -1.2473775e-08 0.0
-2.4999975e-08 -1.0935324e-08 -2.776603e-08 1.2118294e-08 -1.2461377e-08 -4.80459e-10 -1.4945682e-08 -1.4508063e-08 -3.4215808e-10
-2.0710876e-10 -2.8735268e-08 3.663365e-11 2.843911e-08 1.4237291e-08 2.532559e-10 5.52354e-10 1.0169551e-10 1.3329744e-08
1.3770297e-08 -1.4293053e-08 -1.4927029e-08 1.1946519e-10 3.0988954e-11 2.4144766e-09 -4.25187e-10 -2.4955417e-08 -6.7075784e-10
1.5386907e-09 1.5530056e-10 1.1915963e-09 1.7056376e-09 -1.0141896e-10 5.1740057e-10 7.939483e-11 7.555117e-10 0.0
-2.8101288e-10 -2.7624788e-08 5.1831234e-10 1.2751832e-08 6.5825755e-11 1.6875032e-09 -1.3328793e-08 8.21768e-11 1.3407866e-09
4.0720205e-10 1.2000625e-08 -4.1909687e-10 -2.2996591e-09 -1.1295494e-08 -2.7664937e-10 1.3664853e-08 -3.192894e-10 8.012862e-09
-5.088468e-10 -1.1896951e-09 -4.1049236e-10 2.8392723e-08 -1.4892899e-09 -1.3417835e-08 -1.13186675e-10 7.0984896e-10 -6.2353167e-09
7.064516e-10 1.6681184e-09 -4.4222873e-10 -1.3201428e-08 -1.3387289e-08 7.1766426e-11 1.0400807e-10 -1.4102551e-08 0.0
-1.3702375e-08 -5.378117e-10 -2.8512723e-08 -5.6871985e-10 1.5220513e-08 2.1769573e-09 -1.4103162e-08 1.4955106e-08 -1.995716e-10
-2.8702637e-08 1.3508694e-08 2.763807e-08 -2.7431696e-08 1.4318439e-08 1.2363072e-08 -1.0935767e-08 4.027835e-08 -6.8658728e-09
5.400262e-10 -1.7884372e-10 -5.9541455e-10 9.627581e-09 3.5753411e-09 2.0439388e-11 -1.9191508e-09 1.2068238e-08 2.9097783e-10
3.3013126e-10 5.713297e-09 -2.27131e-09 1.6027134e-09 3.00319e-09 -9.344943e-10 2.5044837e-09 -5.3887046e-09 0.0
