6.6665973e-07 6.612875e-07 6.660691e-07 6.3711934e-07 6.650008e-07 6.6737647e-07 6.939947e-07 6.727178e-07 0.0
6.6671686e-07 6.6725306e-07 6.667154e-07 6.9167635e-07 6.8016277e-07 6.662757e-07 6.801937e-07 6.7099603e-07 0.0
6.650359e-07 6.532938e-07 6.7988003e-07 6.93197e-07 6.676384e-07 6.4167415e-07 6.6428794e-07 7.1635765e-07 6.568372e-07
6.651051e-07 6.6704234e-07 6.539485e-07 7.04746e-07 6.8079447e-07 6.803565e-07 6.671819e-07 6.8809345e-07 6.81727e-07
6.398643e-07 6.664139e-07 6.6465833e-07 6.942429e-07 6.6400725e-07 6.525821e-07 6.9108984e-07 6.6589155e-07 6.6583567e-07
6.676369e-07 6.8082244e-07 6.6597397e-07 6.683803e-07 6.655421e-07 6.785953e-07 6.655592e-07 6.801437e-07 0.0
6.660074e-07 6.3916536e-07 6.6597516e-07 6.670249e-07 6.5375303e-07 6.6601814e-07 6.8175177e-07 6.5411126e-07 6.6665973e-07
6.65828e-07 6.858082e-07 6.5464667e-07 6.6482346e-07 6.656908e-07 6.659751e-07 6.4396545e-07 6.9201343e-07 6.718425e-07
6.6506675e-07 6.661092e-07 6.665155e-07 6.6562865e-07 6.643405e-07 6.799173e-07 6.804748e-07 6.6642053e-07 6.653749e-07
6.723942e-07 6.673589e-07 6.6552934e-07 6.655308e-07 6.570953e-07 6.6629735e-07 6.7156805e-07 6.534823e-07 0.0
6.4128784e-07 6.5525325e-07 6.380801e-07 6.773682e-07 6.534905e-07 6.6506993e-07 6.506321e-07 6.5113187e-07 6.652356e-07
6.6539303e-07 6.36958e-07 6.656666e-07 6.9395685e-07 6.79825e-07 6.659248e-07 6.6627103e-07 6.6574034e-07 6.787561e-07
6.792802e-07 6.513777e-07 6.5064984e-07 6.657746e-07 6.656555e-07 6.684251e-07 6.651378e-07 6.4133735e-07 6.648582e-07
6.674256e-07 6.6582277e-07 6.670249e-07 6.6760083e-07 6.655228e-07 6.6624204e-07 6.6571323e-07 6.665107e-07 0.0
6.653072e-07 6.382528e-07 6.6624364e-07 6.7810527e-07 6.656894e-07 6.675774e-07 6.525017e-07 6.6571414e-07 6.671998e-07
6.6610266e-07 6.7724443e-07 6.6514536e-07 6.629783e-07 6.5483187e-07 6.6530833e-07 6.791733e-07 6.6526644e-07 6.737617e-07
6.650494e-07 6.6425184e-07 6.6515696e-07 6.939097e-07 6.6390066e-07 6.523959e-07 6.6551104e-07 6.664636e-07 6.595526e-07
6.6645987e-07 6.6756195e-07 6.6511586e-07 6.526501e-07 6.5243955e-07 6.6569095e-07 6.657432e-07 6.516049e-07 0.0
6.520627e-07 6.650008e-07 6.372104e-07 6.6496114e-07 6.809653e-07 6.6814675e-07 6.516049e-07 6.806518e-07 6.654049e-07
6.369902e-07 6.789863e-07 6.930351e-07 6.384683e-07 6.799048e-07 6.776537e-07 6.5525325e-07 7.0538226e-07 6.5883523e-07
6.664959e-07 6.651847e-07 6.8531335e-07 6.6165e-07 6.7853966e-07 6.645905e-07 6.8989686e-07 6.7994614e-07 6.659706e-07
6.647717e-07 6.670275e-07 6.651256e-07 6.634279e-07 6.6558334e-07 6.6674005e-07 6.68075e-07 6.672256e-07 0.0
