9.395763e-10 -3.9979127e-09 3.8679793e-10 -2.8545541e-08 -5.6961297e-10 1.5905915e-09 2.842958e-08 6.504393e-09 0.0
9.932329e-10 1.4760243e-09 9.896235e-10 2.6285916e-08 1.4535068e-08 5.921055e-10 1.4567386e-08 4.9133213e-09 0.0
-5.5210336e-10 -1.2521989e-08 1.4274649e-08 2.7705454e-08 1.8412875e-09 -2.4387072e-08 -1.2222858e-09 5.1341203e-08 -8.65666e-09
-4.853024e-10 1.2815566e-09 -1.1933898e-08 3.9480533e-08 1.5104309e-08 1.4711451e-08 1.4046521e-09 2.3025397e-08 1.5959849e-08
-2.6069223e-08 7.1661943e-10 -9.0432345e-10 2.8644251e-08 -1.4839846e-09 -1.3188569e-08 2.5766447e-08 2.3587987e-10 1.7514275e-10
1.8355499e-09 1.5135406e-08 3.10239e-10 2.5112272e-09 -8.114552e-11 1.3109091e-08 -6.072917e-11 1.4509477e-08 0.0
3.4034522e-10 -2.6705106e-08 3.1560535e-10 1.2633534e-09 -1.2105429e-08 3.4856756e-10 1.5984597e-08 -1.177305e-08 9.39753e-10
1.7032634e-10 2.0331345e-08 -1.1280226e-08 -7.4441814e-10 7.258245e-11 3.143755e-10 -2.1695465e-08 2.6598281e-08 6.2983494e-09
-5.1311383e-10 4.4248716e-10 8.103995e-10 8.502845e-12 -1.1834086e-09 1.4310953e-08 1.4814231e-08 7.258161e-10 -2.2913228e-10
6.8045285e-09 1.571769e-09 -9.809415e-11 -9.480078e-11 -8.433847e-09 6.0898936e-10 6.0562146e-09 -1.2348677e-08 0.0
-2.4752936e-08 -1.07176135e-08 -2.7685497e-08 1.1971796e-08 -1.2335531e-08 -5.093815e-10 -1.4969386e-08 -1.4505424e-08 -3.627553e-10
-2.1957629e-10 -2.8713083e-08 3.88389e-11 2.8399096e-08 1.4218351e-08 2.6850133e-10 5.856045e-10 1.0781734e-10 1.3256171e-08
1.3723245e-08 -1.4277471e-08 -1.4949608e-08 1.2665674e-10 3.2854428e-11 2.5598228e-09 -4.5078233e-10 -2.4705692e-08 -7.111358e-10
1.6313166e-09 1.6464932e-10 1.2633279e-09 1.8083132e-09 -1.0752415e-10 5.485468e-10 8.417421e-11 8.009919e-10 0.0
-2.9792924e-10 -2.7535753e-08 5.495137e-10 1.26434685e-08 6.9788314e-11 1.7890869e-09 -1.3255164e-08 8.712367e-11 1.4214988e-09
4.3171478e-10 1.1847044e-08 -4.4432555e-10 -2.4380928e-09 -1.1099465e-08 -2.9330302e-10 1.3611453e-08 -3.3851e-10 8.0572224e-09
-5.3947824e-10 -1.2613116e-09 -4.3520304e-10 2.8349914e-08 -1.5789418e-09 -1.3349568e-08 -1.2000027e-10 7.525803e-10 -6.172672e-09
7.489784e-10 1.7685355e-09 -4.688499e-10 -1.31201325e-08 -1.331718e-08 7.60866e-11 1.10269155e-10 -1.4075501e-08 0.0
-1.3651235e-08 -5.7018673e-10 -2.847714e-08 -6.0295546e-10 1.5260762e-08 2.3080053e-09 -1.4076147e-08 1.4979381e-08 -2.1158536e-10
-2.8678487e-08 1.3445895e-08 2.7549834e-08 -2.7331039e-08 1.4304384e-08 1.223131e-08 -1.0718082e-08 4.007504e-08 -6.841186e-09
-1.3021583e-09 -2.6281046e-09 2.692491e-10 -3.8711187e-10 4.2720454e-09 5.5532867e-10 -4.4187465e-10 9.722818e-09 3.08494e-10
2.2292068e-09 -4.691918e-10 -2.8586125e-09 2.818018e-09 1.7555251e-09 5.9302763e-09 -1.6767429e-10 -3.9716594e-09 0.0
