9.195465e-10 -4.4193924e-09 3.2182365e-10 -2.8596567e-08 -7.123496e-10 1.6234935e-09 2.8278336e-08 6.9368205e-09 0.0
9.775658e-10 1.4996111e-09 9.736629e-10 2.596038e-08 1.4437276e-08 5.438241e-10 1.447222e-08 5.216381e-09 0.0
-6.934163e-10 -1.2453366e-08 1.4155682e-08 2.749533e-08 1.8945725e-09 -2.4099993e-08 -1.4180892e-09 5.0686495e-08 -8.865343e-09
-6.2118405e-10 1.289332e-09 -1.1817458e-08 3.9044632e-08 1.5052798e-08 1.4627998e-08 1.4224358e-09 2.243476e-08 1.5977896e-08
-2.5918917e-08 6.78462e-10 -1.074274e-09 2.8510456e-08 -1.7010656e-09 -1.3174144e-08 2.5398673e-08 1.5863508e-10 9.29597e-11
1.8883686e-09 1.5086423e-08 2.3904015e-10 2.6189826e-09 -1.841665e-10 1.2895357e-08 -1.6209015e-10 1.4409604e-08 0.0
2.71594e-10 -2.6606498e-08 2.4484273e-10 1.2696487e-09 -1.2002937e-08 2.8048494e-10 1.6004657e-08 -1.1643532e-08 9.1973745e-10
8.7751584e-11 2.0113237e-08 -1.111064e-08 -9.013676e-10 -1.793949e-11 2.4351285e-10 -2.1781124e-08 2.6298139e-08 6.12244e-09
-6.512567e-10 3.8204082e-10 7.7986706e-10 -8.722918e-11 -1.3760506e-09 1.4194937e-08 1.4739136e-08 6.8840617e-10 -3.441856e-10
6.6697754e-09 1.603141e-09 -2.024933e-10 -1.9893216e-10 -8.624415e-09 5.620807e-10 5.8606178e-09 -1.2265963e-08 0.0
-2.4495598e-08 -1.0502285e-08 -2.7666603e-08 1.1665591e-08 -1.225175e-08 -6.472208e-10 -1.5099753e-08 -1.45980685e-08 -4.886732e-10
-3.3385267e-10 -2.8777734e-08 -5.4426668e-11 2.824537e-08 1.4094807e-08 1.939089e-10 5.367944e-10 2.0160172e-11 1.3054395e-08
1.3559445e-08 -1.43515795e-08 -1.5078367e-08 4.0531443e-11 -6.0897724e-11 2.6715297e-09 -5.838572e-10 -2.4444514e-08 -8.653792e-10
1.6675296e-09 8.1613064e-11 1.2696215e-09 1.8589171e-09 -2.1268991e-10 4.967239e-10 -5.4051403e-12 7.696945e-10 0.0
-4.185762e-10 -2.7504683e-08 4.977694e-10 1.2391877e-08 -2.0960851e-11 1.8381277e-09 -1.3246151e-08 -2.2159356e-12 1.4406523e-09
3.703926e-10 1.1530697e-08 -5.7687555e-10 -2.7327491e-09 -1.0915183e-08 -4.1357387e-10 1.3438565e-08 -4.6245638e-10 8.024321e-09
-6.7976474e-10 -1.4602883e-09 -5.6701127e-10 2.8192193e-08 -1.8037434e-09 -1.3348234e-08 -2.2618042e-10 7.173467e-10 -6.179391e-09
7.1345185e-10 1.8159055e-09 -6.033939e-10 -1.3100143e-08 -1.3313212e-08 -1.4150529e-11 2.281141e-11 -1.4133189e-08 0.0
-1.3674428e-08 -7.1297007e-10 -2.8522608e-08 -7.484032e-10 1.522197e-08 2.3992381e-09 -1.4133888e-08 1.491771e-08 -3.2521208e-10
-2.8740324e-08 1.3259544e-08 2.732706e-08 -2.728332e-08 1.4187836e-08 1.1946205e-08 -1.05027915e-08 3.968749e-08 -6.90226e-09
-2.8750282e-09 -9.328907e-10 6.1331606e-10 -2.069269e-09 1.2326071e-08 8.345227e-10 2.105285e-09 1.7772717e-08 2.371532e-10
-1.0134853e-09 2.9640862e-10 -3.2573896e-10 -3.7921866e-09 -8.1603274e-10 5.157526e-10 1.9516846e-09 3.2734007e-09 0.0
