9.736925e-10 -4.1430774e-09 4.0084253e-10 -2.8525267e-08 -5.902957e-10 1.648346e-09 2.8405093e-08 6.740569e-09 0.0
1.0292974e-09 1.5296187e-09 1.0255569e-09 2.61836e-08 1.4534458e-08 6.1360494e-10 1.4567947e-08 5.0917235e-09 0.0
-5.7215027e-10 -1.2448283e-08 1.42645815e-08 2.7654675e-08 1.9081445e-09 -2.4215808e-08 -1.2666674e-09 5.1091888e-08 -8.706794e-09
-5.0292376e-10 1.3280899e-09 -1.18388375e-08 3.9328924e-08 1.5124368e-08 1.4717242e-08 1.4556548e-09 2.280469e-08 1.6010967e-08
-2.595904e-08 7.4264e-10 -9.371595e-10 2.8627563e-08 -1.5378682e-09 -1.3139066e-08 2.5645267e-08 2.4444466e-10 1.8150222e-10
1.9021988e-09 1.5156592e-08 3.215037e-10 2.6024098e-09 -8.409193e-11 1.30567e-08 -6.293426e-11 1.4507936e-08 0.0
3.5270317e-10 -2.6618007e-08 3.2706496e-10 1.3092256e-09 -1.2016597e-08 3.6122405e-10 1.603662e-08 -1.1672148e-08 9.738754e-10
1.765109e-10 2.0277005e-08 -1.116143e-08 -7.7144796e-10 7.5217915e-11 3.2579042e-10 -2.1690658e-08 2.6507303e-08 6.262851e-09
-5.31745e-10 4.585539e-10 8.398254e-10 8.811583e-12 -1.2263783e-09 1.4302203e-08 1.48237564e-08 7.521704e-10 -2.3745206e-10
6.7874106e-09 1.6288401e-09 -1.01655954e-10 -9.8243004e-11 -8.475891e-09 6.311019e-10 6.0119256e-09 -1.2268677e-08 0.0
-2.4594952e-08 -1.057839e-08 -2.7634e-08 1.1878112e-08 -1.2255054e-08 -5.278772e-10 -1.4984545e-08 -1.4503736e-08 -3.75927e-10
-2.2754912e-10 -2.8698894e-08 4.0249144e-11 2.8373504e-08 1.4206241e-08 2.782506e-10 6.0686767e-10 1.11732186e-10 1.3209123e-08
1.3693153e-08 -1.4267506e-08 -1.496405e-08 1.3125566e-10 3.4047373e-11 2.6527707e-09 -4.671503e-10 -2.4545994e-08 -7.369572e-10
1.6905495e-09 1.7062773e-10 1.3091993e-09 1.8739734e-09 -1.1142836e-10 5.6846466e-10 8.7230584e-11 8.3007584e-10 0.0
-3.0874706e-10 -2.7478817e-08 5.694665e-10 1.2574174e-08 7.232232e-11 1.8540486e-09 -1.3208077e-08 9.028711e-11 1.4731136e-09
4.473903e-10 1.174883e-08 -4.604591e-10 -2.5266202e-09 -1.0974106e-08 -3.0395284e-10 1.3577305e-08 -3.5080128e-10 8.085591e-09
-5.5906657e-10 -1.3071104e-09 -4.5100532e-10 2.8322543e-08 -1.6362731e-09 -1.330591e-08 -1.2435748e-10 7.799065e-10 -6.1326113e-09
7.761738e-10 1.8327511e-09 -4.858739e-10 -1.3068145e-08 -1.3272348e-08 7.88493e-11 1.1427303e-10 -1.4058203e-08 0.0
-1.3618532e-08 -5.9089017e-10 -2.8454386e-08 -6.248489e-10 1.5286496e-08 2.3918094e-09 -1.4058872e-08 1.49949e-08 -2.19268e-10
-2.8663042e-08 1.3405737e-08 2.7493408e-08 -2.7266665e-08 1.4295398e-08 1.2147049e-08 -1.0578877e-08 3.9945018e-08 -6.8253994e-09
-2.6864548e-09 -3.8033523e-09 6.0606503e-10 2.8460219e-09 -1.3483327e-08 2.8629069e-10 -1.2417026e-09 1.0498473e-08 3.196955e-10
2.3324465e-09 3.7587755e-09 2.6968685e-09 6.903609e-10 2.0214919e-09 -6.318274e-10 1.0578285e-09 -1.047749e-09 0.0
