1.0190512e-09 -4.309615e-09 4.2247839e-10 -2.8496272e-08 -6.0970473e-10 1.7216437e-09 2.8381196e-08 7.0247457e-09 0.0
1.0769589e-09 1.5979998e-09 1.0730635e-09 2.6067697e-08 1.4538771e-08 6.4405176e-10 1.4573647e-08 5.307619e-09 0.0
-5.908079e-10 -1.23561295e-08 1.4257721e-08 2.7599702e-08 1.9922015e-09 -2.4008344e-08 -1.3140864e-09 5.080225e-08 -8.761011e-09
-5.187148e-10 1.3881252e-09 -1.1721447e-08 3.9154784e-08 1.5153107e-08 1.4729125e-08 1.5209729e-09 2.2548864e-08 1.607643e-08
-2.5823773e-08 7.784305e-10 -9.709332e-10 2.8612876e-08 -1.5965181e-09 -1.3075521e-08 2.5507076e-08 2.5960384e-10 1.9405476e-10
1.986009e-09 1.518667e-08 3.3985406e-10 2.715217e-09 -8.253816e-11 1.2999817e-08 -6.0504324e-11 1.4511151e-08 0.0
3.7234552e-10 -2.6510032e-08 3.4564565e-10 1.3684797e-09 -1.1906567e-08 3.8121928e-10 1.6103142e-08 -1.1547856e-08 1.0192419e-09
1.8885676e-10 2.0217815e-08 -1.1015986e-08 -7.9835916e-10 8.3369034e-11 3.4431835e-10 -2.167994e-08 2.6404814e-08 6.225932e-09
-5.487295e-10 4.825797e-10 8.796404e-10 1.4212676e-11 -1.2721287e-09 1.4296897e-08 1.4840049e-08 7.8835566e-10 -2.422493e-10
6.772215e-09 1.7013302e-09 -1.0082957e-10 -9.727527e-11 -8.520545e-09 6.622733e-10 5.964617e-09 -1.2169086e-08 0.0
-2.4403192e-08 -1.0408801e-08 -2.7568097e-08 1.1772419e-08 -1.2154901e-08 -5.4470145e-10 -1.499742e-08 -1.4496706e-08 -3.8645873e-10
-2.319362e-10 -2.8677094e-08 4.695213e-11 2.83483e-08 1.4196961e-08 2.948097e-10 6.370355e-10 1.2139545e-10 1.31585525e-08
1.36626275e-08 -1.4250691e-08 -1.497608e-08 1.4172741e-10 4.049353e-11 2.767663e-09 -4.814598e-10 -2.4352211e-08 -7.624399e-10
1.7655948e-09 1.8272997e-10 1.3684522e-09 1.9566149e-09 -1.1100667e-10 5.970421e-10 9.5879166e-11 8.694873e-10 0.0
-3.164967e-10 -2.7406484e-08 5.9808547e-10 1.2497308e-08 8.035354e-11 1.935865e-09 -1.314739e-08 9.9062286e-11 1.5391546e-09
4.7095383e-10 1.1637784e-08 -4.7449156e-10 -2.626217e-09 -1.0820905e-08 -3.11504e-10 1.354198e-08 -3.602925e-10 8.124155e-09
-5.7718264e-10 -1.3562043e-09 -4.646463e-10 2.8295226e-08 -1.6989985e-09 -1.3249275e-08 -1.2447121e-10 8.172402e-10 -6.0802274e-09
8.1335294e-10 1.9136852e-09 -5.009587e-10 -1.3001662e-08 -1.3214321e-08 8.7150814e-11 1.2404151e-10 -1.4032722e-08 0.0
-1.3574842e-08 -6.10324e-10 -2.8422454e-08 -6.4568895e-10 1.5321957e-08 2.495895e-09 -1.4033418e-08 1.501828e-08 -2.2331219e-10
-2.8639748e-08 1.3363307e-08 2.7431753e-08 -2.7185552e-08 1.4289812e-08 1.2052494e-08 -1.0409308e-08 3.9796394e-08 -6.801706e-09
-2.7598006e-09 -8.1656854e-10 8.7418567e-10 -1.9871735e-09 1.2398411e-08 8.968485e-10 2.5335642e-09 1.7829658e-08 3.379709e-10
1.6487034e-10 -8.57228e-10 1.6764129e-09 2.6087015e-09 -3.0184852e-09 -7.0004965e-12 1.4201902e-09 1.8608151e-09 0.0
