9.335819e-10 -3.9724055e-09 3.8433004e-10 -2.85491e-08 -5.659789e-10 1.5804433e-09 2.8433877e-08 6.462895e-09 0.0
9.868961e-10 1.4666072e-09 9.833095e-10 2.6303894e-08 1.45351775e-08 5.8832783e-10 1.4567285e-08 4.8819744e-09 0.0
-5.4858085e-10 -1.2534939e-08 1.4276419e-08 2.7714373e-08 1.8295392e-09 -2.4417165e-08 -1.2144876e-09 5.1385015e-08 -8.64785e-09
-4.8220616e-10 1.2733803e-09 -1.19506005e-08 3.9507167e-08 1.5100785e-08 1.471043e-08 1.3956901e-09 2.3064178e-08 1.5950866e-08
-2.6088587e-08 7.120475e-10 -8.985536e-10 2.8647182e-08 -1.4745166e-09 -1.3197267e-08 2.578774e-08 2.3437494e-10 1.7402535e-10
1.8238387e-09 1.5131684e-08 3.0825964e-10 2.4952052e-09 -8.06278e-11 1.3118294e-08 -6.034172e-11 1.4509747e-08 0.0
3.3817374e-10 -2.6720413e-08 3.1359176e-10 1.255293e-09 -1.2121038e-08 3.463436e-10 1.5975457e-08 -1.1790777e-08 9.337573e-10
1.6923966e-10 2.0340892e-08 -1.1301099e-08 -7.396687e-10 7.211936e-11 3.1236974e-10 -2.169631e-08 2.6614266e-08 6.3045857e-09
-5.0984017e-10 4.3966397e-10 8.052294e-10 8.448596e-12 -1.1758585e-09 1.4312491e-08 1.4812557e-08 7.2118517e-10 -2.2767037e-10
6.807536e-09 1.5617413e-09 -9.746831e-11 -9.4195936e-11 -8.42646e-09 6.05104e-10 6.0639964e-09 -1.2362734e-08 0.0
-2.4780693e-08 -1.0742076e-08 -2.7694549e-08 1.19882575e-08 -1.23496715e-08 -5.061316e-10 -1.4966721e-08 -1.450572e-08 -3.6044095e-10
-2.1817538e-10 -2.8715574e-08 3.859111e-11 2.8403592e-08 1.4220482e-08 2.6678829e-10 5.818682e-10 1.0712948e-10 1.32644375e-08
1.372853e-08 -1.4279223e-08 -1.494707e-08 1.2584869e-10 3.264481e-11 2.5434912e-09 -4.4790632e-10 -2.4733751e-08 -7.065988e-10
1.6209085e-09 1.6359884e-10 1.2552678e-09 1.7967763e-09 -1.0683814e-10 5.450471e-10 8.3637174e-11 7.9588147e-10 0.0
-2.9602842e-10 -2.7545756e-08 5.4600774e-10 1.2655646e-08 6.934306e-11 1.7776726e-09 -1.3263437e-08 8.65678e-11 1.4124296e-09
4.2896053e-10 1.1864301e-08 -4.414907e-10 -2.4225375e-09 -1.1121492e-08 -2.9143166e-10 1.3617453e-08 -3.3635028e-10 8.052237e-09
-5.3603627e-10 -1.2532647e-09 -4.3242654e-10 2.8354727e-08 -1.5688678e-09 -1.3357238e-08 -1.1923468e-10 7.4777884e-10 -6.179711e-09
7.441998e-10 1.7572521e-09 -4.6585863e-10 -1.3129268e-08 -1.332506e-08 7.560117e-11 1.0956561e-10 -1.407854e-08 0.0
-1.3656981e-08 -5.6654886e-10 -2.848114e-08 -5.991087e-10 1.5256235e-08 2.29328e-09 -1.4079184e-08 1.4976651e-08 -2.1023544e-10
-2.8681198e-08 1.3452953e-08 2.7559748e-08 -2.7342349e-08 1.43059635e-08 1.2246114e-08 -1.0742545e-08 4.0097884e-08 -6.8439605e-09
-1.4594376e-09 -2.519798e-09 -8.192229e-10 2.1409781e-10 4.6115005e-09 1.4439236e-09 -7.7607387e-10 7.887691e-09 3.065258e-10
3.6643728e-09 1.9825255e-09 2.6037572e-09 -1.1125684e-09 7.2830003e-10 -4.610193e-09 4.1480757e-09 -2.2645381e-09 0.0
