1.0101074e-09 -4.2980473e-09 4.1583081e-10 -2.8503635e-08 -6.123794e-10 1.7099954e-09 2.8378958e-08 6.9926873e-09 0.0
1.0677921e-09 1.5868276e-09 1.0639115e-09 2.607437e-08 1.45338e-08 6.365513e-10 1.4568542e-08 5.2821676e-09 0.0
-5.935552e-10 -1.2369601e-08 1.4253832e-08 2.7600471e-08 1.979511e-09 -2.403298e-08 -1.3140498e-09 5.0825726e-08 -8.760315e-09
-5.2173954e-10 1.3777605e-09 -1.1737365e-08 3.916708e-08 1.514577e-08 1.47234225e-08 1.5100967e-09 2.2569079e-08 1.6065542e-08
-2.5841416e-08 7.704128e-10 -9.722169e-10 2.8609746e-08 -1.5953942e-09 -1.3086225e-08 2.5515899e-08 2.5358324e-10 1.8828648e-10
1.9733428e-09 1.5179205e-08 3.335246e-10 2.6997447e-09 -8.72418e-11 1.3000771e-08 -6.529278e-11 1.4506285e-08 0.0
3.65891e-10 -2.6525035e-08 3.392938e-10 1.3581909e-09 -1.1921771e-08 3.7473052e-10 1.6092146e-08 -1.1564439e-08 1.0102973e-09
1.8310847e-10 2.021899e-08 -1.1034616e-08 -8.0030754e-10 7.802678e-11 3.3797165e-10 -2.1685533e-08 2.6410175e-08 6.224953e-09
-5.516386e-10 4.757009e-10 8.712331e-10 9.136612e-12 -1.2722535e-09 1.4292858e-08 1.483392e-08 7.802997e-10 -2.4633817e-10
6.769133e-09 1.68976e-09 -1.05462805e-10 -1.0192219e-10 -8.520777e-09 6.5470274e-10 5.964642e-09 -1.218328e-08 0.0
-2.4426308e-08 -1.0429771e-08 -2.7579027e-08 1.1778099e-08 -1.2169148e-08 -5.476261e-10 -1.5000731e-08 -1.4501939e-08 -3.8999254e-10
-2.3606483e-10 -2.8683752e-08 4.1750048e-11 2.8346188e-08 1.4193307e-08 2.8865355e-10 6.2956207e-10 1.1590681e-10 1.3158895e-08
1.3661029e-08 -1.4256872e-08 -1.4979468e-08 1.361605e-10 3.5316302e-11 2.7519886e-09 -4.846278e-10 -2.437552e-08 -7.6452644e-10
1.7537775e-09 1.7700526e-10 1.3581636e-09 1.944062e-09 -1.1560071e-10 5.897226e-10 9.0488755e-11 8.6111906e-10 0.0
-3.2029987e-10 -2.741804e-08 5.90762e-10 1.25001955e-08 7.5022884e-11 1.9233921e-09 -1.315782e-08 9.365961e-11 1.5282088e-09
4.641198e-10 1.1643979e-08 -4.776864e-10 -2.6211295e-09 -1.08402896e-08 -3.153263e-10 1.3540847e-08 -3.63927e-10 8.115869e-09
-5.7998234e-10 -1.3560053e-09 -4.678791e-10 2.829331e-08 -1.6974803e-09 -1.3259309e-08 -1.2901347e-10 8.0907325e-10 -6.089851e-09
8.0520074e-10 1.9012976e-09 -5.0405174e-10 -1.30126505e-08 -1.32244935e-08 8.1793995e-11 1.1854269e-10 -1.4039738e-08 0.0
-1.3583627e-08 -6.1299615e-10 -2.8430096e-08 -6.482249e-10 1.5313967e-08 2.4812665e-09 -1.4040435e-08 1.5011468e-08 -2.2747398e-10
-2.864656e-08 1.3362861e-08 2.7433167e-08 -2.7197958e-08 1.4285798e-08 1.2057093e-08 -1.0430275e-08 3.980623e-08 -6.808553e-09
-1.83553e-09 -1.1639437e-09 9.327316e-10 -1.5446155e-09 1.2348086e-08 -7.5910567e-10 2.158493e-09 1.7852175e-08 3.3164854e-10
-3.6786424e-10 1.7847515e-09 2.013187e-09 1.6308567e-09 -5.8171573e-10 3.3228265e-09 2.6161926e-09 2.627336e-09 0.0
