8.6712965e-10 -3.6896515e-09 3.5697356e-10 -2.858859e-08 -5.256926e-10 1.4679481e-09 2.8481567e-08 6.0028684e-09 0.0
9.166491e-10 1.3622147e-09 9.13318e-10 2.6503194e-08 1.45363686e-08 5.464509e-10 1.4566193e-08 4.5344763e-09 0.0
-5.095331e-10 -1.2678507e-08 1.4296028e-08 2.7813273e-08 1.6993136e-09 -2.4750758e-08 -1.1280409e-09 5.1870646e-08 -8.5502005e-09
-4.47883e-10 1.1827412e-09 -1.2135762e-08 3.9802465e-08 1.5061714e-08 1.4699149e-08 1.2963453e-09 2.349408e-08 1.5851288e-08
-2.630321e-08 6.613641e-10 -8.345949e-10 2.8679688e-08 -1.3695609e-09 -1.3293691e-08 2.6023777e-08 2.1769223e-10 1.6163826e-10
1.6940181e-09 1.5090418e-08 2.863178e-10 2.317598e-09 -7.4888734e-11 1.32203395e-08 -5.604661e-11 1.4512749e-08 0.0
3.141027e-10 -2.6890062e-08 2.9127045e-10 1.1659417e-09 -1.2294067e-08 3.21691e-10 1.587413e-08 -1.1987315e-08 8.6729274e-10
1.5719323e-10 2.0446732e-08 -1.1532491e-08 -6.870194e-10 6.698594e-11 2.9013542e-10 -2.1705674e-08 2.6791472e-08 6.3737273e-09
-4.7354987e-10 4.0836892e-10 7.479132e-10 7.847229e-12 -1.0921613e-09 1.4329532e-08 1.4794006e-08 6.6985156e-10 -2.1146486e-10
6.840878e-09 1.4505772e-09 -9.053055e-11 -8.7491125e-11 -8.344568e-09 5.6203303e-10 6.1502634e-09 -1.2518559e-08 0.0
-2.508841e-08 -1.101326e-08 -2.7794862e-08 1.2170737e-08 -1.2506427e-08 -4.701054e-10 -1.4937198e-08 -1.4509008e-08 -3.347848e-10
-2.0264575e-10 -2.874321e-08 3.584421e-11 2.8453435e-08 1.4244071e-08 2.4779837e-10 5.404509e-10 9.950404e-11 1.3356081e-08
1.3787138e-08 -1.4298632e-08 -1.4918944e-08 1.168908e-10 3.032117e-11 2.3624462e-09 -4.1602452e-10 -2.5044812e-08 -6.5630323e-10
1.5055327e-09 1.5195394e-10 1.1659184e-09 1.6688821e-09 -9.923344e-11 5.0625076e-10 7.768391e-11 7.3923084e-10 0.0
-2.7495725e-10 -2.765666e-08 5.071431e-10 1.279062e-08 6.440723e-11 1.6511383e-09 -1.335515e-08 8.040594e-11 1.3118934e-09
3.9842712e-10 1.20556045e-08 -4.100656e-10 -2.2501023e-09 -1.1365668e-08 -2.7068767e-10 1.3683967e-08 -3.1240893e-10 7.996982e-09
-4.9788157e-10 -1.1640577e-09 -4.0164652e-10 2.8408046e-08 -1.4571964e-09 -1.3442276e-08 -1.10747585e-10 6.945521e-10 -6.257742e-09
6.9122796e-10 1.6321712e-09 -4.3269896e-10 -1.3230532e-08 -1.3412385e-08 7.021989e-11 1.0176676e-10 -1.4112235e-08 0.0
-1.3720682e-08 -5.262222e-10 -2.852546e-08 -5.564644e-10 1.5206101e-08 2.1300453e-09 -1.4112833e-08 1.4946416e-08 -1.9527094e-10
-2.871128e-08 1.3531176e-08 2.7669657e-08 -2.746773e-08 1.4323471e-08 1.2410241e-08 -1.1013693e-08 4.035113e-08 -6.87471e-09
-1.6204154e-09 -1.314208e-09 -1.0407716e-09 9.295388e-09 5.716723e-09 9.35173e-10 1.3564231e-09 9.2105354e-09 2.8470742e-10
-2.2414155e-09 2.6727989e-09 -3.4200327e-09 -3.28656e-09 6.4402723e-09 6.084083e-09 4.0086228e-09 -1.066761e-08 0.0
