0.8707567 0.8707567 0.8707567 0.8707567 0.8707567 0.8707567 0.8707567 0.8707567 0.0
0.8707567 0.8707567 0.8707567 0.8707567 0.8707567 0.8707567 0.8707567 0.8707567 0.0
0.8707567 0.8707567 0.8707567 0.8707567 0.8707567 0.8707567 0.8707567 0.8707567 0.8707567
0.8707567 0.8707567 0.8707567 0.8707567 0.8707567 0.8707567 0.8707567 0.8707567 0.8707567
0.8707567 0.8707567 0.8707567 0.8707567 0.8707567 0.8707567 0.8707567 0.8707567 0.8707567
0.8707567 0.8707567 0.8707567 0.8707567 0.8707567 0.8707567 0.8707567 0.8707567 0.0
0.8707567 0.8707567 0.8707567 0.8707567 0.8707567 0.8707567 0.8707567 0.8707567 0.8707567
0.8707567 0.8707567 0.8707567 0.8707567 0.8707567 0.8707567 0.8707567 0.8707567 0.8707567
0.8707567 0.8707567 0.8707567 0.8707567 0.8707567 0.8707567 0.8707567 0.8707567 0.8707567
0.8707567 0.8707567 0.8707567 0.8707567 0.8707567 0.8707567 0.8707567 0.8707567 0.0
0.8707567 0.8707567 0.8707567 0.8707567 0.8707567 0.8707567 0.8707567 0.8707567 0.8707567
0.8707567 0.8707567 0.8707567 0.8707567 0.8707567 0.8707567 0.8707567 0.8707567 0.8707567
0.8707567 0.8707567 0.8707567 0.8707567 0.8707567 0.8707567 0.8707567 0.8707567 0.8707567
0.8707567 0.8707567 0.8707567 0.8707567 0.8707567 0.8707567 0.8707567 0.8707567 0.0
0.8707567 0.8707567 0.8707567 0.8707567 0.8707567 0.8707567 0.8707567 0.8707567 0.8707567
0.8707567 0.8707567 0.8707567 0.8707567 0.8707567 0.8707567 0.8707567 0.8707567 0.8707567
0.8707567 0.8707567 0.8707567 0.8707567 0.8707567 0.8707567 0.8707567 0.8707567 0.8707567
0.8707567 0.8707567 0.8707567 0.8707567 0.8707567 0.8707567 0.8707567 0.8707567 0.0
0.8707567 0.8707567 0.8707567 0.8707567 0.8707567 0.8707567 0.8707567 0.8707567 0.8707567
0.8707567 0.8707567 0.8707567 0.8707567 0.8707567 0.8707567 0.8707567 0.8707567 0.8707567
0.8707567 0.8707567 0.8707567 0.8707567 0.8707567 0.8707567 0.8707567 0.8707567 0.8707567
0.8707567 0.8707567 0.8707567 0.8707567 0.8707567 0.8707567 0.8707567 0.8707567 0.0
