5.5181274 -0.2958715 -0.61069703 -0.59807235 -0.29417756 -1.281197 -1.2216617 -0.027641067 0.0
-1.0043026 -0.17178656 -0.8099954 -0.86520576 6.8066688 -0.27805743 -1.0470511 -1.1292131 0.0
0.1958206 -0.28751212 -0.3184205 -0.7324531 -0.5750009 -0.34196773 -0.42532253 -0.66243684 4.4078417
-0.5421845 -0.4927204 -0.13124421 -0.2409967 -0.3422396 -0.09671108 -0.33868656 -0.7009507 3.785244
-0.5540764 -0.38461077 -0.44224828 0.0037286063 -0.052941035 -0.49038684 -0.8658975 -0.7770096 4.1200976
-0.25588715 -0.81872237 -0.71680135 6.0045342 -0.682572 -0.6518402 -0.4998046 -0.5052214 0.0
-0.55634344 -0.48852593 -0.38817796 -0.39738786 -0.2246076 -0.6568898 -0.28846285 -0.77032083 4.6601977
-0.06244942 -0.19784693 -0.4614501 -0.92119163 -0.11552925 -0.6031163 -0.9236071 -1.0616279 4.7056875
-0.15325315 -0.22149275 -0.68638927 -0.26153475 -0.23923503 -0.3062751 -0.24116734 -0.57110256 4.023535
-0.61319304 -0.84956044 -0.61498183 -0.71092683 -0.37175196 -0.4801243 -1.2656752 5.787042 0.0
-0.36022282 -0.3183749 -0.62761545 -0.11249027 -0.29231232 -0.3041786 -1.009324 -0.26013008 4.127978
-0.50715804 -0.5545655 -0.020038564 -0.14006127 -0.095897526 -0.20711295 -0.28711465 -0.8667544 3.6579971
-0.7063135 -0.38532487 -0.47498026 -0.05777028 -0.17249116 -0.3442235 -0.24525596 -1.0627997 4.5111685
-0.9181475 -0.42621648 -0.88035774 -0.21708807 -0.90947354 -0.95065475 5.652244 -0.28286234 0.0
-0.37777114 -0.31878847 -0.62219805 -0.9470151 -0.18977486 -0.16812561 -0.09108943 -0.24302518 4.1908584
-1.2083143 0.6756945 -0.18353456 -0.117299564 -0.40120026 -0.27264452 -0.62548786 -0.66522944 3.7845867
-0.31247824 -0.45839515 0.054387987 -0.3154065 0.041569028 -0.5619397 -0.38222536 -1.09757 3.8489947
-0.5986112 -1.0565175 -0.1886105 -0.6938754 5.682545 -0.31741473 -1.1305393 -0.5816329 0.0
0.22433609 -0.5439779 -0.54438686 -0.33522248 -0.3739178 -0.23029968 -0.8675398 -0.516542 3.703771
-0.45766413 -0.7243424 0.120615505 -0.20491208 -0.28698394 -0.5560798 -0.06400909 -0.5015964 3.6939888
-0.57358265 -0.53268385 -0.37660167 -0.17276205 0.20366882 0.0020151588 -0.46591374 -0.91066545 3.8346343
-0.8465929 -0.38110963 -0.4747978 -0.7919863 4.5741444 -0.5457708 -0.36762246 -0.5720789 0.0
