5.526318 -0.30259255 -0.61590976 -0.6005391 -0.3009701 -1.283301 -1.2448881 -0.028085465 0.0
-1.0127168 -0.19625087 -0.8120722 -0.87389815 6.8223786 -0.31026086 -1.0592078 -1.1474018 0.0
0.19991584 -0.294997 -0.32165796 -0.77174723 -0.57897633 -0.37952128 -0.4401472 -0.68807393 4.4356217
-0.5605777 -0.50268394 -0.13352616 -0.2514335 -0.37135714 -0.09876657 -0.344221 -0.7275133 3.8246956
-0.5829745 -0.25335008 -0.46697 0.0036065483 -0.053583484 -0.52067274 -0.9056116 -0.7983474 4.078239
-0.28229666 -0.83011556 -0.7509252 6.0537972 -0.6977939 -0.6611813 -0.51983666 -0.5185305 0.0
-0.5775542 -0.5157293 -0.40868998 -0.40663725 -0.24036202 -0.6684081 -0.2939196 -0.78181946 4.706115
-0.06775134 -0.20565102 -0.47008854 -0.92531735 -0.12581843 -0.7235899 -0.9573038 -1.0797735 4.742794
-0.1544072 -0.22837394 -0.702912 -0.26648223 -0.24114385 -0.3227414 -0.25184718 -0.6105593 4.0583577
-0.6257222 -0.86804247 -0.6325647 -0.7218562 -0.3979487 -0.49827746 -1.2912928 5.8366055 0.0
-0.383741 -0.3359166 -0.6416563 -0.120721936 -0.31209096 -0.31370637 -1.0295904 -0.26978588 4.1824584
-0.52071005 -0.5692045 -0.02036666 -0.14079572 -0.100315 -0.21079622 -0.29477724 -0.85389656 3.6688669
-0.7176146 -0.3970419 -0.48316675 -0.059700914 -0.18568145 -0.34990057 -0.24665183 -1.0802186 4.5352426
-0.9314111 -0.44312456 -0.90267825 -0.23483892 -0.9265842 -0.98299974 5.683794 -0.28525943 0.0
-0.397532 -0.33825746 -0.63613385 -0.95738584 -0.20561059 -0.17993143 -0.093596816 -0.26691157 4.228609
-1.1382259 0.66519463 -0.1889444 -0.22741246 -0.40848908 -0.30174574 -0.6371222 -0.37098965 3.6931162
-0.26711214 -0.46723452 0.055995826 -0.32692784 0.044668302 -0.5767343 -0.38772646 -1.101872 3.8491375
-0.6164585 -1.0599933 -0.20469013 -0.72639406 5.701604 -0.35075337 -1.1566122 -0.60175836 0.0
0.23443529 -0.5587245 -0.24445955 -0.34232837 -0.40041107 -0.2322301 -0.89174396 -0.53925735 3.5536406
-0.22911507 -0.75208753 0.123477265 -0.2086831 -0.3090496 -0.56345975 -0.13681702 -0.53331983 3.6970713
-0.5883779 -0.5372003 -0.37984544 -0.18106204 0.20641692 0.0020167737 -0.48419943 -0.91870046 3.8513808
-0.863948 -0.38409528 -0.5125675 -0.6501755 4.5739617 -0.5760275 -0.38638887 -0.5907922 0.0
