5.3006334 -0.19427337 -0.50254273 -1.0513425 -0.50958025 -1.0013399 -0.863721 -0.6988191 0.0
-0.9187153 -1.0422803 -0.7519044 -0.8477924 6.1353784 -1.1773115 -1.078323 -0.46385694 0.0
-0.5984821 -0.7379148 -0.6486478 -0.7629154 -0.18634966 -0.70295274 -0.34753227 -0.87402976 4.803325
-0.6852194 -0.71408767 -0.68651766 -0.8981992 -0.2648116 -0.40591824 -0.58694255 -0.32185295 4.3771334
-0.1948779 0.6358874 -0.64423925 -0.6880759 -0.31007063 -0.6790044 -1.0076929 -0.5367437 4.0237956
-0.81215197 -1.1789215 -1.0576863 5.801244 -0.63890374 -0.6212265 -0.41778094 -0.64054096 0.0
-0.94796866 -0.7651174 -0.06377839 -0.504336 -0.3974788 -0.69882286 -0.57732195 -0.5211803 4.6887665
-0.09881053 -0.06760953 -0.38580525 -0.80495393 0.20079911 -0.817996 -0.88902915 -0.8831888 4.2724195
-0.5526093 -0.39123505 -0.18910569 -0.8571522 -0.5672281 -0.68056256 -0.15258789 -0.46437162 4.177412
-0.6517342 -1.6408672 -0.8995496 -0.5848876 -0.7018442 -1.0981579 -1.0852449 6.1157312 0.0
-0.4387517 -0.69851094 -0.7001508 -0.36987004 -0.2857556 0.03069876 -1.066546 -0.0714712 4.0160985
-0.5028993 -0.36640188 -0.06015401 -0.18420552 -0.23063968 -0.9508037 -0.6390937 -0.59307057 3.8896365
-0.5763599 -0.40024266 -0.65343213 -0.411154 -0.71061534 -0.30544955 -0.97281563 -0.5853009 4.549771
-1.2038732 -1.0499071 -0.65584755 -0.5201149 -1.1742454 -1.3343813 5.989573 -0.38483173 0.0
-0.79647315 -0.4862763 -0.6955525 -0.80676997 -0.12691522 -0.12834771 -0.72861415 -0.37589514 4.280039
-0.481248 -0.3073546 -0.23773877 -0.49413615 -0.6901109 -0.655699 -0.53842074 -0.9473099 4.313456
-0.7888338 -0.9629445 -0.28950337 -0.413309 -0.0048964424 -0.8918365 -0.51598305 -0.25669003 4.1751356
-0.71989995 -0.89653873 -0.49402675 -1.2081705 5.5322223 -1.0548332 -1.087184 -0.457544 0.0
-0.23665646 -0.44935274 -0.67441195 -0.5755658 -0.31107405 -0.2189864 -0.6787741 -0.6561815 4.004408
-0.4157393 -0.60099244 -0.53362745 -0.40210044 -0.21639083 -0.2601395 -0.1264483 -0.3714107 3.6740792
-0.787423 -0.5800157 -0.26236928 -0.5202215 -0.37904266 -0.526543 -0.3576155 -0.08213769 3.8266296
-0.70465845 -0.8249851 -0.80362755 -0.8699322 4.9567714 -0.32485133 -0.7685447 -0.9543438 0.0
