1.9296452 0.41333848 0.31032833 -0.50097126 0.4842739 -0.29286876 -0.6794295 -1.2703689 0.0
-0.65670335 -0.7953294 0.2915733 0.35548908 1.7046552 -1.5834061 1.4252994 -0.1601183 0.0
0.03797679 -0.09015932 -0.27542418 -0.34485844 0.067035876 -0.1030883 -0.27849984 -0.784303 2.0852847
-0.5126743 -0.3441063 -0.613809 -0.59241664 0.16921748 -0.46017405 -0.53897476 -0.73577493 3.3138006
-0.8394961 -0.37127548 0.102570765 -0.1653539 -0.32904777 0.067208484 -0.5589642 -0.9037555 2.8865883
-1.3111743 -0.90992075 0.48479316 1.6554799 -0.08061747 0.054735992 -0.8365163 0.81720215 0.0
-0.6867537 -0.32103258 -0.7174043 -0.2760659 -0.25628042 -0.5615464 -0.5232096 -0.33511543 3.4082706
-0.27218083 -0.06343652 -0.31706744 0.08905741 -0.43651745 0.056543525 -0.02157924 0.067977645 0.98673123
-0.39872828 -0.44399753 -0.86068755 -0.10634229 -0.48921993 -0.30683646 -0.34717155 -0.62735325 3.4183686
0.29912224 -0.021623006 0.10024997 0.48422122 -0.14929183 -0.831008 0.2320124 0.26149023 0.0
-0.3192426 -0.45281595 -0.33291784 -0.42846853 -0.3431634 -0.5247573 -0.18036014 -0.21124952 2.6768115
-0.20511061 -0.6524494 -0.3431236 -0.36630395 -0.5078122 -0.5090869 -0.4945641 -0.34917215 3.2003534
-0.43511418 -0.55148613 -0.5255424 -0.445865 -0.32697633 -0.5789561 -0.4421072 -0.48219952 3.4874692
0.015287706 -0.6866864 0.087012894 0.345033 0.14367011 -0.45606446 0.6834043 -0.038866118 0.0
-0.37732366 -0.45975068 -0.593514 -0.5461112 -0.31132835 -0.22932322 -0.45210284 -0.41754344 3.06942
-0.6630486 -0.637076 -0.40453178 -0.59120107 -0.2921531 -0.2353073 -0.37661833 -0.47977552 3.2332628
-0.6133594 -0.43535465 -0.5815361 -0.54475343 -0.31402975 -0.25683433 -0.4292594 -0.7005894 3.413063
0.16741674 -0.21097942 -0.24378927 -0.1250308 0.7535609 -0.36889762 -0.2018702 0.44838855 0.0
-0.4543219 -0.46510854 -0.553578 -0.7137858 -0.28376672 -0.5522041 -0.49586478 -0.6940248 3.9563298
-0.44511503 -0.51488334 -0.50681114 -0.8099425 -0.47401497 -0.4833745 -0.37101102 -0.71763116 4.0082197
-0.5209534 -0.3029838 -0.4535904 -0.70342803 -0.08683751 -0.34595186 -0.4136186 -0.65345424 3.3698494
0.32378906 0.08611752 0.27127805 -0.77224946 0.78544074 -0.026739491 0.05874458 -0.5975866 0.0
