5.0190167 -0.2180335 -0.22364014 -0.3225416 -0.36352453 -1.2184298 -1.43215 -0.4106949 0.0
-0.8101929 -0.5753337 -0.58741695 -0.7814752 6.123369 -0.7260187 -0.88160723 -1.0181271 0.0
-0.29495493 -0.1576646 -0.3801173 -0.9312844 -0.3238363 -0.6382721 -0.22555958 -0.8477031 4.4463043
-0.3187415 -0.11394305 -0.47172686 -0.16982254 -0.697868 0.09285536 0.037755914 -0.50405216 3.4085758
-0.4627508 0.20267533 -0.5077674 -0.54614097 -0.30199057 -0.5819468 -1.0572988 -0.8156232 4.444984
-0.65363705 -0.75744224 -1.098831 6.2852755 -0.83264744 -0.73829204 -0.57648623 -0.6338094 0.0
-0.6540592 -0.5532327 -0.24702264 -0.67868 -0.39297172 -0.33293125 -0.047016434 -0.6002715 4.4247675
0.017714037 -0.28227773 -0.5208814 -0.9568419 -0.22692806 -0.8597972 -1.0625747 -0.86518663 4.702059
-0.18776478 -0.68781924 -0.7970158 -0.0014267411 -0.15589513 -0.7566024 -0.18885018 -0.62667483 4.152091
-0.7409544 -1.0998605 -0.7969667 -0.29776555 -0.6960977 -0.9024793 -1.5216172 6.14118 0.0
-0.46338108 -0.48322442 -0.31749266 -0.3736473 -0.37385687 -0.015224864 -1.0275952 -0.30112875 4.138372
-0.38945273 -0.64926785 0.16575372 -0.8458729 -0.30356362 -0.422933 -0.83608836 -0.5785493 4.390206
-0.9831701 -0.12954208 -1.0478606 -0.07776136 -0.27990162 -0.1374171 -0.3128679 -0.80346674 4.433709
-0.8326762 -0.6067146 -1.1083218 -0.44549128 -0.8389934 -1.0022463 5.9340124 -0.7240263 0.0
-0.5949417 -0.18818052 -0.7981874 -0.52648103 -0.3705591 -0.2673805 -0.24716845 -0.3943012 4.2212396
-0.64457077 0.20316842 -0.34275016 -0.6543307 -0.67598987 -0.51456845 -0.6966009 -0.6516124 4.0698
-0.496996 -0.55903095 -0.4541573 -0.57019806 0.28211418 -0.749337 -0.33853924 -0.7587445 3.9137437
-0.7842738 -0.95179456 -0.3989179 -1.0522 5.843927 -0.79450804 -1.3929553 -0.41979104 0.0
0.7198355 -0.65177584 -0.26907882 -0.64671737 -0.28983998 -0.5777902 -0.62989104 -0.50965077 3.3807607
-0.17027706 -0.74121493 0.19673161 -0.26108593 -0.4259456 -0.4807855 -0.3012429 -0.47797436 3.6706038
-0.3781873 -0.6581309 -0.20172404 -0.33874834 -0.46096116 -0.5603239 -0.59549415 -0.58093107 4.016204
-0.64982593 -0.62856406 -0.86755675 -0.9262039 4.929081 -0.8921794 -0.53371894 -0.75337374 0.0
