5.2889647 -0.32865843 -0.6354741 -0.6091394 -0.32733873 -1.0395458 -1.3149834 -0.029784357 0.0
-1.0442866 -0.32009077 -0.8099801 -0.615608 6.8007016 -0.46415925 -1.1051631 -1.2168801 0.0
0.2211876 -0.32420528 -0.38325098 -0.7471374 -0.31521767 -0.57178575 -0.51303506 -0.7679079 4.3101993
-0.6355264 -0.5317872 -0.25758094 -0.2938589 -0.5129811 0.08576361 -0.35912904 -0.6224507 3.933593
-0.41912234 0.14857893 -0.57030183 -0.24474126 -0.053124245 -0.64021015 -0.86524713 -0.6617473 3.9809248
-0.4050792 -0.87339765 -0.89103454 6.2365465 -0.75473183 -0.6965231 -0.6006787 -0.5665978 0.0
-0.4670544 -0.62947327 -0.2703234 -0.4396988 -0.30640832 -0.5266959 -0.31284735 -0.83237165 4.6924815
-0.091364555 -0.23709773 -0.4978697 -0.93773395 -0.15560979 -0.6418381 -1.0920612 -1.1491122 4.7856684
-0.035208452 -0.2520608 -0.7671652 -0.28548792 -0.5481491 -0.39128444 -0.29347125 -0.7052399 4.296344
-0.6740902 -0.9964188 -0.7016842 -0.75809264 -0.51192737 -0.5711581 -1.3900895 6.041873 0.0
-0.48958263 -0.4090062 -0.715922 -0.13444549 -0.39699033 -0.34481618 -0.9011961 -0.3073078 4.2551374
-0.5656853 -0.66056806 0.24344648 -0.1507913 -0.17134966 -0.07242626 -0.4523933 -0.9277846 3.6743681
-0.7607704 -0.18537426 -0.8235655 -0.06305571 -0.24365716 -0.29497224 0.103820354 -0.87386954 4.163352
-0.9816439 -0.51129466 -0.98977643 -0.31351918 -0.992351 -0.9870977 5.7810593 -0.29430607 0.0
-0.47882175 -0.42064992 -0.52872217 -0.7331162 -0.27597988 -0.13122886 -0.11034971 -0.3777272 4.0625725
-0.75007206 0.31127864 0.002126771 -0.56212395 -0.4360816 -0.4667248 -0.38634256 -0.5080995 3.491429
-0.12327545 -0.49147332 0.10312382 -0.265719 0.19363615 -0.9017873 -0.25479838 -0.83306944 3.528306
-0.6868348 -0.82743686 -0.276897 -0.85968584 5.554018 -0.5063589 -1.2578217 -0.5204952 0.0
0.25421885 -0.6046309 -0.24599965 -0.69137675 -0.3362034 -0.14314057 -0.98717946 -0.37598282 3.6117399
-0.22563715 -0.72965556 0.12973136 -0.019825682 -0.404363 -0.6316603 -0.3977712 -0.66559666 3.8708541
-0.4294813 -0.2854375 -0.39295703 -0.14200222 0.22255443 -0.3334304 -0.55213505 -0.9407535 3.8074107
-0.91964555 -0.39413568 -0.6781301 -0.79026115 4.668113 -0.70247316 -0.3356375 -0.6650525 0.0
