5.3261056 -0.8354616 -0.6482727 -1.2120913 -0.72337687 -0.9482114 -0.5344526 -1.0380845 0.0
-0.801028 -1.2623596 -0.6960744 -0.9366094 6.023353 -1.1066897 -1.0030618 -0.588212 0.0
-0.48984203 -0.35719922 -0.6368439 -0.55002373 -0.67862254 -0.42709574 -1.0982326 -0.57311136 4.6661615
-0.42757198 -0.47501674 -0.71872973 -0.68167955 -0.49358603 -0.21420825 -0.5003317 -0.50371736 4.2041373
-0.21811596 -0.29472592 -0.69928914 -0.35344556 -0.4887882 -0.18758878 -0.7499737 -1.1274942 4.55939
-1.077948 -0.99400663 -1.0822477 5.965206 -0.82871544 -0.6980923 -0.823252 -0.93857616 0.0
-0.7268797 -0.85461223 -0.738148 -0.5817535 -0.41136047 -0.63559526 -0.5165723 -0.70259297 4.7769685
-0.44171906 -0.64395237 -0.7301222 -0.7414469 -0.48794293 -0.44827688 -0.39641318 -0.6299459 4.372098
-0.65010047 -0.37399274 -0.4966629 -0.69115114 -0.6767312 -0.5350938 -0.51318246 -0.30273584 4.340819
-0.7273921 -1.3095559 -0.8734757 -0.6869526 -0.5798643 -1.2328247 -0.9116467 5.6294813 0.0
-0.6179095 -0.50054294 -0.30711985 -0.49094138 -0.41879687 -0.4426139 -0.83210117 -0.5787448 4.2338285
-0.713514 -0.5650057 -0.4177711 -0.35091236 -0.43661067 -0.5966831 -0.6297991 -0.69011706 4.3977695
-0.2823603 -0.44700968 -1.0536073 -0.39738423 -0.576974 -0.6963859 -0.594156 -0.5575269 4.3885927
-0.8957108 -0.8610922 -1.0278878 -0.84968674 -1.0148997 -1.0123335 5.6402645 -0.7948114 0.0
-0.9593141 -0.71066135 -0.5147813 -0.7607086 -0.22803554 -0.028688671 -0.2847751 -0.3352921 3.9862442
-0.5460487 -0.37708187 -0.37375346 -0.78062373 -0.6182081 -0.27454257 -0.3665056 -0.60836774 4.012206
-0.36060816 -0.6492538 -0.36632222 -0.46465194 -0.40009946 -0.6521993 -0.19807988 -0.6641556 4.0554028
-0.97769123 -0.97001326 -0.83410424 -0.75214297 5.240315 -0.91182286 -0.72994703 -0.5874707 0.0
-0.6535916 -0.6119043 -0.5301482 -0.76268315 -0.48731783 -0.4566496 -0.5833112 -0.4878325 4.2353973
-0.40628687 -0.21396828 -0.35349143 -0.5339417 -0.59871095 -0.44710773 -0.45963657 -0.3781811 3.814774
-0.63660824 -0.52577126 -0.3860599 -0.37037003 -0.31372064 -0.29796126 -0.70004773 -0.7023282 3.9966826
-1.0577421 -0.55809504 -0.8636542 -0.5583807 4.958992 -0.8691142 -0.90428716 -0.6768498 0.0
