5.0975747 -0.35604858 -0.56495136 -0.32539648 -0.35616237 -1.1821461 -1.4090322 -0.0960692 0.0
-0.78371626 -0.51314586 -0.55726945 -0.74199885 6.299132 -0.6922775 -1.1409705 -0.9962091 0.0
-0.13913739 0.054805353 -0.37958375 -0.95062435 -0.35625648 -0.5802088 -0.43629277 -0.81978387 4.416117
-0.4862017 -0.40423125 -0.48289958 -0.1705536 -0.47983158 0.2706216 -0.0894459 -0.4298906 3.513523
-0.49374512 0.10179804 -0.47935724 -0.4441621 -0.33716452 -0.5878764 -1.0138098 -0.7867022 4.454096
-0.6006675 -0.7069573 -1.0561234 6.267918 -0.81696105 -0.72928655 -0.69330406 -0.6230869 0.0
-0.6184434 -0.51108545 -0.23219542 -0.6453863 -0.3834231 -0.30685377 -0.20390911 -0.5726912 4.4351945
0.016435152 -0.2731019 -0.4860053 -0.95316005 -0.13068311 -0.8307244 -0.9953305 -0.81299555 4.680651
0.07273874 -0.6529224 -0.7885038 -0.28272933 -0.22794253 -0.65012604 -0.09291362 -0.57651424 4.200576
-0.72815275 -1.0793203 -0.77783567 -0.26326972 -0.6564542 -0.86464727 -1.4957645 6.08599 0.0
-0.6155118 -0.51874405 -0.2991761 -0.06643151 -0.52672917 -0.28978094 -0.9926082 -0.29115412 4.172056
-0.3673107 -0.6628241 0.33777803 -0.8261456 -0.34191114 -0.40040457 -0.7915346 -0.51758313 4.2755446
-0.9518289 -0.123585686 -1.005976 -0.06959784 -0.2654674 -0.120137215 -0.055411242 -0.7737932 4.3056836
-0.7706118 -0.5867119 -1.0846485 -0.41636115 -0.7903256 -0.9662975 5.8735 -0.71392995 0.0
-0.56585276 -0.48331305 -0.77461 -0.8485865 -0.3799887 -0.25306797 -0.20996958 -0.35855818 4.4290276
-0.5883333 0.022107564 -0.3132262 -0.6220372 -0.6458817 -0.4598502 -0.45294243 -0.67313486 4.0489373
-0.49945 -0.26743495 -0.027358372 -0.48333618 0.18138413 -0.95971024 -0.25013328 -0.7151516 3.709272
-0.76469076 -0.92533726 -0.37352288 -1.0114652 5.7735147 -0.7290683 -1.3671719 -0.39419946 0.0
0.5390494 -0.45928785 -0.24757448 -0.5664146 -0.28849742 -0.5288182 -0.58264893 -0.7224822 3.4900546
-0.1604612 -0.71768355 0.2047424 -0.33127448 -0.38842213 -0.5130443 -0.36936602 -0.43084884 3.6828022
-0.2742998 -0.58378446 -0.1895765 -0.32851562 -0.44313148 -0.4529351 -0.579155 -0.6694918 3.9282866
-0.71683407 -0.5092493 -0.80060256 -0.8876539 4.77286 -0.8516571 -0.48732919 -0.74804795 0.0
