5.0567126 -0.33619773 -0.6402808 -0.3098927 -0.33740222 -1.0771204 -1.3402807 -0.029824987 0.0
-1.0531237 -0.36602688 -0.52796483 -0.65404737 6.552744 -0.5183805 -1.1181178 -1.2366748 0.0
0.23077738 -0.21471083 -0.3942429 -0.81395185 -0.330514 -0.6335308 -0.47110608 -0.79799324 4.2871623
-0.6664215 -0.5426519 -0.27665818 -0.30456963 -0.5289069 0.31118077 -0.331222 -0.62496334 3.8603194
-0.41653 0.15342769 -0.60237044 -0.2525809 -0.15103662 -0.6416077 -0.91157997 -0.6903717 4.0908027
-0.46333316 -0.8282138 -0.93386936 6.252787 -0.7706493 -0.7023352 -0.6249852 -0.5816705 0.0
-0.45090294 -0.66485786 -0.2894961 -0.40877247 -0.32248688 -0.5382717 -0.3046364 -0.5860108 4.517461
-0.0017513557 -0.24640298 -0.51635534 -0.9419763 -0.16761653 -0.66689265 -1.1323014 -1.0055188 4.7633357
-0.032043945 -0.23679455 -0.77352375 -0.2909428 -0.5581635 -0.41222122 -0.30417186 -0.64085066 4.307442
-0.69026583 -1.0186596 -0.7219423 -0.4896142 -0.54833466 -0.5929609 -1.4185083 5.9395566 0.0
-0.5218131 -0.4324664 -0.5760745 -0.13848563 -0.42552269 -0.3412136 -0.925673 -0.3187323 4.2333255
-0.5787369 -0.67823124 0.41772947 -0.37946376 -0.30620372 -0.07698558 -0.6671474 -0.8327115 3.910306
-0.7729889 -0.19546284 -0.8637838 -0.05563537 -0.26232108 -0.35119188 0.08674418 -0.9052647 4.283784
-0.9959663 -0.5317719 -1.0151201 -0.33927512 -1.0111288 -1.0239332 5.9320583 -0.4759299 0.0
-0.49517846 -0.44657695 -0.55236065 -0.7633611 -0.29883066 -0.14087166 -0.09328193 -0.41522 4.122592
-0.5584685 0.18121578 0.0076746396 -0.6057682 -0.40436938 -0.51695645 -0.24487461 -0.5692221 3.4737241
-0.1253776 -0.44458297 0.105008096 -0.2899222 0.2023898 -0.94681966 -0.21834648 -0.77208656 3.4741764
-0.7075126 -0.85520387 -0.30064738 -0.9002634 5.5900574 -0.5600138 -1.287121 -0.43886304 0.0
0.26077816 -0.30967706 -0.2242166 -0.7451158 -0.39305618 -0.14681332 -0.96016043 -0.4041423 3.5082345
-0.2378579 -0.7629672 0.13378969 -0.020810442 -0.54818195 -0.36341476 -0.41333234 -0.5593376 3.6870458
-0.44353598 -0.32190874 -0.16662395 -0.3711526 0.14308958 -0.36432895 -0.52184254 -0.65116036 3.522158
-0.9281091 -0.3972545 -0.649165 -0.83287865 4.6898785 -0.74179 -0.37357152 -0.6870187 0.0
