-1.6355106 -1.264338 -1.0387657 3.4664767 -1.1429832 -0.57428217 -1.2295834 1.6460421 0.0
-0.9830135 -0.92597085 -0.24996871 0.2714724 -1.7902062 -1.2513567 -0.85366046 5.163964 0.0
-0.32207552 -0.3032028 -0.33663103 -0.31846526 -0.23730808 -0.46801937 0.9321199 0.1726442 1.2276036
-0.5053581 -1.0063491 -0.16267896 -0.93267393 -0.5488161 -1.1502948 -0.14454047 3.2687595 -0.30102885
0.12746714 -0.19100706 -0.06002419 -0.5442281 0.2844244 -0.14438134 0.040739153 0.27591684 1.1803461
-0.94958097 -1.7838295 0.6530563 -0.39902326 -1.056197 -1.9257464 0.06692925 4.4108024 0.0
-0.67045516 -0.034142546 -0.11159119 -0.31445387 -0.0009573198 0.13643259 -0.30123568 -0.5894235 1.9962423
-0.33074087 -0.015392347 -0.22193567 -0.26153067 -0.5786621 -0.5855799 -0.22300917 -0.33549044 2.5387037
-0.093748115 -0.31250963 -0.7070983 0.16558605 -0.12325352 -0.56514853 -0.8305741 -0.66006094 2.7151937
-0.91121304 -1.7030835 -0.5019956 -0.5062553 -1.0070622 -1.0284429 -0.47333026 4.8984957 0.0
0.11839463 0.24564034 -0.7269177 0.15120424 0.12826557 -0.7214653 -0.09974684 -0.09254994 1.6478251
-0.068813145 0.19307028 -0.8180855 -0.56035274 0.03404478 0.49550584 0.18855537 0.04105004 1.0057205
-0.16898388 -0.25139317 0.2831268 -0.293032 -0.27834845 -0.066180035 -0.3707525 -0.36676174 1.6895136
-0.98044336 -1.4426525 -0.717824 0.16413887 -1.1583363 -0.52278847 -0.5575409 4.291495 0.0
0.4425339 -0.56627 -0.71773636 0.18679857 -0.1326252 -0.15743344 -0.3106156 -0.41621777 2.159341
-0.50664175 -0.06937121 -0.61990416 -0.35124856 -0.11453015 0.0012823284 -0.25591996 0.27068958 2.103546
-0.18497743 -0.026585536 -0.34256095 -0.281418 -0.20824677 -0.05290398 -0.17090172 -0.47385314 2.0062847
-1.1116488 -1.1006573 -0.8723008 0.21780163 -1.3229934 -1.5698836 1.2095227 3.677227 0.0
-0.5129498 -0.5964882 0.10123961 -0.46616793 0.5173892 -0.5403831 -0.1513278 -0.21459655 1.8541028
0.2009742 -0.40687054 -0.19167483 0.46437722 -0.09236202 -0.6366831 -0.10972175 -0.3457418 1.6558746
-0.7376935 -0.118536055 -0.7813291 -0.60502356 -0.4536636 0.33998805 0.20719922 0.16020302 2.006838
-0.9892988 -0.8139547 -0.7353882 -0.4028171 3.8045003 -0.4634568 -0.7883856 -0.41905016 0.0
