-1.2962857 -1.4888612 -1.0243949 4.1564646 -1.3130953 -0.52019906 -0.467258 1.1786835 0.0
-0.088370495 -0.047981765 -0.69045687 -0.38056517 -0.7090299 -0.75419813 -0.21984263 5.4129996 0.0
0.13825268 -0.32006672 0.5788725 0.28052756 0.0723813 -0.30438927 -0.023572199 -0.15074427 1.1846865
-0.63868445 -0.2547859 -0.25869069 -1.0981243 -0.9419946 -0.41672835 -0.29626274 4.4430714 -0.78688097
-0.07203565 0.07506723 -0.03217403 -0.484505 0.33915636 0.3692034 -0.32544422 -0.08503759 1.340133
-0.64636624 -1.5153513 0.4945154 -0.36568624 -0.5202937 -0.89125973 0.034329977 4.0364847 0.0
-0.64372486 0.40896684 -0.08550692 0.067355625 -0.056193396 0.009472744 -0.8215075 -0.6044372 2.3097334
0.007900895 0.17437491 -0.6556923 -0.3364757 -0.020322677 0.14498065 0.33024552 -0.30672672 1.8265891
0.021842422 -0.38312408 -0.43519384 -0.21766225 -0.14951757 -0.44803983 -0.19296151 -0.24771078 2.2280347
-0.80643934 -1.2093205 -0.46941128 -0.5288421 -0.5596195 -1.2941839 -0.83416337 5.4252396 0.0
-0.17143431 0.103305 -0.19477282 0.46910563 0.24989969 -0.23041905 0.06543688 -0.3789803 1.0518912
0.42604777 -0.016652869 -0.5712784 -0.25726122 1.023187 -0.45026416 -0.20871782 0.013692775 0.15224156
0.3656753 -0.069845356 0.43953946 -0.5378489 -0.27171355 -0.18645334 -0.15752497 -0.21136883 1.4314775
-0.56329775 -0.62690806 -1.4454348 -0.23921917 -0.5034892 -0.38238376 -0.5010102 4.6356463 0.0
0.27366382 -0.45451036 0.4835975 0.31124207 -0.15204884 -0.4582853 0.039893333 -0.015619542 1.1096796
-0.77873516 -0.11623177 -0.42994204 -0.32748342 -0.07595848 0.5726859 -0.1603097 0.12049458 2.4970663
-0.22960961 -0.17122537 0.05167516 -0.21258461 -0.26416162 -0.4377388 0.17025429 -0.06999713 1.710066
-0.7062673 -0.57247066 -0.48878956 0.1361935 -0.52225435 -0.6978675 0.3585756 3.5492945 0.0
-0.18485098 -1.0806303 -0.06579536 0.5172799 0.39138645 -0.5016726 0.66490716 0.22128874 0.6437459
-0.11947866 0.2998907 0.21119739 -0.3949873 0.120460585 -0.6000854 0.44292152 -0.4144041 1.1170274
-0.5213672 -0.070061594 -0.12528645 -0.52647316 -0.09713842 0.6807343 0.30290473 0.15990777 0.69322103
-0.5028444 -0.37596166 -0.45351797 -0.42939326 3.4709985 -0.84790343 -0.3791737 -0.46639672 0.0
