-1.3856652 -1.5132668 -1.0582033 4.2021155 -1.3379625 -0.5662801 -0.54993635 1.1939371 0.0
-0.12814637 -0.07629156 -0.7202152 -0.38760307 -0.83538085 -0.83330226 -0.26404074 5.50256 0.0
0.13903724 -0.3385576 0.6031804 0.28206423 0.07637894 -0.35102117 -0.02369967 -0.1555705 1.1914073
-0.63953954 -0.32421637 -0.27598816 -1.1122947 -0.9428631 -0.514727 -0.31813368 4.446703 -0.82165354
-0.075417295 0.07575181 -0.032327674 -0.4903242 0.34538224 0.37096056 -0.33962363 -0.08548054 1.3492875
-0.6550159 -1.5253263 0.5027351 -0.36670548 -0.5472758 -0.9667152 0.03443183 4.044175 0.0
-0.70772946 0.4100708 -0.09372179 0.0684801 -0.06068114 0.009731546 -0.82373714 -0.65571815 2.3465333
0.008658102 0.1801506 -0.6798413 -0.35417077 -0.021787897 0.15070184 0.33976078 -0.34419978 1.8544514
0.024251778 -0.38750252 -0.48044544 -0.22832546 -0.16142896 -0.46531072 -0.19549203 -0.27921468 2.2876303
-0.8888974 -1.2606883 -0.50452006 -0.5691351 -0.57010984 -1.3046293 -0.8534447 5.4625063 0.0
-0.19063836 0.108746156 -0.21407837 0.48103696 0.25579038 -0.25935832 0.07136411 -0.42042017 1.093202
0.43277198 -0.016824879 -0.667578 -0.27872244 1.0327122 -0.45800933 -0.22460273 0.015305163 0.15736358
0.38696733 -0.08026222 0.44531506 -0.6035499 -0.29078877 -0.20309998 -0.15962178 -0.22321379 1.4799793
-0.649375 -0.7058839 -1.4968178 -0.25058237 -0.543056 -0.44817114 -0.5204015 4.733116 0.0
0.3027932 -0.50569123 0.4962048 0.32461557 -0.17231679 -0.4880702 0.046155494 -0.016027339 1.16575
-0.85119647 -0.13174492 -0.48736724 -0.39599586 -0.09228631 0.5866841 -0.20079052 0.12285538 2.535105
-0.23663141 -0.1970147 0.055334844 -0.23961358 -0.27679586 -0.4731548 0.17778158 -0.07965337 1.7596312
-0.7991588 -0.6798487 -0.56446177 0.14439814 -0.5832926 -0.7900673 0.3783249 3.667123 0.0
-0.22007127 -1.1363316 -0.073072106 0.5496462 0.33138502 -0.57794625 0.704246 0.23463853 0.7553466
-0.12801151 0.31072256 0.23385566 -0.4166 0.13237533 -0.61053675 0.4506279 -0.4492717 1.1502739
-0.5489477 -0.08043553 -0.1463564 -0.61428225 -0.10457018 0.6925649 0.35585454 0.19107915 0.7056388
-0.5095292 -0.40199125 -0.46724033 -0.43582648 3.5020304 -0.8884942 -0.4265382 -0.48464036 0.0
