-1.095584 -1.2505711 -1.2069247 2.9425478 -1.0350335 -0.9794512 -1.1783706 2.140814 0.0
-1.0579447 -1.1680877 0.29316092 -0.21484672 -1.7666517 -1.7221392 -1.0101603 5.2148857 0.0
-0.45443287 -0.53793526 -0.17995737 -0.20346119 -0.050312564 -0.26069272 0.810634 0.03728368 1.2080115
-0.32505366 -0.64041126 -0.38161603 -0.88062227 -0.48368254 -0.74287075 -0.017322024 2.8412695 -0.10689439
-0.053273425 -0.13372576 0.048550297 -0.5882721 0.023771131 -0.26353815 -0.34345728 0.31623748 1.6412581
-0.5579124 -2.0447555 0.8727458 -0.1281289 -1.2209277 -2.025227 0.03348865 4.111047 0.0
-0.4990942 0.038701005 -0.22101605 -0.40808642 0.19125034 -0.04420601 -0.7421252 -0.24478094 2.0292754
-0.35431293 -0.23467216 -0.37330052 -0.38175133 -0.4341442 -0.20408697 -0.27048704 -0.36103052 2.6027498
-0.013314925 -0.106201895 -0.63556725 -0.1265148 0.0023584445 -0.6467139 -0.575847 -0.3601153 2.3544722
-0.7464429 -1.3644094 -0.61605203 -0.40461907 -0.84866786 -1.1892833 -0.5391714 4.5943694 0.0
0.08714385 -0.31603116 -0.43076548 -0.37496385 -0.25001353 -0.24849579 -0.24703874 -0.25475743 2.2173512
-0.6676594 -0.13258764 -0.4356025 -0.33827654 -0.34263444 0.66862416 0.06566611 0.13806532 1.3142915
-0.25539783 -0.376018 0.035153273 -0.3765967 -0.32508633 -0.29252833 -0.50618964 0.21340673 1.935883
-1.0522087 -1.4640306 -0.49620467 0.34039962 -0.66193813 -0.41219613 -0.4501382 3.8121476 0.0
0.08466786 -0.78624594 -0.56128454 -0.04210876 -0.0345499 -0.034092057 -0.37093088 -0.41041335 2.4327815
-0.48888972 -0.09332844 -0.50445056 -0.31365973 -0.47745198 -0.048033215 -0.05961295 0.20034873 2.205502
-0.49517158 -0.48764077 -0.60921526 -0.11741206 -0.17470922 -0.2130897 -0.07236526 -0.43261984 2.3906841
-1.1955768 -1.2124275 -0.9889773 0.33499187 -1.1449273 -1.7345744 1.4510494 3.5015447 0.0
-0.44315398 -0.5064438 -0.03993777 -0.3822246 0.13956957 -0.048856433 0.15978326 -0.32150552 1.659193
-0.10342175 -0.46761736 -0.2221835 -0.2613255 -0.061954394 -0.420301 -0.067640066 -0.2924891 2.1544144
-0.39826834 -0.1724835 -0.718212 -0.52624696 -0.3733775 0.44591552 0.10461739 0.22579171 1.754998
-0.94953626 -0.6482051 -0.7932683 -0.5056359 3.7316096 -0.42888287 -0.77806425 -0.44170916 0.0
