-0.89334637 -1.3596809 -0.85454184 3.9106596 -1.1825316 -0.3237387 -0.18783389 1.0970476 0.0
-0.010963193 -0.0035331843 -0.5455056 -0.3435593 -0.28345758 -0.43196493 -0.0788502 4.939515 0.0
0.13395412 -0.38165146 0.58065563 0.27210307 0.053605784 -0.13714708 -0.022873228 -0.1264208 1.1478652
-0.6339325 -0.06604956 -0.18019421 -1.022314 -0.93625444 -0.12776369 -0.19899853 4.422159 -0.6180696
-0.14132442 0.0713581 -0.03133015 -0.45326492 0.3064055 0.3595477 -0.25647193 -0.082607135 1.3039103
-0.60013896 -1.4608635 0.24394496 -0.36004966 -0.10575348 -0.56604815 0.033767026 3.9938247 0.0
-0.3790203 0.40285984 -0.051206753 0.061409127 -0.03657853 0.008149229 -0.80917317 -0.38349 2.1146786
0.006871686 0.14536554 -0.5357854 -0.2527123 -0.013773754 0.112560794 0.28181 -0.16101809 1.6789371
-0.26251417 -0.35462007 -0.038916457 -0.16663682 -0.09742641 -0.36273333 -0.1794259 -0.13724044 1.9131267
-0.46811128 -0.9586717 -0.31372035 -0.3508844 -0.50450397 -1.2373968 -0.7342524 5.2218776 0.0
-0.09469037 0.3825692 -0.114845656 0.40772793 -0.05640027 -0.11891065 0.04030526 -0.21218075 0.8470111
0.39038497 -0.012791029 -0.23906511 -0.1644077 0.96896195 -0.4093716 -0.13853735 0.0073481845 0.12655708
0.26656443 -0.032094274 0.40864792 -0.2824056 -0.18599847 -0.11561405 -0.14631598 -0.15587258 1.1884904
-0.25434735 -0.32298562 -1.189337 -0.18489172 -0.32993388 -0.1573323 -0.40527728 4.127832 0.0
0.15547615 -0.25032905 0.4188716 0.2460717 -0.075522386 -0.3223827 0.019209811 -0.01352615 0.8416282
-0.47371098 -0.057683695 -0.21329947 -0.113090664 -0.025535025 0.50045145 -0.045419637 0.108124405 2.294999
-0.19406287 -0.07811799 0.03525731 -0.096154466 -0.2034931 -0.28438702 0.1337215 -0.047538348 1.4583833
-0.35403058 -0.2188666 -0.21854529 0.09822913 -0.28155082 -0.3487916 0.2657804 2.9583979 0.0
-0.06965104 -0.81618565 -0.036602583 0.4450401 0.2802524 -0.22735497 0.4823141 0.08956631 0.4783964
-0.08126554 0.24598728 0.119474955 -0.29332814 0.07110287 -0.5449424 0.40225908 -0.26386154 0.94830996
-0.39093512 -0.03736104 -0.052504364 -0.2221906 -0.06434172 0.61828655 0.12298648 0.06414995 0.62783
-0.46710786 -0.25865445 -0.383982 -0.3951857 3.3027945 -0.65304005 -0.19635287 -0.3764418 0.0
