-0.90237856 -1.3630189 -0.85873806 3.9171038 -1.1858821 -0.3279169 -0.1925244 1.0991768 0.0
-0.011602338 -0.0037928724 -0.5489903 -0.34451014 -0.2905776 -0.43852347 -0.08106995 4.951737 0.0
0.13406847 -0.38440603 0.58394283 0.27232727 0.05404266 -0.14013803 -0.022891836 -0.12702335 1.1488447
-0.6340604 -0.06851052 -0.18196428 -1.0242923 -0.93640906 -0.13192075 -0.20115104 4.422724 -0.6221161
-0.14226568 0.07145585 -0.03135265 -0.4540817 0.30724734 0.3598052 -0.25812808 -0.082671866 1.305248
-0.6013432 -1.4623091 0.24599376 -0.3602008 -0.10829053 -0.573037 0.03378211 3.994971 0.0
-0.3844878 0.40302357 -0.05192173 0.06156266 -0.037005585 0.008182435 -0.80950385 -0.38823643 2.1197245
0.006897648 0.14608204 -0.5387174 -0.25467527 -0.013919364 0.11322008 0.2830203 -0.16384967 1.6828158
-0.26357594 -0.35531315 -0.039073233 -0.16784422 -0.09856124 -0.36480963 -0.17977877 -0.13974349 1.9209212
-0.47504628 -0.9647071 -0.31715682 -0.35479754 -0.50591916 -1.2388976 -0.7367876 5.227269 0.0
-0.09622296 0.35978526 -0.116498105 0.4092757 -0.03502988 -0.12105782 0.040836923 -0.21553566 0.851948
0.391308 -0.012833316 -0.24476752 -0.1664102 0.97033703 -0.410426 -0.14008099 0.007472952 0.12719056
0.26885197 -0.032776784 0.40945318 -0.28736964 -0.18791406 -0.11711789 -0.14660805 -0.1571611 1.1944786
-0.25987828 -0.3288314 -1.19562 -0.18619145 -0.33372572 -0.16115966 -0.40760633 4.140784 0.0
0.15787204 -0.2544 0.420501 0.24763913 -0.07696585 -0.32546267 0.01959344 -0.013578842 0.8479399
-0.48012 -0.058787547 -0.21738279 -0.116393834 -0.026300127 0.50227785 -0.046998363 0.1084413 2.300236
-0.19494689 -0.07979466 0.03562361 -0.09790691 -0.20493324 -0.28774914 0.13459724 -0.048474416 1.4646815
-0.3607056 -0.22463693 -0.22335742 0.09910069 -0.28629518 -0.35539618 0.2679405 2.9729776 0.0
-0.071516104 -0.82239926 -0.037187807 0.44896632 0.2827633 -0.23227598 0.4865176 0.090330906 0.48227906
-0.082116745 0.24730787 0.1213301 -0.29569682 0.07212389 -0.5463634 0.40330693 -0.2671019 0.95251495
-0.3939891 -0.038001917 -0.053754985 -0.22743846 -0.06506232 0.6198959 0.12602387 0.06575579 0.62951285
-0.46803907 -0.26128277 -0.3857128 -0.396073 3.3072288 -0.6576647 -0.19987956 -0.3786279 0.0
