-0.009023601 -0.80867225 -0.27045074 1.408519 -0.30904874 0.18462428 0.009698859 1.0251551 0.0
-0.5668945 -0.45020196 1.3802155 0.97576725 -0.6528355 -1.0997014 0.750137 1.9979311 0.0
-0.2010157 -0.062811635 -0.28789234 0.19838785 -0.021453777 0.035582393 0.1569454 0.61189836 0.65335
0.13923657 -0.14941803 -0.44861537 0.2279188 -0.029796857 -0.6639593 -0.22863121 1.055379 0.6594678
-0.4202726 -0.11712168 0.39379305 0.15334217 0.372717 -0.054244775 0.11417984 0.0044602165 0.6727059
0.43463278 -0.8525393 1.2316213 0.8416583 -0.19363429 -0.7190709 0.5693479 1.1965249 0.0
-0.35029516 0.06917691 -0.21759228 -0.15738314 0.0006111061 -0.22420043 0.13033548 0.29852843 0.9540059
-0.3400673 0.027236585 -0.3152674 -0.26565954 0.14628223 0.4898451 -0.17678857 0.0529287 1.0031797
-0.17766485 -0.18232743 -0.040808544 0.29249626 0.09494183 -0.39651287 -0.1485181 0.102386475 0.96342796
0.0035427625 -0.614977 0.2135297 0.55853784 0.022238946 -0.21145962 0.44346595 1.5964757 0.0
-0.013897124 -0.4682792 -0.5071292 0.21534033 -0.20319688 -0.3986924 0.24483478 0.4347097 0.9878533
-0.4155027 -0.13304934 -0.41318077 0.04484035 0.23556425 0.1084089 0.1457071 0.04530989 0.8919009
-0.10498812 -0.5193092 0.03795213 -0.24397688 0.09618564 -0.22110574 -0.114682704 0.4459142 0.82809335
-0.65012103 -0.82485956 0.2139998 1.110873 -0.08216844 0.578397 -0.26205266 1.4077785 0.0
-0.276748 -0.36629644 -0.10512963 -0.015371995 0.049010552 -0.33408424 0.0015874099 0.14078337 1.6515678
-0.30139476 -0.3916639 -0.20001435 -0.1657066 -0.2393957 -0.14751758 0.12093474 0.23663336 1.4767292
-0.3682951 -0.16154553 -0.13919915 0.0935324 -0.26878855 -0.30135447 0.11678781 0.29256505 0.8911756
-0.18796463 -0.23420052 -0.08861794 0.8644919 -0.10179563 -0.53782105 0.93367916 0.98783875 0.0
-0.13051756 -0.36440164 -0.15628381 -0.012124156 0.016520198 -0.023182025 0.12546866 0.27084836 0.7629794
-0.25813687 -0.21320783 -0.13562015 -0.050460774 0.11779864 -0.14026554 0.1151571 0.21673517 0.80651355
-0.23035853 -0.14320429 0.08485642 -0.26944777 -0.2744636 -0.06182444 0.2172162 0.4435001 0.8247506
-0.29225698 0.7181024 -0.32290092 -0.29266635 1.3751276 0.38954282 0.27477708 0.399053 0.0
