-1.5780208 -1.6074307 -1.3641293 4.304419 -1.4326857 -0.63567394 -1.006655 1.3358111 0.0
-0.50644225 -0.42295906 -0.8423169 -0.11602152 -1.5396917 -1.2065376 -0.6402912 5.6187634 0.0
0.63470185 -0.6278394 0.38740522 0.080466606 -0.07202808 -0.42526478 0.3830557 -0.33902088 1.2905353
-0.6785743 -0.79167676 -0.1866893 -1.5488244 -0.99770147 -1.1263328 -0.41466743 4.33352 -1.0564805
0.07976881 -0.013249199 0.22490059 -0.8075834 0.8156982 0.083028145 -0.37746856 0.2608345 0.95824033
-0.68271935 -1.5544382 0.5447523 -0.79282993 -0.6605552 -1.3070322 -0.18774325 4.5334682 0.0
-1.0020005 0.121204674 -0.070901416 -0.24471684 -0.04889918 -0.30769807 -0.6342092 -0.8961967 2.7736008
0.28171828 -0.13491125 -0.7884708 -0.4729665 -0.27013186 0.15879212 0.11656076 -0.3242469 2.239151
-0.22290595 0.17495535 -0.44506198 -0.050438832 -0.11038646 -0.36546552 -0.42786428 -0.38966247 2.0707052
-1.2757069 -1.4712034 -0.65934056 -0.747346 -0.610847 -1.0542883 -0.92900735 5.3490157 0.0
-0.29556084 0.08443349 -0.62118834 0.23892066 0.32927448 -0.56496346 0.060978744 -0.65183103 1.691144
-0.1227742 -0.40834892 -1.160843 -0.43546355 1.4840864 -0.028003095 -0.54178995 0.1543357 0.8185842
0.19164827 -0.26367638 0.4205856 -0.83850574 -0.11997401 -0.15675688 -0.034212038 -0.7231309 1.8342514
-1.1004747 -1.0962052 -1.7039707 -0.28963605 -0.7161106 -0.8073747 -0.5954754 5.107044 0.0
0.26274619 -0.5614217 0.37099168 0.13459422 -0.14112116 -0.3534492 0.06608106 0.038464382 1.4714273
-0.6806143 -0.4048473 -0.7448248 -0.6078964 -0.08538584 0.5784694 -0.4314162 -0.016489087 2.5898855
0.210342 -0.08887578 -0.5356773 -0.26063994 -0.011547746 -0.232058 -0.21536466 -0.3868205 1.8052999
-1.2640156 -1.2851686 -0.96268725 0.22443667 -0.877681 -1.2520589 0.5353125 4.07221 0.0
-0.3456884 -1.1405451 0.020314723 0.4381589 0.59686756 -0.54102135 0.123381816 0.044294313 1.2899987
-0.0542491 0.4186149 -0.029404083 -0.12165867 0.35671425 -0.7277066 -0.20051312 -0.65538394 1.3150023
-0.39800918 -0.23933658 -0.37162223 -0.9008814 -0.28156498 0.23670462 0.76177514 0.42142418 1.2727711
-0.24868791 -0.49439505 -0.5039464 -0.14198793 3.1614957 -1.0568938 -0.668023 -0.28345302 0.0
