-1.4879874 -1.5397877 -1.095561 4.251452 -1.3650548 -0.62002295 -0.65444833 1.2104546 0.0
-0.19048148 -0.12507544 -0.7534282 -0.39526713 -0.99809533 -0.92699474 -0.3210807 5.600181 0.0
0.44611508 -0.31639144 0.6302864 0.2837132 0.080893956 -0.40873387 -0.0238426 -0.1608626 0.89240927
-0.64045465 -0.41932786 -0.29574624 -1.1276386 -0.6971452 -0.6449389 -0.34328368 4.212479 -0.860505
-0.07920572 0.07649025 0.27766392 -0.49685284 0.35323477 0.06524097 -0.35545617 -0.08595641 1.3590746
-0.6643863 -1.5360575 0.511669 -0.36802077 -0.5776503 -1.0544 0.034541007 4.052561 0.0
-0.7831468 0.41126758 -0.10189327 0.069702394 -0.06625896 0.01001579 -0.8261266 -0.7153142 2.386256
0.0090449685 0.18608126 -0.7066265 -0.37410837 -0.023474734 0.1573494 0.3502326 -0.3892917 1.8850418
0.027119303 -0.39290136 -0.53398985 -0.24029532 -0.17520261 -0.48449975 -0.1982334 -0.3172532 2.3545244
-0.9863239 -1.3179866 -0.54493123 -0.61557585 -0.58153653 -1.3158846 -0.87454 5.5026145 0.0
-0.21353073 0.11487613 -0.23681693 0.49412104 0.2622381 -0.30806592 0.07828943 -0.4696988 1.143468
0.44007424 -0.017010812 -0.78842664 -0.30362862 1.0429891 -0.46643254 -0.24292009 0.01723739 0.16303132
0.41108543 -0.093106784 0.45157054 -0.68261486 -0.31264418 -0.22252618 -0.16189322 -0.23660345 1.5336219
-0.7558875 -0.8012637 -1.5537413 -0.26331946 -0.5887641 -0.5309686 -0.5419496 4.839557 0.0
0.33733836 -0.5667391 0.510039 0.3395392 -0.19695401 -0.52203083 0.053066827 -0.016474828 1.2290834
-0.9360712 -0.15060502 -0.55719435 -0.48504263 -0.11360831 0.6020195 -0.25534037 0.12542908 2.576392
0.008333779 -0.22885689 0.059531048 -0.27228558 -0.29096222 -0.5141582 0.18618156 -0.09144056 1.5744646
-0.91192305 -0.81686926 -0.6582623 0.15370993 -0.6563892 -0.9020524 0.4006271 3.7973936 0.0
-0.25623208 -1.1990217 -0.08173499 0.58646417 0.3734593 -0.42486933 0.6479261 0.246887 0.7836191
-0.13780077 0.26225773 0.23683585 -0.4409978 0.14640604 -0.62190557 0.45899832 -0.48976463 1.2438518
-0.58002704 -0.09069994 -0.17278042 -0.7242962 -0.11313852 0.42144814 0.42265415 0.2273515 1.0419519
-0.5167708 -0.43179196 -0.48236126 -0.43273214 3.529471 -0.93401 -0.48367733 -0.5049217 0.0
