-1.5434874 -1.1314038 -1.0365279 3.5961156 -1.213547 -0.57021654 -1.1143321 1.4400573 0.0
-0.7357319 -0.67293894 -0.8544395 -0.11925036 -1.7289748 -1.3346077 -0.7820342 5.7774663 0.0
0.015962314 -0.21719807 -0.12999617 -0.49306068 -0.108145274 -0.7928112 0.65054053 -0.22192428 1.7635583
-0.73913556 -0.93836236 0.0036580646 -1.2386966 -1.0751481 -1.1287715 -0.35918945 3.8504558 -0.8045883
0.68237805 0.11736026 -0.23134828 -0.82553077 0.3267616 0.37054443 -0.18332861 0.03410496 0.9769154
-0.62551 -1.5957911 0.59553957 -0.5357822 -0.6077611 -1.6194206 0.09546851 4.05243 0.0
-1.045212 0.16753659 -0.4574015 -0.5564765 -0.10102026 -0.34280565 -0.5826554 -0.6580936 2.8393028
-0.07659673 -0.10001664 0.050861247 -0.16016491 -0.6366616 -0.49934524 -0.05893459 -0.4868988 2.259895
-0.2485956 -0.27376518 -0.68202865 -0.06561449 0.04886668 -0.5094967 -0.45521346 -0.29922047 2.4879339
-1.2035773 -1.3360672 -0.59501165 -0.5217282 -1.0920411 -1.2718387 -0.65956765 5.116818 0.0
-0.53105026 0.016340565 -0.76498896 0.12692933 0.1766576 -0.77145123 -0.018281853 -0.54126376 2.2043436
-0.2856543 -0.11988721 -1.079716 -0.6230129 1.0212822 0.06410347 -0.23261036 0.5239892 1.0180335
-0.123864844 -0.25674072 0.14680435 -0.76341057 -0.39470676 0.54011035 -0.18767092 -0.61071444 1.7666802
-1.2424554 -1.435785 -1.4020928 -0.0076512173 -0.9780098 -0.85924447 -0.7584297 5.0811825 0.0
0.23249325 -0.21920875 0.08083866 0.1255911 0.05260976 -0.57161343 -0.41640103 -0.07247897 1.859995
-0.84486276 -0.19900581 -0.54490864 -0.5624138 -0.48224345 -0.07942547 -0.26731724 0.1524852 2.6554673
-0.21422923 0.2015848 -0.5690044 -0.25413325 -0.120359465 -0.20117806 -0.5969744 -0.34459865 2.2305524
-1.2209656 -1.2604513 -0.96599585 0.05256704 -0.7471833 -1.4343021 0.7630374 3.905887 0.0
-0.4566963 -0.5159314 -0.10162351 -0.05605818 0.65843993 -0.7434061 -0.077178806 0.1925798 1.4110806
0.25862 0.034864046 0.06630011 -0.017278988 0.2521136 -0.62076193 0.08610896 -0.5526463 1.1539705
-0.35320058 -0.19652855 -0.4985183 -0.7187937 -0.48456588 0.16662773 0.2452194 0.54129106 1.6284167
-0.73134524 -0.20337906 -0.82661486 -0.39853188 3.5957127 -0.7926707 -0.72370195 -0.20154509 0.0
