-1.0835313 -1.4251817 -0.9387518 4.036197 -1.2485064 -0.41401187 -0.30138537 1.1386341 0.0
-0.032429576 -0.013718222 -0.61639285 -0.36227047 -0.45608762 -0.57672465 -0.13424543 5.1794715 0.0
0.1361653 -0.43811038 0.6470787 0.27643797 0.06263754 -0.20740555 -0.023232922 -0.13849671 1.1668067
-0.63639116 -0.13312285 -0.2173575 -1.0609541 -0.9392255 -0.23598818 -0.24460973 4.432989 -0.7005023
-0.06367482 0.07325734 -0.031764776 -0.46920013 0.32296813 0.36452085 -0.29018134 -0.08385819 1.3158312
-0.62367415 -1.4888585 0.4730767 -0.3629604 -0.45414847 -0.71627986 0.034057666 4.01588 0.0
-0.49884063 0.4060139 -0.06680632 0.06442312 -0.045700733 0.008810505 -0.81554335 -0.4855388 2.2136383
0.0073873135 0.15974617 -0.594927 -0.29315087 -0.016852133 0.1259063 0.30596134 -0.22493236 1.7549503
-0.28334883 -0.3681591 -0.04534418 -0.19139172 -0.12165893 -0.4047116 -0.18631956 -0.17954971 2.0683665
-0.6206545 -1.0813462 -0.38663143 -0.43406278 -0.532362 -1.2665156 -0.7844554 5.326316 0.0
-0.1288315 0.09191611 -0.1510434 0.43847242 0.23472522 -0.16759154 0.051822 -0.28665873 0.9469274
0.40848294 -0.016199099 -0.37565672 -0.20737976 0.9980122 -0.43008405 -0.17134498 0.01014837 0.13928062
0.3140452 -0.04804381 0.42438036 -0.39445195 -0.22639455 -0.14813453 -0.1520232 -0.18253879 1.3088113
-0.38420138 -0.45558763 -1.3158627 -0.21115223 -0.41078848 -0.24941812 -0.45237586 4.3835464 0.0
0.20846176 -0.34108615 0.45126545 0.27794912 -0.10857556 -0.38688874 0.028065624 -0.014573802 0.971347
-0.6129997 -0.082965754 -0.30683336 -0.19636506 -0.044963274 0.53668255 -0.08741198 0.11436983 2.3976126
-0.21174508 -0.117374144 0.04298816 -0.13594887 -0.23297305 -0.35629803 0.15156148 -0.069089904 1.5841012
-0.5065298 -0.36043918 -0.33181506 0.11636742 -0.38790897 -0.49979663 0.31042725 3.2511039 0.0
-0.115584575 -0.9440225 -0.049615324 0.52671385 0.3338926 -0.3427781 0.56967354 0.10543233 0.55740875
-0.0992447 0.2726001 0.16054794 -0.3422636 0.09346277 -0.572864 0.42284945 -0.33346167 1.0323266
-0.45387623 -0.051767997 -0.08244756 -0.3476115 -0.07966506 0.64990896 0.1963218 0.10304534 0.66091895
-0.4853041 -0.3140117 -0.41858658 -0.41256386 3.3889399 -0.74771744 -0.27624035 -0.42067304 0.0
