-1.5926839 -1.5655334 -1.1324424 4.2990713 -1.3914244 -0.6760497 -0.77260816 1.2264521 0.0
-0.27788237 -0.20026527 -0.7865512 -0.4027221 -1.1797249 -1.0262022 -0.3869205 5.694732 0.0
0.4324691 -0.3351946 0.657267 -0.021088574 0.08542689 -0.4726052 0.281953 -0.17547402 0.9472513
-0.6413288 -0.535896 -0.31591657 -1.1425844 -0.800544 -0.79972804 -0.3691324 4.2182035 -0.8992939
-0.08299789 0.07720578 0.29620314 -0.53773826 0.65063024 0.06818476 -0.3712641 -0.0864045 1.2848166
-0.67345506 -1.5463709 0.52034384 -0.730712 -0.6081672 -1.1454813 0.034645535 4.27382 0.0
-0.86258787 0.13673273 -0.11195797 0.07088932 -0.07142496 -0.31373957 -0.53133583 -0.77736396 2.4250407
0.321643 -0.1176802 -0.7335698 -0.39419734 -0.064625226 0.16368276 0.36109084 -0.4378031 1.8729808
0.030139238 -0.3981175 -0.59062845 -0.23342879 -0.21526878 -0.50354975 -0.22565553 -0.3582734 2.470847
-1.0892315 -1.3750975 -0.5865051 -0.6634179 -0.5926559 -1.3267177 -0.89515936 5.541172 0.0
-0.23792745 -0.02293674 -0.26167843 0.57661974 0.26851353 -0.3472498 0.08599129 -0.52208775 1.1896944
0.20167491 -0.27603665 -0.9240598 -0.40572202 1.503373 -0.47068134 -0.27288294 0.12579292 0.1690089
0.45682624 -0.10812832 0.45740026 -0.7647675 -0.33504704 -0.242793 -0.16409132 -0.5864071 1.7604393
-0.87375396 -0.9042289 -1.6100864 -0.27607742 -0.6347556 -0.6241621 -0.563345 4.9430804 0.0
0.3003051 -0.6317009 0.7655996 0.35442013 -0.22381899 -0.5566375 0.05838778 -0.2498427 1.3121392
-1.02494 -0.17110632 -0.63312566 -0.5717332 -0.11843678 0.6170371 -0.3210974 0.12606455 2.6151288
0.27363056 -0.19060914 -0.06914731 -0.2552948 -0.3041529 -0.55763656 0.04673646 -0.1043058 1.629026
-1.0343243 -0.97326905 -0.76224005 0.1975664 -0.73465073 -1.0236739 0.4231338 3.906936 0.0
-0.30604446 -1.2620714 -0.08824506 0.6237626 0.4059595 -0.5373204 0.6859968 0.26190442 0.823277
-0.14783846 0.27210787 0.26282716 -0.46555856 0.16713937 -0.33498785 0.14454788 -0.5317852 1.3057697
-0.6116673 -0.100921005 -0.20241575 -0.7639303 -0.36992335 0.44154224 0.49797896 0.26848346 1.2786012
-0.5237781 -0.4622853 -0.49724022 -0.25860864 3.4025574 -0.97961986 -0.5485801 -0.3101771 0.0
