-1.6737239 -1.2584773 -0.9660566 3.5533621 -0.97706455 -0.7137827 -1.2429637 1.534676 0.0
-0.9169248 -0.8613487 -0.28202948 0.18972038 -1.870866 -1.1364326 -0.816314 5.190582 0.0
0.0024218322 -0.33640775 -0.34005803 -0.53774965 -0.1431991 -0.6211007 1.1852275 -0.04895677 1.2873054
-0.5198541 -0.88028234 -0.0069309436 -1.182307 -0.64423186 -1.0916433 0.004367882 3.2079496 -0.42029136
0.21368004 -0.14193 0.018935626 -0.27060348 0.4386806 -0.15865314 0.0341064 0.1558707 0.8737404
-0.86373 -1.857473 0.56799036 -0.53411835 -0.9596391 -1.8292805 -0.033076093 4.517611 0.0
-0.6815744 0.20024408 -0.45925722 -0.4633714 0.10596425 -0.11671355 -0.5817402 -0.36796823 2.2488303
-0.4716609 0.117267035 -0.20248954 0.052445017 -0.5465906 -0.5537362 -0.3435278 -0.14284168 2.2814226
0.15616299 -0.082145706 -0.5655666 0.22245137 -0.020454593 -0.5348055 -0.6293095 -0.5736726 2.2230687
-0.8590685 -1.4802917 -0.77003634 -0.33022627 -1.0126444 -1.2071172 -0.41993147 4.9328547 0.0
-0.11113483 0.110298075 -0.71784806 0.36973086 0.1606179 -0.78328484 -0.41618726 -0.24874835 1.9549074
-0.42302537 -7.180738e-05 -0.9591103 -0.39768437 0.6576179 0.3358569 0.10273849 0.25542727 0.99210006
-0.25322193 -0.25880918 0.3722122 -0.5360301 -0.3981523 0.056390073 -0.3036669 -0.52273285 1.8464597
-0.95997703 -1.5914313 -0.9870647 0.041651584 -1.0998676 -0.51662236 -0.24333021 4.3183656 0.0
0.63820106 -0.4511091 -0.6087581 0.04716509 0.011714117 -0.28071287 -0.31627977 -0.27367178 1.9715856
-0.7710925 -0.07581526 -0.55319744 -0.47076842 -0.15834536 -0.0338847 -0.113794714 0.37996387 2.1403244
-0.1294567 -0.01839393 -0.6437703 -0.0006564973 -0.08187369 0.06044304 -0.6856124 -0.5351401 2.2056348
-1.2474701 -1.3110989 -0.8661442 -0.002047189 -1.1906847 -1.6744713 0.9515687 4.0751357 0.0
-0.562716 -0.48651087 0.04863099 -0.45523337 0.63870513 -0.65338045 -0.24000953 -0.088062614 1.7976393
0.19687572 -0.08265172 -0.17854924 0.08247901 -0.00749207 -0.54807895 -0.12268676 -0.25502872 1.4657229
-0.5721849 -0.23030795 -0.6333195 -0.59043026 -0.55602723 0.20374388 0.17761576 0.4681805 1.8831719
-1.0404211 -0.7499357 -0.541827 -0.39504188 3.782014 -0.6294608 -0.9264081 -0.23396215 0.0
