-1.0518935 -1.4149225 -0.9253018 4.0166597 -1.2381417 -0.39867285 -0.28029555 1.1321473 0.0
-0.027464993 -0.011145377 -0.60493875 -0.3593325 -0.42398784 -0.55169874 -0.12372278 5.141868 0.0
0.1358234 -0.4289297 0.63640803 0.27576783 0.061158013 -0.19465144 -0.023177322 -0.13657025 1.1638778
-0.636013 -0.119557686 -0.21119024 -1.0549271 -0.9387687 -0.21479157 -0.23698245 4.4313235 -0.6871659
-0.06238928 0.07296245 -0.031697642 -0.4667176 0.3203679 0.36375275 -0.28473166 -0.08366486 1.3118572
-0.6200011 -1.4845248 0.4696239 -0.3625119 -0.44405392 -0.69085896 0.034012873 4.0124855 0.0
-0.4782448 0.40552795 -0.06413452 0.06395089 -0.044165205 0.00870559 -0.8145619 -0.4682682 2.1981463
0.007305698 0.15744908 -0.5854394 -0.28654608 -0.016338333 0.123758964 0.30212283 -0.21368423 1.743058
-0.28029972 -0.366047 -0.044511184 -0.18736495 -0.11758085 -0.39796412 -0.18524402 -0.17024219 2.0437331
-0.59435564 -1.0615373 -0.37442613 -0.42011726 -0.52798647 -1.262 -0.77652943 5.3101425 0.0
-0.12288551 0.08984212 -0.1448236 0.4336053 0.2323073 -0.15899439 0.04986096 -0.2737235 0.9308533
0.40565035 -0.016125306 -0.35048944 -0.20011857 0.9939117 -0.4268368 -0.16584507 0.009657801 0.13724703
0.30624095 -0.045159977 0.42192578 -0.37473327 -0.21966621 -0.14260477 -0.15113258 -0.17816651 1.2895739
-0.36063775 -0.43216044 -1.295594 -0.20684037 -0.39719716 -0.23239444 -0.4448039 4.3432355 0.0
0.19928712 -0.32527018 0.4461334 0.2727992 -0.10269269 -0.37620604 0.026479494 -0.014407821 0.9502024
-0.58921814 -0.07846524 -0.2901814 -0.18042846 -0.041225705 0.53095347 -0.07906198 0.11338792 2.3815615
-0.20892899 -0.11026594 0.04169963 -0.12891237 -0.228184 -0.3441797 0.14867534 -0.06523779 1.5641147
-0.47943532 -0.33388117 -0.31122056 0.113379404 -0.36929235 -0.47295162 0.30311465 3.2043984 0.0
-0.106943615 -0.9231664 -0.04735238 0.5132665 0.32417715 -0.32184884 0.5552992 0.102823116 0.54527205
-0.09624609 0.26833442 0.15342982 -0.33425182 0.089621596 -0.5684855 0.4196206 -0.32169184 1.0189582
-0.4435924 -0.049240727 -0.07693246 -0.32454175 -0.0770951 0.6449502 0.18272874 0.095818736 0.655727
-0.4824646 -0.30480114 -0.41307744 -0.40984654 3.3755658 -0.7323356 -0.2621418 -0.41355875 0.0
