-1.6515336 -1.5794585 -1.1526587 4.318351 -1.4057145 -0.70800054 -0.84437835 1.2426 0.0
-0.3398868 -0.25739154 -0.8048309 -0.40368888 -1.2899005 -1.0834517 -0.42742193 5.7431374 0.0
0.5362381 -0.3460767 0.5516018 -0.022958767 0.025711553 -0.5106913 0.28393847 -0.17824565 0.9998241
-0.355943 -0.6108476 -0.32278547 -1.4586829 -0.861888 -0.8970501 -0.38372162 3.966744 -0.9205998
-0.08508096 0.077649005 0.3061578 -0.5960611 0.738533 0.0698075 -0.38035315 -0.07030452 1.288126
-0.67834866 -1.5519073 0.5250401 -0.77458316 -0.6251388 -1.1972959 0.034692455 4.279905 0.0
-0.9082527 0.14075358 -0.11768703 0.06343519 -0.10126807 -0.3447142 -0.5754549 -0.8125915 2.4595716
0.34035897 -0.14628316 -0.74815917 -0.40865177 0.0364143 0.16761737 0.36692798 -0.46612972 1.8674955
-0.12760009 -0.097705096 -0.6232878 -0.22352952 -0.061080825 -0.62033296 -0.53902704 -0.38277057 2.559182
-1.1485082 -1.4066021 -0.60998636 -0.6904671 -0.5986809 -1.3325396 -0.90636903 5.561876 0.0
-0.25203675 0.121058404 -0.27689838 0.5799727 0.2762589 -0.36813337 0.09110387 -0.55240846 1.1178517
0.20451003 -0.6032155 -1.0046456 -0.4243718 1.3229835 -0.03493323 -0.34553558 0.13295212 0.42975175
0.5276122 -0.11511965 0.46068946 -0.807934 -0.34764895 -0.25499296 -0.1652773 -0.64424044 1.7581645
-0.9440354 -0.96453494 -1.6410083 -0.28314087 -0.6614349 -0.68043464 -0.57511383 4.9994526 0.0
0.3016336 -0.6492257 0.77764636 0.3626329 -0.22022487 -0.57598525 0.041342102 -0.2564942 1.3535012
-1.0740803 -0.18316951 -0.73442525 -0.47893465 -0.101693474 0.6662492 -0.36286572 0.24238706 2.5142555
0.27424872 -0.20609407 -0.19045162 -0.27260122 -0.055460818 -0.31904408 -0.2121847 -0.11191723 1.567809
-1.106274 -1.0686975 -0.8243187 0.20499443 -0.7801769 -1.0951934 0.4356637 3.9766831 0.0
-0.3366056 -1.2684774 -0.028112663 0.6447173 0.5353809 -0.6078553 0.52358806 0.2683661 0.84840924
-0.15279932 0.18551324 0.27630633 -0.41419688 0.1529442 -0.35696104 0.012040162 -0.5539548 1.4094862
-0.6393521 -0.100107 -0.26784766 -0.8541481 -0.3934357 0.4729066 0.5386347 0.34344724 1.3254296
-0.4262014 -0.479439 -0.50448483 -0.13837668 3.2811391 -1.0048802 -0.58849984 -0.31884512 0.0
