-1.1955045 -1.4597673 -0.9848045 4.101728 -1.283532 -0.46925983 -0.38337258 1.1604308 0.0
-0.056236286 -0.02728967 -0.65598 -0.37219414 -0.58101237 -0.66817915 -0.17597851 5.306276 0.0
0.13730636 -0.29897007 0.5506773 0.27867377 0.06780816 -0.25600234 -0.023418413 -0.14508659 1.1765804
-0.63764817 -0.19010663 -0.23914044 -1.0811673 -0.9407433 -0.3224233 -0.27171946 4.4385157 -0.7466414
-0.06813352 0.074244656 -0.031988606 -0.47753426 0.33174974 0.36708197 -0.30902418 -0.08450308 1.3291063
-0.636021 -1.5033324 0.48471892 -0.36445302 -0.48931915 -0.807526 0.034206763 4.0271688 0.0
-0.57374203 0.40763095 -0.07649354 0.06601553 -0.051188182 0.0091678295 -0.8188094 -0.5475357 2.2658427
0.0076647596 0.16761202 -0.6275279 -0.3161776 -0.018675493 0.13330278 0.31905267 -0.26666138 1.795004
0.019236073 -0.37742737 -0.38593695 -0.20538427 -0.13623016 -0.4279337 -0.18993406 -0.21422538 2.156855
-0.716539 -1.1497715 -0.43005267 -0.48373687 -0.5471451 -1.2816181 -0.8113439 5.380351 0.0
-0.15069544 0.09706392 -0.17365551 0.4550198 0.2429313 -0.19958067 0.058897525 -0.33411184 1.0038373
0.41802627 -0.016446445 -0.4728111 -0.23341191 1.0117435 -0.44103885 -0.19093356 0.011961305 0.14624754
0.34139445 -0.058993958 0.43262962 -0.46760723 -0.25023115 -0.16806358 -0.15501688 -0.19783036 1.3747363
-0.473959 -0.5427925 -1.3854295 -0.2261149 -0.45930448 -0.3153258 -0.47843924 4.5200634 0.0
0.24203284 -0.39927453 0.4687239 0.29574582 -0.13061164 -0.4245569 0.034039166 -0.015138463 1.0449468
-0.69900036 -0.099826224 -0.36922422 -0.25999582 -0.05995658 0.55614203 -0.12193799 0.1176899 2.4516644
-0.22136544 -0.14439857 0.047555614 -0.16675608 -0.24959643 -0.3996464 0.16154636 -0.07852664 1.652282
-0.6078719 -0.46460414 -0.41039622 0.12685765 -0.45665798 -0.6002568 0.33597985 3.4113965 0.0
-0.1495582 -1.0166705 -0.057925895 0.48053643 0.36430052 -0.4224478 0.6200914 0.20609805 0.6032296
-0.10987958 0.28724793 0.18661343 -0.37025037 0.107424825 -0.58763885 0.43374437 -0.3756859 1.077962
-0.4897404 -0.061117977 -0.10372958 -0.436534 -0.08882143 0.6666406 0.24906933 0.13114654 0.6784464
-0.49484837 -0.34661406 -0.43740132 -0.4217119 3.4337072 -0.801114 -0.32866967 -0.44517055 0.0
