-1.11507 -1.4351863 -0.95196056 4.0552053 -1.2586247 -0.42942387 -0.32330996 1.1449504 0.0
-0.03808514 -0.016770542 -0.62768924 -0.365138 -0.48947376 -0.60203356 -0.14528179 5.216145 0.0
0.13649724 -0.44608328 0.6567181 0.27708837 0.06410404 -0.22054677 -0.023286883 -0.14038777 1.1696496
-0.63675755 -0.14771473 -0.22349975 -1.066822 -0.939668 -0.2584936 -0.25222772 4.4346 -0.71366096
-0.064944685 0.07354402 -0.031829912 -0.47161636 0.3255058 0.36526614 -0.29555702 -0.08404582 1.3196902
-0.62725127 -1.4930665 0.47644404 -0.3633952 -0.46414044 -0.74178207 0.034101095 4.01917 0.0
-0.51962423 0.40648505 -0.06949883 0.06488368 -0.04723813 0.008913292 -0.8164948 -0.5028655 2.2287424
0.007467204 0.16200215 -0.60425943 -0.29969043 -0.017364947 0.12802085 0.30972424 -0.23638469 1.7665423
-0.06458853 -0.37021568 -0.26700345 -0.19537278 -0.12574168 -0.41135344 -0.18736687 -0.18904409 2.092501
-0.64722353 -1.1008775 -0.39882696 -0.44800487 -0.53663313 -1.2709031 -0.7922066 5.342023 0.0
-0.13486147 0.093960926 -0.15731895 0.44323692 0.23709026 -0.17635636 0.053793892 -0.29976296 0.96276176
0.41124445 -0.016270874 -0.40173864 -0.21466027 1.0019988 -0.43325153 -0.17684324 0.010646987 0.14127825
0.3217904 -0.0510106 0.42677063 -0.41452888 -0.23310478 -0.15369216 -0.15289056 -0.18687406 1.327711
-0.40847683 -0.4794761 -1.3357896 -0.2154125 -0.42438912 -0.2670832 -0.45982972 4.422937 0.0
0.21774554 -0.35712942 0.45629066 0.2830279 -0.11459108 -0.3975201 0.029691434 -0.014736331 0.99226767
-0.6369374 -0.08756804 -0.3238627 -0.21312927 -0.048903123 0.5422883 -0.09633193 0.11532865 2.4132571
-0.21450783 -0.124690935 0.044273544 -0.14312601 -0.23770529 -0.3684364 0.15440919 -0.073035315 1.6036963
-0.53421706 -0.38815677 -0.3530479 0.11933526 -0.40682474 -0.52723515 0.317675 3.2970657 0.0
-0.12461261 -0.9646643 -0.0519089 0.53797895 0.34249273 -0.3643333 0.5839446 0.11004252 0.5704056
-0.10223672 0.2767948 0.1677532 -0.35020325 0.097338036 -0.5771357 0.42599937 -0.3452664 1.0454373
-0.46405983 -0.05433797 -0.088162154 -0.37150353 -0.08223462 0.6547467 0.21044146 0.11055885 0.66598517
-0.48806942 -0.32319394 -0.4239906 -0.41521204 3.4019392 -0.76291764 -0.29061028 -0.42767766 0.0
