-0.55707043 -0.87964696 -0.8427594 2.1855252 -0.78171164 -0.85264903 -1.0163496 2.1825361 0.0
-1.2577978 -1.3832829 0.5603231 -0.04374867 -1.6025736 -1.6438026 -0.38172087 4.5946198 0.0
-0.20774394 -0.59891355 -0.36835495 -0.040907897 -0.1424232 0.17963432 0.601211 0.0646208 1.0180409
-0.64432216 -0.19228211 -0.65042156 -0.28512117 -0.35089332 -0.76526916 0.18595171 1.9428848 0.66032004
-0.84154344 -0.33488655 0.35636836 -0.41532198 -0.24190374 -0.71118087 0.091462106 0.13888778 1.959753
-0.12674417 -2.0186083 1.8146657 0.33542883 -1.0650741 -1.6821983 0.35630673 2.5465345 0.0
-0.2928883 -0.23623095 -0.2592995 -0.6105055 -0.019715901 -0.18427365 -0.12508705 -0.11275188 1.9696783
-0.32477257 -0.44639468 -0.6809222 -0.19726156 -0.55035496 -0.2033243 -0.26094583 -0.15098856 2.6012099
-0.21625912 -0.1304167 -0.38103178 -0.40119284 0.119436026 -0.44621104 -0.48062268 -0.4328138 2.2976017
-0.65081006 -1.039499 -0.68191326 -0.25721008 -0.50427127 -0.8591179 -0.1842537 3.8313787 0.0
-0.2541418 -0.3558668 -0.58135736 -0.27848455 -0.14359982 -0.48990217 -0.39793497 0.044120193 2.395873
-0.40567026 -0.37096113 -0.6673068 -0.3302414 0.04876262 0.10395095 -0.19936687 0.15976728 1.7555025
-0.29799822 -0.61576575 -0.23883173 -0.048517454 -0.32970694 -0.18056223 -0.022987682 -0.061943796 1.8566442
-1.1087079 -1.3255473 -0.21079977 0.66088206 -0.8250097 -0.6863549 -0.77562356 3.6707072 0.0
-0.36344823 -0.5499727 -0.42814672 -0.18936211 0.013050125 -0.36041886 -0.34705958 -0.4657819 2.7256339
-0.605633 -0.15356554 -0.4158411 -0.33656016 -0.34733677 -0.41916847 -0.32687172 -0.42594025 2.754838
-0.15782073 -0.30615094 -0.16584435 -0.6035475 -0.31565043 -0.41938046 -0.13143821 -0.19386506 2.1129804
-0.72375673 -0.7471 -0.37924176 0.34220964 -0.9875663 -0.9185309 1.4243495 2.6005168 0.0
-0.33631858 -0.73412424 -0.42006183 -0.39529848 0.0634663 -0.1224774 0.21101142 -0.2131826 1.8911562
-0.30746573 -0.84913343 -0.45544627 -0.42467892 -0.15151301 -0.40821797 -0.1481815 -0.05625858 2.5219204
-0.5046284 -0.8748926 -0.66975504 -0.35277918 -0.18419048 0.019119386 0.035609324 -0.16408728 2.4267437
-0.90573555 -0.23093136 -0.583759 -0.700297 3.0977976 -0.09102903 -0.2896708 -0.41215926 0.0
