-1.4125705 -1.6171316 -1.380777 4.2334785 -1.1717548 -0.69843674 -1.0690597 1.2120746 0.0
-0.580537 -0.50136256 -0.85558236 -0.11996904 -1.6360135 -1.2518569 -0.68883705 5.691169 0.0
0.3878572 -0.61334515 0.31375784 0.048118375 -0.08177093 -0.600333 0.27776936 -0.35855848 1.6407391
-0.69647366 -0.86523664 -0.18913119 -1.5767118 -1.0490006 -1.2160165 -0.33764935 4.243513 -0.90162283
0.01888412 0.21084817 0.12772009 -0.82776415 0.58193004 -0.0062046456 -0.22825156 0.15188903 1.2213588
-0.403665 -1.3550128 0.573299 -0.6345118 -0.65929216 -1.3469073 -0.17222986 4.1073728 0.0
-0.94886225 0.29116493 -0.14121109 -0.3617025 -0.013837528 -0.33156633 -0.7569061 -0.9236743 2.7565353
0.03578782 -0.019124035 -0.5521785 -0.45128658 -0.58294314 -0.13029811 0.081205346 -0.31437552 2.4070687
-0.18438849 0.07921062 -0.5464721 -0.03775864 -0.08494708 -0.57447356 -0.16369449 -0.45515868 2.176083
-1.0911713 -1.4924022 -0.5679271 -0.653183 -0.9347677 -1.1292088 -0.93683094 5.4882264 0.0
-0.32208785 0.11547921 -0.6426092 0.25192067 0.4034241 -0.6233736 -0.038593583 -0.8591498 1.8898063
-0.15159823 -0.2686629 -1.1860595 -0.4395528 1.495487 -0.29929763 -0.38598067 0.3115735 0.8553303
0.010835198 -0.3108569 0.14292149 -0.66193336 -0.22232139 0.1683006 -0.30162615 -0.68547446 1.9242412
-1.134782 -1.1453396 -1.4920559 -0.2907105 -0.7364173 -0.8557894 -0.5857881 4.9903965 0.0
0.1242705 -0.63945276 0.2732137 0.31188214 -0.14920865 -0.42742038 -0.04352834 -0.11233336 1.7303075
-0.7692553 -0.23237225 -0.79254174 -0.6554447 -0.38144302 0.36088514 -0.42695957 0.100755244 2.7321308
0.14980997 0.04464116 -0.5046953 -0.39290243 0.24422893 -0.20259562 -0.2412002 -0.4250548 1.7206306
-1.3230939 -1.3692409 -1.0222877 0.3676476 -0.9142633 -1.3108234 0.41024384 4.134441 0.0
-0.54392004 -1.0828307 -0.06021569 0.3794656 0.684914 -0.58001125 0.07585897 0.03352327 1.4605087
0.1275345 0.06674193 -0.11042885 -0.0022596912 0.44672668 -0.8049437 -0.19566934 -0.46061882 1.3097918
-0.3792453 -0.12547246 -0.21294509 -0.69542843 -0.25451237 0.15594509 0.44679657 0.49871415 1.1805342
-0.3885862 -0.3263323 -0.46442008 -0.1522743 3.17689 -1.0783416 -0.69840515 -0.28912172 0.0
