-1.4335955 -1.6197923 -1.2939103 4.203807 -1.189429 -0.7053438 -1.0869194 1.2250761 0.0
-0.6025649 -0.5251539 -0.8599331 -0.12116826 -1.6633226 -1.2645136 -0.70270705 5.711691 0.0
0.383482 -0.6379324 0.3395889 0.017767433 -0.08006013 -0.6015896 0.25568563 -0.36178273 1.6833557
-0.6815897 -0.88646305 -0.06869144 -1.5783219 -1.0634477 -1.1720419 -0.3390745 4.1359587 -0.81932855
0.18353665 0.3299099 0.13660483 -0.80576986 0.48659283 0.0628307 -0.35937238 0.17485484 1.0731584
-0.40571785 -1.3907176 0.56030387 -0.64338994 -0.5912974 -1.3579955 -0.17260975 4.105105 0.0
-0.8269716 0.3667722 -0.27458113 -0.45571014 -0.011417458 -0.3174818 -0.76903355 -0.91263187 2.747126
0.0835662 -0.0738256 -0.4535633 -0.429295 -0.59759104 -0.11324653 -0.021875538 -0.3194394 2.4271343
-0.22570576 0.08811551 -0.56091547 -0.023801861 0.12969215 -0.5998108 -0.123304516 -0.47899434 2.068658
-1.1081607 -1.4302899 -0.5728487 -0.6584336 -0.9759943 -1.1505569 -0.9362613 5.467813 0.0
-0.24734311 -0.010296027 -0.6610277 0.2559538 0.4230055 -0.66301566 -0.038070306 -0.85163504 1.933726
-0.14648551 -0.22684927 -1.2074978 -0.4272187 1.4595976 -0.26838163 -0.38936272 0.31289428 0.84453106
-0.016493956 -0.32745007 0.2479222 -0.696332 -0.21822466 0.18590735 -0.26875246 -0.6979436 1.8882716
-1.1512196 -1.1590432 -1.4890501 -0.12527959 -0.7420563 -0.86956936 -0.5991598 4.919424 0.0
0.05813121 -0.6596444 0.20946531 0.38629627 -0.35711744 -0.4634796 -0.012123252 -0.16029297 1.9066556
-0.7976313 -0.23548783 -0.72193354 -0.64822775 -0.3940493 0.3054459 -0.24771379 0.16077384 2.615574
0.07816201 0.049211882 -0.52411944 -0.19730635 0.24222668 -0.20741256 -0.287217 -0.4588341 1.7042065
-1.3396871 -1.3913312 -1.0372164 0.36234537 -0.92437255 -1.3270534 0.43705714 4.1390347 0.0
-0.38883844 -0.8217644 -0.14377223 0.21531168 0.72475827 -0.518465 0.056410562 -0.059948407 1.4309816
0.13022466 0.14994559 -0.17109637 -0.012079464 0.31109324 -0.6654327 -0.018838208 -0.48442358 1.2603617
-0.3903089 -0.13439757 -0.20066941 -0.63814116 -0.21850792 0.15769845 0.2498533 0.49201202 1.2817146
-0.42151535 -0.3806959 -0.4653533 -0.110334024 3.2042577 -1.1860775 -0.70672184 -0.28986704 0.0
