-1.1317962 -1.324909 -1.1955966 3.0193565 -0.97676486 -0.9632419 -1.2037805 2.0857792 0.0
-1.1401953 -1.1340779 0.274494 -0.21373226 -1.7632005 -1.7084936 -1.0316154 5.249229 0.0
-0.46878812 -0.49010956 -0.13228959 -0.18935768 -0.08376818 -0.27231783 0.86416286 0.055917762 1.0988427
-0.33187604 -0.7205186 -0.36391553 -0.91079557 -0.4079167 -0.776192 -0.033543542 2.8851469 -0.14590648
-0.07941414 -0.16606279 -0.008888151 -0.62048644 0.091876425 -0.33228412 -0.3415381 0.41871804 1.6499155
-0.5679092 -2.026399 0.8353943 -0.13146888 -1.2152603 -1.9908954 0.012635207 4.140605 0.0
-0.49649364 0.030356374 -0.21678174 -0.39522183 0.16337678 -0.055678956 -0.70065814 -0.2686003 2.0327885
-0.36347714 -0.209292 -0.34360373 -0.3522512 -0.40200108 -0.32814685 -0.3014931 -0.36861095 2.6323876
-0.032186072 -0.10469814 -0.63912266 -0.08169775 0.01277982 -0.5775847 -0.6467352 -0.3726009 2.3446329
-0.8191907 -1.3434016 -0.57656264 -0.42244428 -0.8458959 -1.1813626 -0.52660245 4.6097884 0.0
0.071044564 -0.3238607 -0.42264435 -0.3204188 -0.25218338 -0.24107131 -0.17114213 -0.23896271 2.1435368
-0.6984509 -0.07894385 -0.4439117 -0.2893224 -0.3511853 0.6721966 0.042926833 0.09332418 1.3332689
-0.24389535 -0.37637362 0.043358393 -0.40027046 -0.31393057 -0.278013 -0.48596308 0.19616883 1.9221697
-1.0227097 -1.4448239 -0.48688006 0.2922434 -0.658892 -0.4059928 -0.44378057 3.8057182 0.0
0.10550818 -0.80146706 -0.5323879 0.027408533 -0.011273605 -0.020816451 -0.38723794 -0.45440924 2.38192
-0.50526154 -0.101548836 -0.58461076 -0.34907788 -0.47999582 -0.07866801 -0.021680867 0.17957331 2.2698905
-0.48577458 -0.517052 -0.62092453 -0.099215105 -0.18914029 -0.1273464 -0.029103965 -0.46132958 2.3504906
-1.283187 -1.2041043 -1.0015166 0.36993986 -1.1317015 -1.7717756 1.4216535 3.5513961 0.0
-0.48587686 -0.46377975 -0.02992934 -0.39346546 0.149386 -0.067406 0.16697079 -0.34578678 1.6701075
-0.10794842 -0.45353448 -0.21845107 -0.19016066 -0.10922842 -0.40929356 -0.110703796 -0.23951656 2.1241288
-0.36115107 -0.23011988 -0.75320274 -0.516887 -0.3750704 0.43488467 0.12722713 0.2196755 1.7761163
-0.98019093 -0.64686376 -0.79200184 -0.48165402 3.6285787 -0.3365359 -0.72375447 -0.3190008 0.0
