-1.0745008 -1.4222767 -0.9349336 4.0306697 -1.2455703 -0.409621 -0.29527372 1.1367983 0.0
-0.030943299 -0.012936929 -0.6131361 -0.3614383 -0.4467838 -0.5695441 -0.13118637 5.168824 0.0
0.13606866 -0.43549863 0.6440476 0.2762485 0.062216092 -0.20372136 -0.023217205 -0.13794988 1.1659789
-0.6362843 -0.12914348 -0.21559772 -1.0592486 -0.93909645 -0.22979899 -0.24243112 4.432517 -0.6967097
-0.063309096 0.07317393 -0.0317458 -0.46849766 0.32223162 0.36430377 -0.28863174 -0.08380354 1.3147076
-0.62263453 -1.4876332 0.47209898 -0.36283368 -0.45127448 -0.7090071 0.03404501 4.014921 0.0
-0.49293575 0.40587658 -0.06604068 0.06428938 -0.04526174 0.008780748 -0.815266 -0.48059765 2.2092516
0.007364171 0.15909404 -0.5922319 -0.29127026 -0.016705412 0.12529609 0.30487233 -0.22169709 1.7515832
-0.28265586 -0.36756134 -0.044936743 -0.19024578 -0.120493084 -0.40279442 -0.18601516 -0.17687078 2.0613792
-0.6131115 -1.0757143 -0.38314465 -0.4300781 -0.53112257 -1.2652386 -0.78220874 5.321743 0.0
-0.12712373 0.09132557 -0.14926028 0.4370923 0.2340398 -0.16511759 0.051260486 -0.28294495 0.9423596
0.4076809 -0.016178222 -0.36837164 -0.20530279 0.9968524 -0.4291644 -0.16977347 0.010007358 0.13870324
0.3118211 -0.04721124 0.42368567 -0.3887803 -0.22447371 -0.14655149 -0.15177113 -0.18129322 1.3033493
-0.37739506 -0.44884568 -1.3101063 -0.20992544 -0.40690356 -0.24448808 -0.45022446 4.3721223 0.0
0.20582879 -0.33654314 0.4498101 0.2764849 -0.10688087 -0.38384137 0.027608305 -0.014526731 0.965328
-0.6061877 -0.08166925 -0.3020362 -0.19172725 -0.04387475 0.5350582 -0.084968515 0.11409165 2.393068
-0.21094592 -0.11532157 0.04262027 -0.1339237 -0.2316104 -0.352833 0.15074074 -0.06797957 1.5784307
-0.49872646 -0.3527321 -0.32586476 0.11551565 -0.3825583 -0.49206448 0.30834433 3.2378194 0.0
-0.113075994 -0.93808484 -0.048965506 0.52288234 0.33142483 -0.33673334 0.5655766 0.10468722 0.5536735
-0.09838849 0.27138856 0.1585049 -0.33998165 0.09236159 -0.571624 0.421935 -0.3300947 1.0285333
-0.4509479 -0.051041413 -0.08085122 -0.3409352 -0.07893067 0.64850456 0.1923838 0.100951046 0.65944844
-0.48450044 -0.31138262 -0.41702324 -0.4117946 3.3851573 -0.7433408 -0.2721837 -0.4186515 0.0
