-1.3561908 -1.5053536 -1.0471815 4.18734 -1.3298929 -0.5509929 -0.52179617 1.1889969 0.0
-0.11368232 -0.06570274 -0.71048224 -0.38531956 -0.7923578 -0.8069296 -0.24889906 5.4735174 0.0
0.13878377 -0.33248165 0.59523284 0.2815678 0.07506638 -0.33525535 -0.02365849 -0.15399763 1.1892358
-0.6392637 -0.29998395 -0.2702881 -1.1077056 -0.9426936 -0.48084685 -0.310911 4.4456162 -0.81027657
-0.074309915 0.07553038 -0.03227801 -0.48844022 0.34336227 0.370393 -0.33498538 -0.08533746 1.3463289
-0.65221417 -1.5221026 0.50006974 -0.3663765 -0.53842616 -0.9417122 0.03439895 4.0416927 0.0
-0.68642604 0.4097145 -0.09099042 0.06811547 -0.059196338 0.009647332 -0.8230174 -0.6387251 2.334603
0.0080366125 0.17826763 -0.6719588 -0.3483658 -0.02130428 0.14883281 0.33666298 -0.33164328 1.8456265
0.023447271 -0.38588482 -0.4653636 -0.22483131 -0.15748824 -0.45967042 -0.19467244 -0.26861942 2.2678216
-0.8614281 -1.2438905 -0.49292204 -0.5558188 -0.56670576 -1.301252 -0.8471791 5.450461 0.0
-0.1842227 0.10696109 -0.20765355 0.4771569 0.2538759 -0.24965164 0.06939664 -0.40658665 1.0797071
0.4305922 -0.016769217 -0.63487685 -0.27161407 1.029631 -0.45549738 -0.21935317 0.014765588 0.15569343
0.3799699 -0.07674449 0.44344443 -0.5815341 -0.2844974 -0.19757645 -0.15894261 -0.21932371 1.4641627
-0.6202748 -0.6793899 -1.4800526 -0.24686061 -0.5299701 -0.42581064 -0.5140681 4.7014613 0.0
0.2930778 -0.4885894 0.492104 0.32024172 -0.16550334 -0.4782608 0.044251546 -0.015894692 1.1472855
-0.82712454 -0.12652971 -0.4680608 -0.37247223 -0.08667183 0.5821333 -0.18673377 0.1220891 2.522776
-0.23434407 -0.18830208 0.054127384 -0.23054354 -0.2726574 -0.4614333 0.17531815 -0.076402895 1.7434945
-0.7679455 -0.64319324 -0.53886515 0.14170004 -0.56287104 -0.7590812 0.3718409 3.6287029 0.0
-0.20803961 -1.118064 -0.07064214 0.5389947 0.40724137 -0.5521664 0.69131374 0.23024839 0.6676474
-0.12519568 0.30718777 0.22629666 -0.4095051 0.12841038 -0.6071468 0.44812837 -0.43772027 1.1394467
-0.53989875 -0.077571504 -0.13920291 -0.5844796 -0.10211387 0.6887306 0.337844 0.18128385 0.7016074
-0.5073639 -0.39340734 -0.4627708 -0.43374157 3.491994 -0.8751974 -0.41065437 -0.47868103 0.0
