-1.1240586 -1.4379984 -0.95568985 4.0605407 -1.261471 -0.43383804 -0.32972467 1.1467242 0.0
-0.039836578 -0.017739708 -0.6308871 -0.36594445 -0.49924496 -0.609312 -0.14852872 5.226454 0.0
0.13659027 -0.4425043 0.6548705 0.27727067 0.064520516 -0.22437032 -0.023302006 -0.14092156 1.1704464
-0.63686013 -0.15207584 -0.22524929 -1.0684701 -0.93979186 -0.26516554 -0.25440145 4.435052 -0.71738714
-0.065304525 0.07362444 -0.031848162 -0.47229472 0.32621953 0.365475 -0.297079 -0.0840984 1.3207722
-0.6282559 -1.4942462 0.4773906 -0.36351696 -0.46697554 -0.7490792 0.03411326 4.020091 0.0
-0.52559304 0.40661696 -0.07027144 0.06501315 -0.047677476 0.008942268 -0.81676126 -0.5078234 2.2329876
0.007489714 0.16263911 -0.60689694 -0.30154628 -0.017511211 0.12861887 0.31078544 -0.2396921 1.7697998
0.017461516 -0.37079328 -0.35219547 -0.1965015 -0.12690844 -0.41323146 -0.187661 -0.19178931 2.099305
-0.6548594 -1.1064056 -0.40230775 -0.4519856 -0.5378344 -1.2721336 -0.7943893 5.3464265 0.0
-0.1365986 0.09449495 -0.15912107 0.4445794 0.23775631 -0.17888975 0.054358948 -0.30353558 0.96727455
0.41202053 -0.016291015 -0.40935495 -0.21674278 1.0031172 -0.43414202 -0.17841305 0.010790833 0.14184234
0.32399163 -0.051872976 0.4274419 -0.4203271 -0.23501775 -0.15528418 -0.15313415 -0.18810546 1.3330483
-0.41553947 -0.48638156 -1.3414195 -0.21661992 -0.42827484 -0.27224576 -0.46193743 4.4340234 0.0
0.22041637 -0.3617519 0.45770684 0.28446555 -0.11633304 -0.40054688 0.030162947 -0.0147821335 0.9982023
-0.64380115 -0.08890083 -0.32879448 -0.21807052 -0.050065883 0.54386747 -0.0989864 0.11559839 2.4176533
-0.21528734 -0.12681852 0.044640042 -0.1452011 -0.23904653 -0.3719062 0.15521555 -0.074178964 1.609223
-0.5422313 -0.39628643 -0.3592282 0.12017917 -0.41228056 -0.5351786 0.31973317 3.3100443 0.0
-0.12726232 -0.9705206 -0.05256942 0.5301363 0.34493855 -0.37060335 0.58800167 0.12203807 0.5740964
-0.10308995 0.27798006 0.1698265 -0.35245773 0.09845082 -0.5783367 0.42688504 -0.34864363 1.0491358
-0.46695012 -0.055079605 -0.089830734 -0.37847745 -0.08296833 0.65610677 0.21457058 0.112757355 0.6674098
-0.48884603 -0.32581097 -0.42551523 -0.4159561 3.4055858 -0.7672261 -0.29476312 -0.42965847 0.0
