5.938487 -0.4350886 -1.0093814 -0.8415259 -0.654798 -0.8252175 -1.1368157 -0.46454722 0.0
6.394751 -0.9837321 -0.7486013 -1.0772372 -0.92699265 -0.87599856 -0.3714722 -0.62940574 0.0
-0.51039916 -0.80038935 -0.73264 -0.7396405 -0.23616439 -0.45967814 -0.5738035 -0.46398982 4.8608894
-0.0029995735 -0.21419525 -0.3344067 -0.7039201 -0.5269634 -0.3075563 -0.67581564 -0.71781075 4.326483
-0.44481802 -0.95386475 0.18202618 -0.9588623 -0.5114239 -0.54636294 -0.6158041 -1.0768721 4.944042
-0.96243554 -1.1684176 -0.3860907 -0.57897544 6.211772 -0.8991823 -1.0199178 -0.9398055 0.0
-0.45585617 -0.73307383 -0.716947 -0.5272243 -0.7401298 -0.45386484 -0.5326665 -0.65545905 4.8507667
-0.6150283 -1.0199736 -0.6472858 -0.31456614 -0.57743937 -0.08476101 -0.24969977 -0.41410416 4.501015
-0.7410874 -0.20715751 -0.61405355 -0.5957296 -0.26475453 -0.36020613 -0.8107305 -0.39771155 4.253459
-0.7063611 -0.17883068 -1.1864038 -1.1598628 -0.7563353 -1.2952458 6.214599 -0.55554706 0.0
-0.98131233 -0.16240412 -0.8572548 -0.5580024 -0.29321596 -0.20291612 -0.42517653 -0.71936375 4.743004
-0.37548345 -0.36620668 -0.34384668 -0.78817207 -0.78435624 -0.40817544 -0.758696 -0.46481133 4.785731
-0.47427267 -0.55165684 -0.46657148 -0.522607 -0.35745347 0.17382607 -0.636964 -0.79891574 4.378956
-0.9278691 -1.135183 -0.9757644 5.725838 -0.75867426 -0.56684494 -1.0572712 -0.7146512 0.0
-0.5594296 -0.6408894 -0.005481077 -0.35753578 -0.5458423 -0.7726355 -0.5861422 -0.5452096 4.3769903
-0.5541868 -0.1103021 -0.46828154 -0.695102 -0.42525473 -0.8912614 -0.2304192 -0.9103686 4.539313
-0.54835707 -0.6372065 -0.7275257 -0.49078113 -0.598071 -0.64444804 -0.53624606 -0.53920376 4.753378
5.0712733 -0.8424682 -1.1259122 -0.40315095 -0.52317864 -0.62151533 -0.57264465 -0.35825846 0.0
-0.8144241 -0.76929295 0.11954799 -0.46333945 -0.283656 -0.27001026 -0.7890319 -0.63224715 4.5883393
-0.77920294 -0.35491487 -0.75786537 -0.68898284 0.013019604 -0.48111242 -0.39196774 -0.5731553 4.45749
-0.7479321 -0.53364325 -0.48213342 -0.483987 -0.63819546 -0.51462895 -0.49672478 -0.61999 4.62642
-0.5597896 -0.8887161 -0.9120169 -1.0306237 -0.50716746 5.582846 -1.274412 -0.42364004 0.0
