5.926801 -0.6963571 -0.83337325 -0.82348835 -0.62095606 -0.76933616 -1.1332737 -0.7711661 0.0
6.0660477 -0.7772428 -1.0514982 -1.1747825 -0.7947796 -0.71492547 -0.257617 -0.48229864 0.0
-0.30274662 -0.74418503 -0.5095584 -0.64860135 -0.3593221 -0.44617116 -0.50891197 -0.446145 4.6380134
-0.27135897 -0.5389989 -0.28707725 -0.72882307 -0.2563004 -0.63374 -1.0307522 -0.68371785 4.5025167
-0.4294884 -0.67375785 -0.0267825 -0.52817637 -0.38185436 -0.41782245 -0.764286 -0.97907716 4.627913
-0.80023086 -0.6873485 -0.42616248 -0.9286943 5.6661587 -0.6574317 -0.9688435 -0.9692411 0.0
-0.523616 -0.56043154 -0.52789557 -0.33241034 -0.8341241 -0.38436 -0.46611652 -0.57945037 4.779859
-0.4320475 -0.96389586 -0.7753549 -0.30398345 -0.19580373 -0.5222739 -0.27611297 -0.8359396 4.6056085
-0.6208179 -0.27829447 -0.36345935 -0.5574686 -0.43232524 -0.175959 -0.74396765 -0.42065772 4.1642637
-0.8517733 -0.5560755 -1.1266115 -1.2397536 -0.68080527 -0.77553886 5.83449 -0.48905483 0.0
-0.943443 -0.003178512 -0.8547774 -0.37891057 -0.34154433 -0.34332514 -0.60067356 -0.6273577 4.6700606
-0.043635767 -0.49030763 -0.020247828 -0.87708414 -0.50517243 -0.5358242 -0.8637463 -0.60610497 4.4701085
-0.7081145 -0.7354894 -0.5152485 -0.32112676 -0.35949713 -0.24114239 -0.6976204 -0.7703639 4.725431
-1.1663277 -1.0058159 -0.9748093 5.3581395 -0.62612915 -0.6750128 -0.7966469 -0.48917297 0.0
-0.68743116 -0.35709673 0.07835312 -0.41390604 -0.5693204 -0.65154403 -0.6935363 -0.5477471 4.316738
-0.36866444 0.08389413 -0.8655505 -0.71795315 -0.42744505 -0.85652936 -0.44550934 -0.69113475 4.5653296
-0.49244526 -0.3370754 -0.80761325 -0.5042576 -0.50043446 -0.37535003 -0.607353 -0.29912657 4.493487
5.4441843 -0.99432176 -1.2691014 -0.49329907 -0.7574514 -0.65234005 -0.46627983 -0.61603445 0.0
-0.6395192 -0.81844074 -0.007360589 -0.7058906 -0.5962368 -0.26386777 -0.66439927 -0.88704264 4.6831803
-0.6980405 -0.6298032 -0.4210118 -0.74055266 -0.27478105 -0.23873109 -0.6159152 -0.38732553 4.516135
-0.42390403 -0.49462426 -0.33367142 -0.6953204 -0.6525832 -0.692493 -0.46990806 -0.7341876 4.521494
-0.51100045 -0.546907 -0.92679 -1.2082987 -0.5976045 5.4803357 -1.021739 -0.59468806 0.0
