3.236087 2.3537323 -0.7078387 -1.3158138 1.8386408 -0.094040245 -1.2813499 -1.5333695 0.0
3.924815 -0.84491944 -0.6872592 -1.0855784 0.55399144 -0.6942591 1.16796 -1.2986989 0.0
-0.49435195 -0.5786338 -0.6898386 -0.9361442 -0.64460063 -0.84802455 -0.78245896 -1.1176434 5.0520906
-0.6663826 -0.6548224 -0.7618976 -0.9093218 -0.45017883 -0.7101006 -0.6871445 -1.0430137 5.0238705
-0.50549036 -0.6922883 -0.69603616 -0.8980622 -0.63272804 -0.65553194 -0.82073224 -1.1867605 5.0192246
-0.7492265 -0.34749696 0.49470463 -0.22474031 2.4905193 -0.633775 0.0020054071 -1.0058014 0.0
-0.66448957 -0.8874054 -0.73506546 -0.76861686 -0.50815016 -0.70090777 -0.5040544 -0.75434786 4.92333
-0.5919898 -0.57528096 -0.5900548 -0.57233644 -0.48385748 -0.78040487 -0.5862733 -0.6266436 4.7092376
-0.64212096 -0.7047329 -0.76684576 -0.687859 -0.45146006 -0.6201812 -0.5541542 -0.70355076 4.845947
0.32388282 -0.53218937 -0.20645563 0.1559827 -0.24672927 0.26920295 1.1268455 -0.49700704 0.0
-0.6686781 -0.6133448 -0.7932495 -0.6408512 -0.56392574 -0.6516497 -0.6843793 -0.821826 4.9099994
-0.6694314 -0.7147753 -0.73717463 -0.8836952 -0.6188887 -0.81241226 -0.7813419 -0.69518304 4.9981866
-0.58453125 -0.7527856 -0.7660325 -0.7463612 -0.65910137 -0.6269842 -0.79923517 -0.92639923 5.0053306
-0.63575685 0.62962365 -0.37529457 0.6718589 0.22614604 -0.12983464 0.32558978 -0.259155 0.0
-0.6827479 -0.78015816 -0.7568172 -0.85491824 -0.4109923 -0.6348902 -0.6274635 -0.97246027 4.9330635
-0.8517509 -0.76294917 -0.7497774 -1.000892 -0.6147152 -0.71361977 -0.85952765 -0.92543054 5.0648203
-0.73583627 -0.73188 -0.86397964 -0.9846508 -0.6850997 -0.8233968 -0.798535 -0.95041025 5.041529
2.6415908 -0.7366439 -0.3467697 -0.8023044 0.6749388 -0.42564556 -0.24690354 -0.9788532 0.0
-0.7510138 -0.71633846 -0.7064357 -1.1699423 -0.7204103 -0.5876274 -0.6637372 -1.1504117 5.059947
-0.6012866 -0.6075535 -0.86683804 -1.0993267 -0.6835499 -0.6261612 -0.85008836 -1.1138127 5.087237
-0.71791136 -0.6946767 -0.7940158 -1.1641653 -0.536237 -0.62108785 -0.862093 -1.1048846 5.074298
-0.34262282 2.2822998 -0.7003786 -1.3788689 0.53375465 2.9195573 -0.97432715 -1.3237351 0.0
