5.3782573 -0.3351564 -0.80650437 -1.3990418 -0.7571979 -0.6742991 -0.8045626 -0.9114248 0.0
6.110854 -1.1560457 -1.1577467 -0.7996219 -0.72755605 -0.8573638 -0.8520873 -1.0193677 0.0
-0.4685885 -0.5481084 -0.36656436 -0.65039 -0.36820984 -0.5714594 -0.8021903 -0.7555688 4.7250776
-0.42636043 -0.5140128 -0.44746894 -0.46854165 -0.18680471 -0.85661393 -0.6055802 -0.7035587 4.7141933
-0.20961638 -0.29985014 -0.7140617 -0.67320603 -0.4029411 -0.60374063 -0.7587015 -0.85063684 4.8046865
-0.9128761 -1.2287598 -0.76496387 -0.57325155 5.4583063 -1.0035415 -0.92519516 -0.7412448 0.0
-0.71058 -0.76836854 -0.56013566 -0.7215761 -0.44552076 -0.43084115 -0.36593688 -0.9151611 4.8091526
-0.5461081 -0.74336666 -0.5848413 -0.44803765 -0.5638148 -0.6475173 -0.6599308 -0.47638094 4.654654
-0.6412371 -0.6000811 -0.6902856 -0.59784395 -0.45533076 -0.5943916 -0.46396938 -0.5575556 4.6754346
-0.8986337 -0.81418604 -0.96181804 -0.6142258 -1.0284047 -0.78569865 5.2332444 -1.0127082 0.0
-0.6525516 -0.6555513 -0.40548673 -0.67911804 -0.4785005 -0.60787594 -0.5102548 -0.5895466 4.607592
-0.650332 -0.51409966 -0.5913341 -0.84990233 -0.34801736 -0.56878865 -0.4073631 -0.4825555 4.632877
-0.64239687 -0.53462523 -0.68321407 -0.6383383 -0.46897843 -0.57309777 -0.6313088 -0.63443494 4.7542615
-1.042331 -0.3274155 -0.81340986 4.6140347 -0.77215713 -0.97211826 -1.0606555 -1.073474 0.0
-0.64697766 -0.53204125 -0.64023 -0.5843579 -0.51006943 -0.49040663 -0.48325348 -0.6504032 4.5178447
-0.7449698 -0.47956517 -0.5021588 -0.56499755 -0.500457 -0.4146146 -0.74286073 -0.6072206 4.676885
-0.52244216 -0.31254795 -0.6641915 -0.5506048 -0.66410506 -0.679129 -0.7761444 -0.43258294 4.66882
5.267661 -1.0206594 -0.829205 -0.9982101 -0.7761553 -0.8232841 -0.7137739 -0.6790342 0.0
-0.6176009 -0.5876577 -0.4775263 -0.7287244 -0.38066047 -0.41167402 -0.6211604 -0.74542606 4.6628118
-0.69003516 -0.46679002 -0.7088122 -0.70418316 -0.5486848 -0.40880167 -0.39972994 -0.67994636 4.7167807
-0.5154004 -0.60411346 -0.5016902 -0.676404 -0.48271474 -0.33486694 -0.50447625 -0.7092553 4.634015
-0.73422223 -0.033391725 -0.7565041 -0.9342618 -0.8310086 5.1426864 -0.72379124 -0.883706 0.0
