2.825958 2.8310227 -0.026232166 -0.9740046 2.5309806 0.8643618 -0.942111 -1.0171618 0.0
2.5895815 -0.23683615 -0.24737614 -0.8230231 1.2199562 -0.27272117 1.8456832 -1.008836 0.0
-0.06232123 -0.59056824 -0.83903277 -0.95007366 -0.6386562 -0.9383198 -0.8745802 -1.0059083 4.200299
-0.48104638 -0.6018516 -0.610392 -0.95514476 -0.06050132 -0.24772508 -0.8616859 -1.0486163 4.2058845
-0.47101283 -0.51724344 -0.52256763 -0.96437156 -0.43327016 -0.8853995 -0.9651543 -1.1039273 4.2111354
-0.055994753 -0.0857127 0.28875846 0.00924116 1.4349074 0.032304116 0.40571856 -0.5957426 0.0
-0.4772304 -0.9089887 -0.7414042 -0.7086779 -0.4354927 -0.84800035 -0.5303616 -0.84835815 4.1578155
-0.5915427 -0.42385852 -0.52913815 -0.53109425 -0.4975348 -0.6870559 -0.653258 -0.6418992 4.0114646
-0.4678357 -0.7800279 -0.78440404 -0.77759093 -0.5889052 -0.76365507 -0.69289356 -0.7960666 4.2232113
0.49896 -0.16381112 0.061661866 0.14420307 -0.10179791 0.37687218 0.82024676 -0.45615473 0.0
-0.85623395 -0.77502304 -0.8804103 -0.823547 -0.76576865 -0.6837816 -0.9391321 -0.9406228 4.245951
-0.8048499 -0.8353894 -0.75035775 -0.9178541 -0.81081784 -0.92282355 -0.8947615 -0.98482424 4.2219696
-0.6863151 -0.6261189 -0.86000055 -0.8974536 -0.860532 -0.87622195 -0.96735394 -1.059038 4.239381
-0.046627644 0.46093702 0.06735639 0.5391531 0.10509579 0.01650401 0.23775853 -0.30406523 0.0
-0.76502234 -0.8342387 -0.9707415 -0.98736477 -0.40509036 -0.80672055 -0.8414591 -1.0736966 4.230501
-1.0697225 -0.90526724 -0.945752 -1.0781609 -0.69567484 -0.9577654 -0.9649007 -1.0926951 4.237653
-0.9251041 -1.0683069 -1.0517379 -1.0981219 -0.8735202 -1.0731223 -1.0666089 -1.1090726 4.2295194
1.8105924 -0.15798998 0.014582303 -0.44473845 0.549883 0.14522241 -0.119068384 -0.80614877 0.0
-0.4251817 -0.80566925 -0.9128097 -1.1224205 -0.86295295 -0.81270134 -0.9719683 -1.1337163 4.2033176
-0.6806749 0.10564641 -1.0191098 -1.0947785 -0.4968271 -0.7593346 -1.0431528 -1.1041913 4.196567
-0.67234206 -0.42670742 -1.0227728 -1.0966449 -0.46184677 -0.72024983 -1.0308237 -1.0933473 4.18506
0.5154351 2.4035122 -0.19139285 -1.0002259 1.0884334 2.508298 -0.7656957 -1.0597931 0.0
