5.931167 -0.75465167 -0.84106815 -0.61228055 -0.7138729 -0.7573531 -1.284767 -1.0628614 0.0
6.3155107 -0.878553 -1.256968 -1.1867874 -0.96917677 -0.68678015 -0.48702726 -0.6427573 0.0
-0.34004134 -0.6509367 -0.75861174 -0.5193647 -0.47707734 -0.82717717 -0.41727158 -0.7282409 4.880814
-0.51669633 -0.501697 -0.330513 -0.67940015 -0.34222662 -0.76059264 -0.7186866 -0.7260917 4.613143
-0.28915364 -0.68146306 -0.24969333 -0.69102126 -0.5066663 -0.5051234 -0.37717673 -0.89828604 4.6716795
-0.7318085 -0.88666 -0.7148263 -0.84005094 5.8626523 -0.7624279 -0.8410648 -1.0959302 0.0
-0.13399062 -0.798247 -0.84521323 -0.1986604 -0.6308408 -0.57961154 -0.5122775 -0.5315831 4.5128527
-0.3535533 -1.0781565 -0.70749843 -0.018965716 -0.24860439 -0.41098645 -0.2995966 -0.8866475 4.438999
-0.77020365 -0.27774128 -0.35089195 -0.6816385 -0.2044923 -0.15689637 -0.6729896 -0.18465663 4.1233597
-0.8738826 -0.7214433 -1.0914131 -0.99707454 -0.9861288 -0.7877984 5.874646 -0.6636106 0.0
-1.0381209 -0.5164142 -0.6771687 -0.5262421 -0.68270314 -0.36325353 -0.5728353 -0.7466772 5.0620503
-0.30735022 -0.65773803 -0.26169935 -0.7569665 -0.65131575 -0.569666 -0.8049898 -0.5626371 4.727692
-0.74895906 -0.6154525 -0.65929055 -0.6476664 -0.34378982 -0.48245123 -0.70087993 -0.6396543 4.963008
-1.0763032 -1.0556586 -0.7767217 5.3189697 -0.5646871 -0.99089473 -0.8652175 -0.562714 0.0
-0.73877174 -0.49837956 -0.4246161 -0.4118563 -0.5472297 -0.43811628 -0.6294833 -0.64948475 4.5479093
-0.48152417 -0.18662876 -0.33912438 -0.22575052 -0.5267634 -0.81530076 -0.6730394 -0.64629275 4.389919
-0.63634473 -0.5775978 -0.6108555 -0.43715984 -0.3046856 -0.60667264 -0.30637324 -0.8063329 4.515006
5.6489916 -0.95641464 -0.9324822 -0.8075741 -0.83917487 -0.6892657 -0.72798187 -0.91627383 0.0
-0.6773626 -0.654066 -0.2651121 -0.65885186 -0.5118304 -0.2716028 -0.38935533 -0.73892283 4.440357
-0.77698314 -0.74408686 -0.53164166 -0.489269 -0.23702702 -0.26627454 -0.6404781 -0.72309005 4.698397
-0.39398137 -0.43370116 -0.26366913 -0.7077453 -0.5362108 -0.31820557 -0.39499184 -0.50870097 4.232497
-0.70438945 -0.45584366 -0.9334699 -0.9765341 -0.85974914 5.4602904 -0.8079598 -0.65262127 0.0
