5.329694 -0.391487 -0.8295167 -1.2404798 -0.6468884 -0.6530578 -0.8731522 -1.0090076 0.0
5.966348 -1.1563839 -0.9338932 -0.898091 -0.65244436 -0.89336324 -0.8588134 -0.8698539 0.0
-0.5470242 -0.51492894 -0.39621457 -0.65708953 -0.46402442 -0.6342495 -0.79286176 -0.82385236 4.8265195
-0.45974085 -0.5929566 -0.5344408 -0.52817875 -0.06389279 -0.7792173 -0.6777498 -0.7423771 4.785381
-0.20224863 -0.34902692 -0.7361928 -0.65219706 -0.45724922 -0.66186124 -0.71655375 -0.8409337 4.8544545
-0.9204207 -1.2096403 -0.7046506 -0.6232853 5.3782277 -0.91931844 -0.9320968 -0.6861805 0.0
-0.6630334 -0.8506497 -0.5647146 -0.7242628 -0.35060263 -0.40103647 -0.3053069 -0.89257836 4.7626605
-0.54746807 -0.7802571 -0.52761084 -0.5950219 -0.559648 -0.6861183 -0.6284623 -0.5114269 4.704704
-0.69070613 -0.73424685 -0.73078614 -0.5443376 -0.43833876 -0.45186824 -0.5248923 -0.56857723 4.7105937
-0.88184756 -0.7797195 -1.02594 -0.6447933 -0.8724779 -0.7553571 5.1126027 -0.9022299 0.0
-0.612569 -0.73948556 -0.46953428 -0.6155564 -0.46428066 -0.52323115 -0.5138687 -0.5159773 4.5706854
-0.74572736 -0.53335184 -0.5643887 -0.86086524 -0.38344893 -0.4732879 -0.438967 -0.44607565 4.6645126
-0.80467135 -0.48766655 -0.72847915 -0.68248904 -0.48063385 -0.5068877 -0.6228971 -0.5571448 4.7870135
-1.0592439 -0.30087602 -0.8280668 4.5872426 -0.77892596 -1.0253972 -0.98987734 -1.1555518 0.0
-0.6134817 -0.5120757 -0.6031481 -0.6397001 -0.48735622 -0.500833 -0.40723607 -0.6042776 4.463658
-0.7955007 -0.5056588 -0.48114482 -0.6682374 -0.5238238 -0.39111927 -0.6683936 -0.56500137 4.705687
-0.61882305 -0.36737767 -0.63749415 -0.6477809 -0.6379091 -0.62937367 -0.7944187 -0.45140797 4.714875
5.2137194 -0.946635 -0.7990572 -1.0004718 -0.8189093 -0.7673054 -0.69288206 -0.73197925 0.0
-0.604914 -0.6156981 -0.5575612 -0.7092878 -0.49098364 -0.34586385 -0.62345314 -0.6819924 4.6754303
-0.585726 -0.58457434 -0.70710164 -0.6604513 -0.4173416 -0.4429259 -0.43511575 -0.7399046 4.716212
-0.5891638 -0.58742094 -0.46194544 -0.74126446 -0.47355163 -0.43370172 -0.40490833 -0.75258034 4.6898665
-0.73965317 0.092154175 -0.7714094 -0.9883681 -0.83040345 5.0835385 -0.7542486 -0.8570327 0.0
