5.486449 -0.27676484 -0.81484246 -0.37468553 -0.56142837 -0.2758385 -0.09292958 -0.61056346 0.0
6.2096043 -1.0067104 -0.4766727 -0.2926736 -0.55425495 -0.5601954 -0.5461937 -0.17466086 0.0
-0.3142542 -0.45598343 -0.3100888 -0.7369679 -0.0017804063 -0.50509655 -0.7564508 -0.83931065 5.173618
-0.0031013843 -0.33277306 -0.25063574 -0.33388886 -0.379729 -0.11067072 -0.29837054 -0.35239306 3.9410727
-0.76577824 -0.59658307 0.5337633 -1.0962279 -0.14585929 -0.44061005 -0.12113199 -0.94469726 4.469198
-0.38545963 -1.0434974 -0.39300525 -0.7609265 6.051606 -0.72306466 -0.71273166 -0.620819 0.0
-0.009892735 0.22515374 -0.097099856 -0.9689388 -0.7176288 -0.7878271 0.27111804 -0.65069455 4.2783103
-0.085996866 -0.372886 -0.463754 -0.11967873 -0.15898724 -0.22640008 -0.583964 -0.44686326 4.2017694
-0.5482406 -0.13610093 -0.6957035 -0.80155957 0.0592871 -0.7544521 -0.48338982 -0.44169882 4.306791
-0.17166092 -0.099930786 -0.6894557 -0.33058995 -0.57462347 -1.0724877 5.7083187 -0.31456298 0.0
-0.70196337 -0.22139543 -0.4468764 -0.70724916 -0.5316668 -0.4836129 -0.26429054 -0.2735519 4.6573586
-0.5249741 -0.53962195 -0.18242867 -0.5892582 -0.094294704 -0.2477077 -0.29110396 -0.6125936 4.459686
-0.4621955 -0.15832184 -0.033709638 -0.9661324 -0.491553 -0.58523387 -0.50407124 -0.6231826 4.74559
-0.5997184 -0.7430678 -0.595865 5.387571 -0.95751756 0.2936328 -0.5796454 -0.54783505 0.0
-0.59617096 -0.60649735 -0.14959596 -0.5987946 -0.20459715 -0.32131058 -0.83261716 -0.715211 5.1415577
-1.0447892 -0.23948176 -0.6284715 -0.006222697 -0.11034542 -0.40620354 -0.14924662 -0.57660604 4.4852424
-0.36258566 -1.047566 -0.4685437 -0.79912555 -0.04812853 -0.1252561 -0.38598704 -0.26360306 4.804534
5.3208785 -0.52008504 -1.092641 -0.81533504 -0.9600914 -0.57664984 -0.30058452 -0.35786623 0.0
-0.7223568 -0.13278519 -0.09039372 -0.8532075 -0.22625697 -0.0548157 -0.34882453 -0.70561624 4.4746876
-0.48343652 -0.6997242 -0.6232048 -0.5097731 -0.32214746 -0.6413833 0.2701267 -0.6645285 4.464001
-0.06505896 -0.58730507 -0.36203372 0.10259659 -0.34799612 -0.57069016 -0.39889735 -0.76753336 4.1762743
-0.35556903 -0.5887398 -0.70979995 -0.49084857 -0.44930655 5.54156 -0.7429431 -0.57357186 0.0
