5.2303715 -0.49070406 -0.8000651 -0.56844604 -0.3542815 -0.28522998 -0.6608501 -0.42573875 0.0
5.88541 -1.0521255 -0.7576964 -0.5571628 -0.36824933 -0.764046 -0.100366846 -0.37733376 0.0
-0.46806896 -0.55686975 -0.6359464 -0.7911064 0.110695586 -0.82929885 -0.5403804 -0.5254053 5.074532
-0.21629018 -0.6545096 -0.4879614 -0.2572502 -0.238349 -0.4585058 -0.50225073 -0.3099496 4.252482
-0.621132 -0.68610406 0.42510894 -0.82440966 -0.16019298 -0.5765361 -0.23956558 -0.98380196 4.439395
-0.5348216 -1.0986863 -0.58316034 -0.7037133 6.1114926 -0.7285893 -0.8606566 -0.8598084 0.0
0.14839277 0.23146601 -0.58084476 -0.8402246 -0.89817935 -0.43726176 -0.21153669 -0.75349027 4.3295765
-0.19486938 -0.6994579 -0.050754316 -0.42585874 -0.4204896 -0.24042179 -0.56054145 -0.5901183 4.382382
-0.6552323 -0.177771 -0.9230061 -0.4605979 0.23721771 -0.6332883 -0.53164846 -0.53895134 4.10232
-0.5468521 0.21369724 -0.95662147 -0.61576355 -0.71369034 -1.1837057 5.8740244 -0.59524167 0.0
-0.8190314 -0.078200884 -0.35490876 -0.60474485 -0.44247568 -0.4846947 -0.2626126 -0.075711586 4.5185957
-0.73734957 -0.7450719 -0.38387203 -0.8584789 -0.40582392 -0.53590393 -0.33320785 -0.7715152 5.047754
-0.23447156 -0.32361677 -0.31773004 -0.43276715 -0.68559843 -0.5101894 -0.49947566 -0.7729574 4.3854976
-0.68381065 -0.98130375 -0.8725303 5.610261 -1.0104613 0.26948375 -0.86262923 -0.7123066 0.0
-0.4160892 -0.63563484 -0.18665305 -0.7240475 -0.44040558 -0.5371525 -0.74178123 -0.9582809 4.886937
-0.62309676 -0.42164862 -0.71344584 -0.3210415 0.13482557 -0.2906589 -0.06295479 -0.9178837 4.303579
-0.3924645 -0.9537214 -0.1965851 -0.9230431 -0.4112816 -0.31653038 -0.5214128 -0.25352627 4.7184877
5.4079266 -0.7475727 -1.1964101 -0.5264829 -1.0438248 -0.5942279 -0.6528934 -0.48252618 0.0
-0.5879124 -0.31117034 0.096303865 -0.5193223 -0.45647594 0.27047342 -0.619919 -0.81364685 4.388804
-0.8464926 -0.39206252 -0.56790936 -0.584105 -0.27514356 -0.30495468 -0.014262925 -0.5164969 4.2531047
-0.4597663 -0.6078627 -0.6138528 -0.09492534 -0.7730731 -0.57901216 -0.6633399 -0.11975076 4.4707484
-0.2082553 -0.39011618 -0.8245324 -0.7513424 -0.47184545 5.4171314 -1.0543103 -0.7245334 0.0
