5.297671 -0.4259909 -0.9175845 -0.4537154 -0.26727483 -0.26047692 -0.51922965 -0.68799376 0.0
5.9527836 -1.0426899 -0.67530185 -0.47509354 -0.3496605 -0.7074743 -0.23391278 -0.19346058 0.0
-0.41584322 -0.5034265 -0.47506264 -0.8083826 -0.0018937826 -0.7332107 -0.5280417 -0.98066497 5.201738
-0.32469416 -0.6122418 -0.47950545 -0.2454339 -0.41968796 -0.4069772 -0.47697794 -0.25923768 4.2351527
-0.86838037 -0.61364585 0.29127476 -0.9558701 -0.23791258 -0.6031152 -0.2405065 -0.94702196 4.68584
-0.49330378 -1.0847055 -0.52661407 -0.62404597 6.0769887 -0.86399317 -0.8212606 -0.79299164 0.0
-0.0068216133 0.18284777 -0.507682 -1.0193765 -0.8512987 -0.6822133 0.14606072 -0.7037879 4.569823
-0.1559632 -0.62282896 -0.21238077 -0.3264185 -0.3598431 -0.39713094 -0.4945569 -0.5507585 4.283153
-0.5837214 -0.17122549 -0.86123544 -0.6106666 0.082520835 -0.53739524 -0.45355484 -0.5119018 4.116311
-0.5104892 0.20537515 -0.89589375 -0.52764416 -0.6766054 -1.1550349 5.774277 -0.50924706 0.0
-1.0352366 -0.1713436 -0.32388768 -0.83403003 -0.4325594 -0.5214933 -0.24984087 -0.08710463 4.7334003
-0.6061533 -0.6404438 -0.2017883 -0.762879 -0.07987073 -0.4341911 -0.4100264 -0.7287204 4.5942507
-0.33900398 -0.18827547 -0.06569607 -0.7539565 -0.6305336 -0.4972231 -0.6544671 -0.89658445 4.580336
-0.6618734 -0.9157966 -0.80379754 5.5569525 -0.99343324 0.24580267 -0.77630454 -0.66733336 0.0
-0.3131367 -0.7816269 -0.37369058 -0.76791143 -0.3660407 -0.45835993 -0.9780473 -0.8911009 5.071543
-0.8105892 -0.38135856 -0.631082 -0.31113154 0.04734861 -0.47923434 -0.19602126 -0.68336314 4.4724145
-0.47729865 -0.95297503 -0.1972586 -0.89088595 -0.34244302 -0.23152956 -0.42566904 -0.31456313 4.700384
5.39089 -0.685565 -1.1469681 -0.6785663 -1.0223855 -0.58981025 -0.59323114 -0.44802004 0.0
-0.5441827 -0.25180572 -0.07017027 -0.4460794 -0.33679897 0.2444495 -0.58454686 -0.70570695 4.3253164
-0.7353248 -0.31721738 -0.6676978 -0.23329172 -0.33867815 -0.5080179 0.14062393 -0.42241445 4.0761633
-0.40823716 -0.44012278 -0.53855467 -0.01771488 -0.45393986 -0.49532807 -0.7606176 -0.5831907 4.463866
-0.073985994 -0.68667203 -0.8326305 -0.66949934 -0.47042337 5.518055 -1.008753 -0.7082631 0.0
