4.934884 -0.3225131 -0.6718335 -0.85488796 -0.46809718 -0.6864881 -0.8467215 -1.0235475 0.0
5.6017785 -0.72924906 -0.91671133 -0.84175634 -0.7362137 -0.9792124 -0.6322901 -0.88032836 0.0
-0.48093772 -0.6705096 -0.530275 -0.78631747 -0.46582666 -0.6106978 -0.7173207 -0.70443314 4.848284
-0.5500919 -0.56233513 -0.76571965 -0.46957928 -0.26026618 -0.70208067 -0.71956205 -0.738632 4.8518596
-0.36507237 -0.6930744 -0.5993258 -0.53671527 -0.5367425 -0.67174923 -0.56137854 -0.7141518 4.823315
-0.9760352 -0.99438643 -0.6654408 -0.8421859 5.0773835 -0.83097965 -0.9240438 -0.7305459 0.0
-0.54598707 -0.85675555 -0.45363498 -0.6928355 -0.2953584 -0.63531226 -0.45396677 -0.8424398 4.706008
-0.56785846 -0.71684927 -0.66687495 -0.5652135 -0.3541772 -0.47347337 -0.6449343 -0.5314986 4.5053573
-0.41725045 -0.81978464 -0.53542584 -0.5744149 -0.392746 -0.5522713 -0.5160059 -0.5601107 4.51747
-0.82044 -0.87269425 -0.97232723 -0.6858616 -0.9503938 -0.6959357 4.710965 -0.77378243 0.0
-0.5308256 -0.6453821 -0.77883065 -0.48512644 -0.4312918 -0.63636917 -0.5431369 -0.6695913 4.704947
-0.48545727 -0.7271184 -0.47995734 -0.6289512 -0.82848346 -0.5831453 -0.6138269 -0.60217285 4.7930593
-0.4644034 -0.52150553 -0.7029277 -0.57665503 -0.37590325 -0.45054 -0.6719535 -0.6401254 4.598125
-1.048331 0.1406972 -0.79831654 3.6048913 -0.5427436 -1.1235497 -0.6336691 -1.0658623 0.0
-0.47794777 -0.7352576 -0.5761895 -0.56519026 -0.52285725 -0.46881202 -0.5122607 -0.5556272 4.6102967
-0.69010377 -0.6333736 -0.6771549 -0.72878253 -0.47925314 -0.37254423 -0.5871441 -0.5046875 4.7727833
-0.45791927 -0.540593 -0.5277014 -0.633934 -0.5534641 -0.63204455 -0.44024882 -0.5503405 4.6889405
4.886337 -0.7910739 -0.720033 -0.75579023 -0.7274082 -0.9274077 -0.91519433 -0.7515481 0.0
-0.5279354 -0.49184164 -0.43758917 -0.7833533 -0.4746731 -0.3415433 -0.6714174 -0.78395945 4.705418
-0.49434006 -0.44188023 -0.6328687 -0.7179632 -0.40692955 -0.552019 -0.6319243 -0.7357492 4.7335486
-0.5574919 -0.43768883 -0.63063824 -0.7447638 -0.42817324 -0.47921845 -0.5793405 -0.7154957 4.6966124
-0.8843473 0.92965996 -0.8100371 -1.0618248 -0.78608114 4.6524515 -0.834125 -1.0664225 0.0
