2.6141822 2.7259393 0.23009059 -0.7748145 2.4827704 1.1738056 -0.7362713 -0.80086005 0.0
2.4436712 -0.010984868 -0.14866182 -0.6572381 1.3768501 -0.19143124 1.7117538 -0.7945608 0.0
0.27023578 -0.27975002 -0.52916753 -0.7247555 -0.36744404 -0.6537455 -0.65393853 -0.7934601 3.637946
-0.2305246 -0.4038931 -0.35868698 -0.76472294 0.2255841 0.09969332 -0.6429009 -0.83595806 3.6514838
-0.122154675 -0.22913353 -0.18251862 -0.73044664 -0.1350765 -0.6666007 -0.7480852 -0.8799004 3.6646047
-0.073353775 0.015391009 0.263804 0.12559679 1.27172 0.03800647 0.48536074 -0.30788347 0.0
-0.1317938 -0.67755324 -0.57311934 -0.5259671 -0.26878098 -0.7341171 -0.37772852 -0.61642927 3.6088533
-0.43992752 -0.2791475 -0.3971385 -0.35359135 -0.255687 -0.5059813 -0.5258913 -0.5302657 3.5029578
-0.24132523 -0.6859495 -0.63705456 -0.5963258 -0.34095237 -0.6311976 -0.4721673 -0.616493 3.71706
0.65426785 -0.10547228 0.20598048 0.21420446 -0.054304987 0.31027883 0.71690834 -0.39675057 0.0
-0.6164634 -0.49261475 -0.68192196 -0.68830687 -0.48118952 -0.4381336 -0.6974546 -0.78748035 3.7063506
-0.66910815 -0.63171494 -0.52301157 -0.7356133 -0.54712594 -0.705425 -0.679096 -0.74523383 3.7114582
-0.36276078 -0.33014065 -0.6527717 -0.6869542 -0.704833 -0.6705778 -0.8046385 -0.8474267 3.7233667
0.07335508 0.4788867 0.05473735 0.56340563 0.02008923 0.18958269 0.32246405 -0.2799494 0.0
-0.61121273 -0.599089 -0.8026914 -0.80395395 -0.06510412 -0.53984314 -0.6252112 -0.8632226 3.724321
-0.79325724 -0.6190436 -0.7209321 -0.8479726 -0.38061774 -0.6893968 -0.8079728 -0.887854 3.7147834
-0.6918484 -0.79871917 -0.8476576 -0.8821472 -0.6091397 -0.8316954 -0.86132383 -0.87995505 3.7342749
1.6464982 -0.11025242 0.0009151654 -0.3612055 0.6083778 0.25259748 0.016377943 -0.6259925 0.0
-0.06055094 -0.53085905 -0.6619967 -0.91515476 -0.5278488 -0.5030906 -0.8092564 -0.89253885 3.6910439
-0.36722082 0.67502487 -0.7952075 -0.87360454 -0.16201338 -0.44344077 -0.8543093 -0.87943447 3.648266
-0.3673002 -0.23840515 -0.7459141 -0.8791983 -0.13232577 -0.48204222 -0.80913734 -0.8683616 3.6834378
0.7613646 2.2662024 0.11769186 -0.7860002 1.3469099 2.0768607 -0.5697473 -0.8387363 0.0
