5.793998 -0.47273332 -1.1617656 -0.8210219 -0.2185428 -0.7825462 -0.9576703 -0.39647952 0.0
6.211683 -0.89820224 -0.7851702 -0.8916976 -0.832867 -0.88327444 -0.3155605 -0.5385528 0.0
-0.20969273 -0.76400185 -0.7985308 -0.7479724 0.09112299 -0.6426376 -0.26119903 -0.7556849 4.799446
-0.44760543 -0.6663443 -0.18855274 -0.5096214 -0.5651959 -0.54137725 -0.88558 -0.81648886 4.8691945
-0.30391735 -0.57176936 0.1727676 -0.930188 -0.37027583 -0.61224896 -0.46615377 -0.97854006 4.6134634
-0.9319071 -1.1327742 -0.738797 -0.8885147 6.1778245 -0.779667 -0.7735122 -0.7671761 0.0
-0.22974776 -0.5261864 -0.40431494 -0.42065346 -0.6738208 -0.51929754 -0.5106368 -0.66672885 4.5825467
-0.4926674 -0.7200303 -0.5860813 -0.49982324 -0.6379811 -0.22451453 -0.70066875 -0.4989664 4.7137465
-0.8361915 -0.37111998 -0.711181 -0.8992869 0.17322786 -0.541769 -0.14648618 -0.32455215 4.091865
-0.6512434 0.20661847 -1.0192672 -0.7955044 -0.5892473 -1.2595655 5.996291 -0.7601961 0.0
-0.84356534 -0.015261941 -0.5564669 -0.690792 -0.29020622 0.12530589 -0.67380965 -0.67993104 4.6817884
-0.24249262 -0.7137852 -0.43699822 -0.6700617 -0.42119864 -0.60185313 -0.5114657 -0.5292022 4.6236453
-0.44697648 -0.23511808 -0.25294027 -0.28044903 -0.22602609 -0.150632 -0.48340026 -1.0479835 4.1313424
-0.6671528 -0.96385336 -0.85010827 5.3953133 -0.862967 0.007594533 -1.0959916 -0.5719045 0.0
-0.25951898 -0.5565038 -0.12784548 -0.27252635 -0.7134019 -0.44240403 -0.64663064 -0.91415566 4.48625
-0.50812364 -0.3974127 -0.57606894 -0.15087609 -0.058874816 -0.6926657 0.38982272 -1.0262841 4.177671
-0.48162007 -0.59491694 -0.52247554 -0.66324216 -0.22080599 -0.56594 -0.6599926 -0.2128082 4.420177
5.7004185 -0.7129982 -1.3952073 -0.2236819 -0.8122176 -0.98221916 -0.72604364 -0.5893344 0.0
-0.7548915 -0.45008695 0.060003053 -0.60698056 -0.7057733 0.0005277314 -0.6617783 -0.8607376 4.7058206
-0.98898405 -0.40399012 -0.73700756 -0.41413504 -0.14546624 -0.2762552 -0.21435557 -0.9534846 4.5708447
-0.66321725 -0.39259297 -0.4712085 -0.45529225 -0.638661 -0.43523967 -0.773393 -0.33298308 4.5382457
-0.30523586 -0.6727547 -0.9590488 -0.817564 -0.14728132 5.5448675 -1.1143969 -0.8581464 0.0
