5.135696 -0.35792908 -0.6549487 -1.236276 -0.4050906 -0.5345883 -0.8412107 -1.1332995 0.0
5.666226 -0.8270357 -0.98939985 -0.85895586 -0.7409148 -0.93689364 -0.5790396 -0.9056882 0.0
-0.6694738 -0.55731726 -0.52698624 -0.6125336 -0.53897107 -0.56676215 -0.51259416 -0.8850743 4.829789
-0.53008664 -0.6836849 -0.66590345 -0.65563613 -0.42935896 -0.77594393 -0.8659794 -0.6443713 5.013063
-0.27838475 -0.6230939 -0.7370574 -0.6626228 -0.64480454 -0.48718002 -0.66874397 -0.8798635 4.9602036
-0.99859345 -0.9999378 -0.6695626 -0.84575444 5.3218055 -0.91155833 -1.0340735 -0.70169604 0.0
-0.69205725 -0.7852599 -0.41330507 -0.68269646 -0.36750177 -0.6703486 -0.32637098 -0.7989524 4.7200155
-0.44012782 -0.6925504 -0.55930513 -0.67548496 -0.59116435 -0.60995233 -0.45869097 -0.6782485 4.5947695
-0.6379638 -0.67832 -0.6615772 -0.48911208 -0.6729049 -0.5024205 -0.7305091 -0.6434943 4.7779903
-0.9822508 -0.7124328 -0.8753995 -0.8090976 -0.9436873 -0.8111186 5.060168 -0.96471494 0.0
-0.41950884 -0.6720957 -0.5311747 -0.60825163 -0.48911333 -0.4830663 -0.58139 -0.54319704 4.5221744
-0.57265216 -0.68182915 -0.49222487 -0.83287525 -0.4751642 -0.67970663 -0.5277407 -0.6662977 4.82392
-0.5482336 -0.5752743 -0.7214402 -0.745677 -0.5237403 -0.5710531 -0.6208148 -0.60996515 4.7542257
-1.1509533 -0.12984824 -0.8960942 4.342464 -0.7058966 -1.0830064 -0.9522301 -1.1667745 0.0
-0.43776545 -0.57858616 -0.6654925 -0.6350174 -0.39591083 -0.60567886 -0.4709846 -0.6529236 4.5271983
-0.6573605 -0.4439771 -0.5496549 -0.74029744 -0.73720187 -0.5236444 -0.6256748 -0.43928787 4.714096
-0.60674506 -0.34694096 -0.75269103 -0.6174421 -0.5348764 -0.47804222 -0.6319129 -0.4696621 4.685404
5.075087 -0.82069373 -0.7696319 -0.776023 -0.938915 -0.82035744 -0.70472693 -0.80764204 0.0
-0.53340274 -0.37479207 -0.6315342 -0.81145865 -0.5284584 -0.2959468 -0.66803694 -0.70988876 4.66154
-0.5546459 -0.44990003 -0.6224554 -0.6997567 -0.5749881 -0.5100043 -0.52720577 -0.84314156 4.764812
-0.642856 -0.5041085 -0.57278097 -0.8458294 -0.42392474 -0.56385905 -0.4784017 -0.6964442 4.759519
-0.7541457 0.39825886 -0.83517396 -1.0385941 -0.9671937 5.0033092 -0.7285369 -0.9000279 0.0
