5.53067 -0.4167637 -0.56489694 -1.338158 -0.85227126 -0.6545996 -0.96993583 -1.1025369 0.0
6.0949025 -0.82430327 -1.0739566 -1.0757833 -0.62817836 -1.0276647 -0.8049849 -1.0260475 0.0
-0.465249 -0.3795204 -0.29249486 -0.61019784 -0.4411935 -0.41615245 -0.8368888 -0.825066 4.5627317
-0.5832259 -0.7073171 -0.3781777 -0.38374132 -0.21471013 -0.8358732 -0.66762936 -0.7147778 4.7430944
-0.27273464 -0.40338948 -0.6847307 -0.6867792 -0.60917073 -0.39757246 -0.76567274 -0.9725741 4.88929
-1.0045608 -1.1197906 -0.7147334 -0.69179 5.678933 -1.1328607 -0.99888074 -0.81736374 0.0
-0.6469881 -0.7424604 -0.61836356 -0.5592549 -0.50267047 -0.75079393 -0.45508796 -0.650004 4.845568
-0.52972996 -0.7773443 -0.72044295 -0.42804748 -0.4678694 -0.5776486 -0.8503168 -0.6251122 4.8091493
-0.72311056 -0.6677316 -0.7068987 -0.31666696 -0.5598738 -0.66262156 -0.57211775 -0.5635382 4.7545524
-0.8242054 -0.84198505 -0.90903205 -0.4867651 -0.779122 -1.0943438 5.2720475 -0.8248972 0.0
-0.6709991 -0.7154764 -0.5400851 -0.63787675 -0.38715947 -0.688206 -0.62112695 -0.578248 4.717998
-0.6860952 -0.55283654 -0.6435796 -0.76576 -0.4661804 -0.6977537 -0.6869476 -0.7494506 4.921054
-0.62003416 -0.51124763 -0.59701365 -0.5564969 -0.46233383 -0.7173741 -0.57418203 -0.6553393 4.7140803
-1.2616093 -0.46494594 -0.74086756 4.895615 -0.68755484 -1.176127 -0.91911757 -1.0645151 0.0
-0.5277453 -0.71468914 -0.47317237 -0.64069843 -0.37234026 -0.5606911 -0.5358686 -0.54785115 4.4813356
-0.57744163 -0.43965858 -0.67873573 -0.6203907 -0.5835483 -0.56912184 -0.77695143 -0.58363277 4.762517
-0.76573926 -0.49527955 -0.630105 -0.59486246 -0.63737196 -0.55165386 -0.39900297 -0.59401166 4.630874
5.157055 -1.0147086 -0.8455611 -0.71311337 -0.78736824 -0.6281541 -0.74207133 -0.58512795 0.0
-0.4207643 -0.724302 -0.6471543 -0.8142237 -0.29820362 -0.7008396 -0.74439615 -0.6123538 4.8412943
-0.56999135 -0.6575643 -0.53518057 -0.5929533 -0.6798765 -0.48055613 -0.40684104 -0.802851 4.7283235
-0.56211853 -0.5929352 -0.6488164 -0.7196136 -0.39238057 -0.43225893 -0.5453246 -0.70112514 4.682816
-0.7792575 -0.20595317 -0.8684203 -0.92989933 -0.81310785 5.3397236 -0.8626811 -0.88210356 0.0
