5.380676 -0.53117603 -0.8258223 -0.7351924 -0.3732759 -0.25783518 -0.74217623 -0.4260242 0.0
5.8673773 -0.7797315 -0.8273002 -0.6318454 -0.7296293 -0.78167593 -0.11032491 -0.4220744 0.0
-0.5123744 -0.60281765 -0.710811 -0.6979754 -0.064305805 -0.83238125 -0.51002246 -0.6488758 5.090331
-0.39418548 -0.69395065 -0.107696936 -0.24811089 -0.25762707 -0.3477414 -0.6825505 -0.6081955 4.38159
-0.55802304 -0.6962358 0.54134846 -0.8577925 -0.06150178 -0.631522 -0.22172804 -1.0742066 4.3689723
-0.56918526 -1.1093127 -0.6278561 -0.7563457 6.1185985 -0.60213536 -0.89201486 -0.8440357 0.0
0.3004709 -0.048857834 -0.5404778 -0.8740731 -0.7251414 -0.5119755 -0.2629132 -0.5675175 4.2632356
-0.21404181 -0.7621557 -0.30622604 -0.42441538 -0.4798778 -0.19170412 -0.6166564 -0.61165804 4.5467663
-0.75385326 -0.16869062 -0.7334646 -0.5527463 0.24471961 -0.64224875 -0.13403207 -0.8151304 4.02301
-0.5766717 0.24348006 -0.8096611 -0.6928337 -0.74369013 -1.2096069 5.893899 -0.60704476 0.0
-0.8780044 0.13746025 -0.23886012 -0.6644817 -0.2651622 -0.26737675 -0.59091437 -0.060905684 4.286576
-0.5091317 -0.84750646 -0.4095952 -0.9375962 -0.37977812 -0.61817646 -0.37636694 -0.80542254 4.993283
-0.50833905 -0.28193793 -0.22455502 -0.28915364 -0.73075616 -0.23604804 -0.5418768 -0.89060664 4.323969
-0.70105153 -1.0055299 -0.93721247 5.1900306 -0.72483397 0.6285317 -0.93011576 -0.74868435 0.0
-0.44883847 -0.48444694 -0.20605955 -0.5073685 -0.5103983 -0.35279134 -0.7764272 -1.0110636 4.7649894
-0.54533595 -0.26622897 -0.7833739 -0.27421203 0.26238617 -0.3740756 0.06714814 -1.028718 4.1795096
-0.42346475 -0.9176845 -0.22298619 -0.8302241 -0.38092515 -0.40904617 -0.49680045 -0.46885866 4.7348223
5.3359714 -0.7854186 -1.235605 -0.5230695 -0.771424 -0.5988107 -0.7025498 -0.5106455 0.0
-0.56004673 -0.3785905 0.06596283 -0.5853712 -0.6363564 0.032585524 -0.3703584 -0.72585654 4.4109263
-0.7921345 -0.44806018 -0.61049277 -0.55002517 -0.28916875 -0.4071261 -0.11227468 -0.6254165 4.403935
-0.23789562 -0.5792962 -0.69369376 -0.14097194 -0.79180706 -0.6447224 -0.7342253 -0.240918 4.5178075
-0.2257988 -0.61899745 -0.9681842 -0.8105844 -0.19667871 5.3770633 -1.0259844 -0.76439863 0.0
