4.638969 0.46261644 -0.76834416 -1.146655 0.39087227 -0.44843987 -0.92007494 -1.4169983 0.0
5.0079083 -0.8048865 -0.7484688 -0.9907826 -0.3391058 -0.6611342 0.033022266 -1.0227238 0.0
-0.46098498 -0.5403143 -0.6704156 -0.79665625 -0.56445926 -0.600536 -0.73093146 -0.8707247 5.0107765
-0.63834417 -0.69917905 -0.61210304 -0.6223926 -0.46997225 -0.80435824 -0.55699676 -0.7768839 4.9993663
-0.35015276 -0.667775 -0.8020567 -0.76398224 -0.5578092 -0.5244402 -0.6837818 -0.8989115 4.976583
-0.9782171 -0.92247176 -0.16785891 -0.78728 4.0566087 -0.7746847 -0.5446794 -0.9593579 0.0
-0.560807 -0.75169545 -0.6820076 -0.5876108 -0.35239255 -0.6494526 -0.43246722 -0.50710493 4.6668615
-0.4894816 -0.47723877 -0.7969272 -0.54795504 -0.48360312 -0.74701816 -0.4789036 -0.5831044 4.613354
-0.5651255 -0.5402828 -0.58168584 -0.55744004 -0.58670545 -0.48817828 -0.5417714 -0.8607292 4.7084093
-0.18857135 -0.8428246 -0.531492 -0.4560981 -0.48514536 -0.04489702 2.8741426 -0.8068658 0.0
-0.51778406 -0.4934942 -0.76298684 -0.5474281 -0.5554083 -0.5757419 -0.63600147 -0.5561998 4.7357316
-0.6812173 -0.5444707 -0.5085855 -0.6755882 -0.48142335 -0.634232 -0.6566977 -0.52941257 4.8319206
-0.44798014 -0.5718156 -0.6451556 -0.65174466 -0.48231626 -0.5237454 -0.7016291 -0.6684913 4.815078
-0.6692448 0.8406094 -0.2972063 0.8787966 0.42193663 -0.5810852 0.100786805 -0.6176216 0.0
-0.52791977 -0.8430669 -0.64018834 -0.6251082 -0.48393145 -0.5697484 -0.4975054 -0.7086435 4.8186316
-0.55167603 -0.636009 -0.62148553 -0.70695084 -0.4492202 -0.5457184 -0.6192723 -0.5988621 4.8568015
-0.63824815 -0.57191896 -0.63671213 -0.69897455 -0.5801026 -0.577666 -0.65552026 -0.6767018 4.9584975
3.9329681 -0.8502995 -0.6650203 -0.81539595 -0.21899408 -0.5951062 -0.68975896 -0.89679605 0.0
-0.5694108 -0.63726515 -0.65579045 -0.8665432 -0.52677155 -0.5095539 -0.5971993 -0.8096951 4.954211
-0.59447867 -0.57640296 -0.60210055 -0.81222695 -0.50248146 -0.7185824 -0.6480419 -0.8392549 4.9855285
-0.6211342 -0.5994573 -0.6642499 -0.84965295 -0.4097051 -0.4651332 -0.6240871 -0.7978954 4.924672
-0.81501824 2.5067108 -0.9908085 -1.4213519 -0.33295578 3.3044193 -0.9937041 -1.3197502 0.0
