2.6834044 2.7846162 0.1386656 -0.8465192 2.513977 1.0775448 -0.82053643 -0.8785649 0.0
2.4380398 -0.04700865 -0.17520767 -0.7212746 1.341684 -0.22983687 1.7576475 -0.87118983 0.0
0.14574836 -0.42589247 -0.63361603 -0.8071306 -0.46096754 -0.7805645 -0.7439912 -0.87571603 3.846482
-0.33864737 -0.44295526 -0.46162876 -0.84383976 0.10814227 -0.02007814 -0.73757195 -0.9195096 3.8570273
-0.2538508 -0.33292723 -0.2797381 -0.8230254 -0.23045142 -0.7318135 -0.8339298 -0.9675929 3.8569355
-0.086555675 -0.03206168 0.27587947 0.06894408 1.3413827 0.040650405 0.47290742 -0.4062974 0.0
-0.26615906 -0.7699304 -0.6491946 -0.59316385 -0.3127148 -0.7912476 -0.4251922 -0.7045284 3.813356
-0.50010127 -0.323176 -0.4319633 -0.42117172 -0.35635832 -0.5765754 -0.5951458 -0.58342683 3.6945944
-0.30761224 -0.7310335 -0.699866 -0.6673603 -0.43886933 -0.68683344 -0.55655855 -0.684638 3.898624
0.597722 -0.14290282 0.18677464 0.17916796 -0.043957658 0.2918475 0.7643696 -0.4165534 0.0
-0.7194604 -0.6222456 -0.76973873 -0.7411878 -0.5998149 -0.5367525 -0.8021016 -0.8457066 3.912047
-0.7216518 -0.70520055 -0.62694 -0.81541276 -0.63163525 -0.7890646 -0.7749522 -0.8345948 3.8980074
-0.47106484 -0.44366056 -0.73317146 -0.7895702 -0.7714942 -0.764048 -0.8649787 -0.9317828 3.9142404
0.06594945 0.4687004 0.047807913 0.52357334 0.06470561 0.1289126 0.30353916 -0.30280986 0.0
-0.68260884 -0.67948836 -0.8807122 -0.8737729 -0.19898924 -0.6450307 -0.7138087 -0.9461297 3.9093394
-0.88886374 -0.73891246 -0.81675196 -0.9301397 -0.5137084 -0.7882362 -0.8709614 -0.9780199 3.9044368
-0.7928601 -0.9192661 -0.9329859 -0.962207 -0.6824962 -0.9377998 -0.9398135 -0.97203165 3.914655
1.7154529 -0.14108694 0.019788958 -0.37577772 0.5610027 0.21250056 -0.06503915 -0.67887276 0.0
-0.17730299 -0.64164186 -0.75839764 -0.996723 -0.67837006 -0.63517916 -0.87341774 -0.9866459 3.8775413
-0.5079125 0.47122863 -0.88057035 -0.95851195 -0.2815434 -0.52495074 -0.93535477 -0.9656113 3.8441114
-0.4774758 -0.33263505 -0.8571521 -0.96173626 -0.26074946 -0.5449059 -0.89790833 -0.95244193 3.8648093
0.6888932 2.3086672 0.02624231 -0.8624545 1.268648 2.2363935 -0.65385664 -0.9225567 0.0
