5.0014505 -0.3371716 -0.6931096 -0.9413052 -0.4709159 -0.76795167 -0.7900072 -1.0199085 0.0
5.5702624 -0.73650086 -0.8415662 -0.8352653 -0.72263986 -0.9191107 -0.66205317 -0.91073054 0.0
-0.46858078 -0.66690296 -0.46244997 -0.77584594 -0.4127049 -0.5552212 -0.65345836 -0.70047957 4.767123
-0.51733446 -0.48557842 -0.67820346 -0.53795344 -0.26479977 -0.72271425 -0.7055165 -0.77689695 4.834551
-0.34576172 -0.70729226 -0.5947716 -0.56338525 -0.5094944 -0.5510993 -0.6735453 -0.75637895 4.8456635
-0.9272919 -0.9781428 -0.5766264 -0.84740853 5.053048 -0.9260569 -0.8967964 -0.8883977 0.0
-0.45643649 -0.7425307 -0.4700441 -0.67656106 -0.31463796 -0.5301009 -0.4006478 -0.78480804 4.558124
-0.68476397 -0.7223993 -0.72866523 -0.53358024 -0.28817758 -0.5599044 -0.59962165 -0.49356517 4.5624714
-0.491657 -0.7637688 -0.59206605 -0.61925405 -0.39979404 -0.5453448 -0.5350379 -0.5703224 4.5798836
-0.77448153 -0.8032754 -0.9047482 -0.7211482 -0.9213672 -0.6748463 4.5915837 -0.81078523 0.0
-0.5464542 -0.57770866 -0.81026137 -0.5380083 -0.49364105 -0.4907642 -0.6291299 -0.6906581 4.718455
-0.4404726 -0.62287354 -0.44629875 -0.6676534 -0.6957747 -0.66748184 -0.48909986 -0.61088127 4.698685
-0.45295808 -0.53221303 -0.71749616 -0.52228624 -0.38907313 -0.40577754 -0.67176443 -0.6529128 4.599609
-1.0043683 0.2432142 -0.7808959 3.3889225 -0.4837842 -1.0558583 -0.57308686 -1.0926132 0.0
-0.48950708 -0.68771124 -0.6709512 -0.63233817 -0.49539548 -0.50759655 -0.4628318 -0.59692866 4.661471
-0.6798317 -0.6304852 -0.5992401 -0.6594436 -0.5400712 -0.4252662 -0.52119946 -0.5078449 4.7534065
-0.5197404 -0.66749704 -0.5435558 -0.6418224 -0.5229493 -0.6697759 -0.37573048 -0.60168594 4.7631655
4.841045 -0.8807974 -0.75448275 -0.76086116 -0.64099216 -0.8163143 -0.91906184 -0.84016347 0.0
-0.554729 -0.5195566 -0.36952165 -0.7584855 -0.52008134 -0.39649862 -0.63356364 -0.7647655 4.7092977
-0.53539646 -0.44476476 -0.67854154 -0.7692979 -0.37539718 -0.5851633 -0.6155786 -0.75835884 4.7870545
-0.51213497 -0.40497422 -0.5810647 -0.7118924 -0.47960716 -0.43301603 -0.60523593 -0.79252136 4.7045116
-0.84353346 1.0749804 -0.8571123 -1.0885866 -0.7329139 4.5572767 -0.9255477 -1.1041107 0.0
