4.937183 -0.14601482 -0.54196864 -1.0329627 -0.43677297 -0.7193294 -0.77110124 -1.1598521 0.0
5.3095903 -0.8341084 -0.8734524 -0.71684945 -0.6741968 -0.6726027 -0.47401673 -0.85640943 0.0
-0.39575925 -0.6297427 -0.43850484 -0.7183689 -0.37744576 -0.4706927 -0.75361466 -0.78967184 4.8145523
-0.67962104 -0.6398303 -0.44359854 -0.6797101 -0.4718217 -0.838821 -0.6640769 -0.67961544 4.9715815
-0.35457176 -0.58953077 -0.80668724 -0.64953613 -0.67813444 -0.47521213 -0.610589 -0.79169816 4.9331493
-0.87633777 -0.98797673 -0.5657502 -0.8715282 4.7889643 -0.8886386 -0.75034577 -0.938204 0.0
-0.46522954 -0.69446814 -0.59746313 -0.70969856 -0.48226404 -0.5324684 -0.44441923 -0.6320681 4.6159325
-0.516226 -0.70567924 -0.81763494 -0.48530132 -0.3857507 -0.8787385 -0.45356044 -0.46617103 4.630906
-0.3392564 -0.56349146 -0.6078904 -0.6793764 -0.49601766 -0.5234355 -0.57467735 -0.5611865 4.546197
-0.65808403 -0.89717245 -0.8764715 -0.78863007 -0.76153326 -0.47521922 4.2061663 -0.8038109 0.0
-0.54855514 -0.5828914 -0.7043308 -0.54157156 -0.48236182 -0.45975468 -0.6000684 -0.7339291 4.6723413
-0.58217466 -0.65519005 -0.5226879 -0.68229765 -0.4388149 -0.64106786 -0.61112374 -0.61601627 4.806267
-0.43812615 -0.62316316 -0.5890725 -0.705941 -0.39976937 -0.4918121 -0.7016345 -0.74378175 4.757086
-0.8876031 0.7355074 -0.69522166 2.2567532 0.013331088 -0.85402095 -0.29002464 -1.0719535 0.0
-0.5583199 -0.66107225 -0.6844769 -0.5601665 -0.51915526 -0.59282 -0.58897257 -0.6636055 4.748694
-0.6865304 -0.62693506 -0.43526232 -0.72441494 -0.52486116 -0.7150812 -0.5305184 -0.6052714 4.8328404
-0.6331603 -0.600506 -0.59159136 -0.7420683 -0.5008028 -0.6156772 -0.45679387 -0.621271 4.876899
4.4551725 -0.913803 -0.8278171 -0.7409969 -0.42236137 -0.61276513 -0.7301006 -0.9103196 0.0
-0.61710143 -0.5552981 -0.5905488 -0.7574879 -0.4323208 -0.4479453 -0.5517703 -0.75629383 4.8115635
-0.35748708 -0.5744245 -0.5205606 -0.70743775 -0.50325376 -0.48961893 -0.58703715 -0.76388216 4.7673345
-0.5739626 -0.5170178 -0.62196606 -0.6612997 -0.31716928 -0.5475261 -0.6763444 -0.6901925 4.7477508
-0.8640081 2.08191 -0.9742363 -1.1535476 -0.65378296 3.7375863 -1.0363377 -1.245114 0.0
