2.5643578 -0.9636342 1.6806345 -0.18094921 0.47965723 0.6814678 -1.1724802 -0.6442631 0.0
-0.36770248 -0.35700315 -0.21980572 -0.16476063 3.1989207 0.5952652 1.3536253 -0.282132 0.0
0.5062506 0.3123581 0.33375654 -0.5840871 -0.029527945 -0.1467593 0.21381852 -0.42938697 2.1609306
0.14020343 -0.22460228 -0.11785964 -0.5224096 0.3738684 0.0610195 0.025348997 -0.57600665 2.4021118
0.088994935 -0.26261932 0.054483153 -0.7014581 0.16040249 0.19337393 -0.124456644 -0.5662245 2.913157
1.7889097 0.2555022 0.5792961 0.20125774 0.3492189 0.25098506 0.6691596 -0.15123455 0.0
-0.4150634 -0.16337222 -0.15737814 -0.27833906 -0.09215352 -0.059189845 -0.13051376 -0.35534433 3.0967531
-0.096223995 -0.29409468 -0.029756526 -0.13721375 -0.19627404 -0.17005698 -0.018171983 -0.11697464 2.8363612
0.059049383 -0.18736234 -0.37866947 -0.13876048 -0.09739992 -0.4463025 -0.29712427 -0.39494142 3.257476
0.2884219 -0.6934512 0.0886939 0.8461785 0.7978019 -0.5117398 1.4956874 0.6648805 0.0
-0.25354367 -0.22451542 -0.41705957 -0.34668773 -0.22838716 0.08819921 -0.31043392 -0.38046545 3.1039684
0.11205589 -0.3307858 -0.431175 -0.44854245 -0.33560047 -0.045331843 -0.067381516 -0.32034147 3.0171442
-0.37694037 -0.4152883 -0.31031817 -0.4346206 -0.3147947 -0.0103576295 -0.19202892 -0.29742572 3.290583
-0.45742503 -0.3948396 0.6113473 0.4864364 -0.19675992 0.4886149 1.9534851 0.21261097 0.0
-0.14434288 -0.43598077 -0.6937268 -0.40918738 0.08251319 -0.40603212 -0.26258934 -0.69590414 3.2918994
-0.4998573 -0.28005213 -0.19452557 -0.4345635 -0.37838396 -0.15044498 -0.1389 -0.41742086 3.3834362
-0.3439292 -0.63281405 -0.29136175 -0.42484182 -0.14742431 -0.2646474 -0.32687342 -0.48077005 3.2237544
0.38344294 -0.5134493 0.4939417 0.76862854 0.6215652 0.47561997 1.0120013 -0.11752924 0.0
-0.13358913 -0.24028991 -0.5471745 -0.6137985 -0.23163578 -0.4284802 -0.30080557 -0.6979101 3.3149636
-0.21599567 -0.3029012 -0.4269282 -0.4788994 -0.06809148 -0.29431432 -0.53817236 -0.63487476 3.279656
-0.33509213 -0.38684613 -0.60075915 -0.51755625 -0.17437184 -0.18156445 -0.28557497 -0.4707259 3.3654873
1.1446573 1.1723753 0.019579044 -0.520627 1.1790199 1.0251004 -0.051611535 -0.640325 0.0
