3.416347 -0.34241396 0.9604123 -0.59138983 -0.21322516 0.47087872 -0.32207996 -1.3379114 0.0
-0.4606689 -1.2208394 -0.6628361 -0.77655995 4.059251 -0.008293031 1.4477283 -0.14278166 0.0
0.04451639 0.21032149 -0.09174907 -0.27912712 -0.3647897 -0.47127786 0.3654235 -0.17910948 2.4742424
-0.41674316 -0.47235045 -0.34437677 -0.4108936 0.66894615 -0.2194738 -0.80527323 -0.6983028 2.820804
-0.16429318 -0.25921986 0.2871431 -1.0636584 -0.37727535 0.24438587 -0.3503913 -0.020111512 3.0055947
1.4635472 1.1117828 0.78820324 -0.27088463 0.19305286 -0.45412925 0.28981948 0.15778439 0.0
-0.5156358 -0.19133444 -0.054567788 0.7193428 -0.68600595 -0.017221339 0.111071326 -0.5551844 2.2658956
-0.35535693 -0.038102906 -0.28879905 -0.082334496 -0.38755566 -0.57722574 0.055546336 -0.48371786 2.7130527
-0.19624586 -0.036218815 0.981404 -0.4132842 0.51727134 -0.35221648 -0.27779365 -1.0808457 3.1013045
0.5362428 -0.5765707 -0.27525878 -0.56032836 0.71130717 -0.067946054 2.3295028 0.3867464 0.0
-0.48387957 -0.56642556 -0.40214399 -0.6537859 -0.01543033 -0.24830517 -0.13974805 -0.37138313 3.6573718
-0.5145939 -0.5156196 0.089737885 -0.17577158 -0.12057222 0.07493481 -0.51061296 -0.14223427 2.8608513
-0.0143692475 -0.6319185 -0.04078019 -0.6453493 -0.267593 -0.18581823 -0.28257233 -0.36482129 3.549985
-0.5734957 -1.1136332 0.3991203 0.04205993 -0.9178112 0.7815781 1.957054 1.1382195 0.0
-0.14325331 -0.30777413 -0.06656019 -0.4740743 -0.41396108 -0.119829915 0.18574035 -0.50324535 3.1064842
-0.5227746 -0.41661927 -0.4460955 -0.21052347 -0.3740612 -0.25486985 -0.3612695 -0.5408434 3.7080016
-0.3654137 -0.2549413 -0.33407265 -0.04804278 -0.22795574 -0.6142624 -0.5826164 -0.13814564 3.3634527
0.110870235 -0.7621594 0.4530324 0.54992163 1.0657333 0.9526137 -0.506765 -0.30602455 0.0
-0.45375565 -0.5203943 -0.38833362 -0.7322409 -0.4470723 -0.051638193 -0.4765874 -0.31619084 4.0228148
-0.28750983 -0.58830386 -0.43103814 -0.55429107 -0.018754078 -0.37566754 -0.6964334 -0.42349753 3.8666558
0.040128443 -0.09669801 -0.075752124 -0.5860414 -0.04824247 -0.4926883 -0.6175684 -0.8352796 3.3885076
0.95475054 0.95390755 0.2948321 -0.9017799 1.6458354 -0.30651656 0.2703993 -0.6796755 0.0
