2.4502654 -1.0803896 1.6568327 -0.13961048 0.47414395 0.8404454 -1.2285864 -0.58105165 0.0
-0.4421482 -0.35373285 -0.3070805 -0.27978173 3.3616865 0.42975247 1.3373467 -0.33255216 0.0
0.4918116 0.25999418 0.1706215 -0.6064724 -0.11039204 -0.039452 0.25979596 -0.30993247 2.142894
0.17891015 -0.1975619 -0.049824227 -0.5468151 0.27017257 -0.0005182076 0.044045612 -0.49557465 2.3724113
0.053143524 -0.3586082 0.042603824 -0.6189833 0.0613652 0.27214354 -0.19125423 -0.62994444 2.9682736
1.8083447 0.26915053 0.66197425 0.14439628 0.3107922 0.2075738 0.61112976 -0.18261857 0.0
-0.4082821 -0.17790511 -0.17533904 -0.17271918 -0.055062078 -0.027384479 -0.066125356 -0.3914599 2.9419162
-0.12450679 -0.29122865 0.036897562 -0.1584375 -0.13356347 -0.19263348 -0.0058276644 -0.06302306 2.6767313
0.02997772 -0.18317106 -0.44964552 -0.19415861 -0.123813406 -0.36935192 -0.35533562 -0.4407791 3.2938466
0.38238 -0.89463013 0.06912952 0.79299563 0.94129175 -0.54145247 1.5336126 0.601646 0.0
-0.38437802 -0.26622564 -0.39837572 -0.40942776 -0.22907811 -0.053890504 -0.349354 -0.2839774 3.2085948
0.086011015 -0.36210486 -0.32986414 -0.45726988 -0.41686141 -0.21063074 -0.1717693 -0.34360743 3.099315
-0.29206902 -0.41724518 -0.29667935 -0.5039869 -0.3744331 -0.11478498 -0.21063016 -0.25964814 3.2958853
-0.6233985 -0.42749652 0.7343515 0.52056766 -0.22859356 0.5763388 1.8044795 0.28807056 0.0
-0.17111816 -0.286428 -0.7142797 -0.35856584 -0.07183181 -0.38493156 -0.26104096 -0.6768522 3.2821102
-0.50869274 -0.41027513 -0.30089876 -0.54592884 -0.3537413 0.046812348 -0.29219466 -0.44783035 3.5089555
-0.4547756 -0.5909314 -0.36152166 -0.37298355 -0.19958857 -0.5444828 -0.31193826 -0.4822325 3.3446374
0.16248566 -0.477886 0.388359 0.75294065 0.72100717 0.60866094 1.0336181 -0.20631096 0.0
-0.07628686 -0.2400696 -0.5615415 -0.6436445 -0.23590977 -0.48861113 -0.3022758 -0.62340945 3.3118768
-0.08497296 -0.39140585 -0.5576546 -0.39424747 -0.052977715 -0.43920764 -0.5032466 -0.61794794 3.289662
-0.24343978 -0.39304674 -0.51792186 -0.41181192 -0.13294935 -0.27769324 -0.2666206 -0.3558846 3.2507749
0.9087124 1.204176 0.037604228 -0.59282494 1.1400911 1.0796219 0.108383305 -0.6107784 0.0
