2.5323954 -0.9589239 1.6993078 -0.19353993 0.47784987 0.719005 -1.144468 -0.65689796 0.0
-0.35222194 -0.35791764 -0.20507045 -0.15328549 3.1900163 0.60403603 1.3434799 -0.2739248 0.0
0.52623 0.31869912 0.36487195 -0.5677669 -0.009665613 -0.15717483 0.20294803 -0.43733615 2.134624
0.13379757 -0.21982743 -0.12135849 -0.5046836 0.380886 0.0661367 0.006513365 -0.5964198 2.4128807
0.10330779 -0.26615715 0.053614806 -0.70674765 0.17683552 0.18736076 -0.11888213 -0.5771868 2.914166
1.8003584 0.2374303 0.5872035 0.2192492 0.36999008 0.24810143 0.65189594 -0.15057383 0.0
-0.42163834 -0.14675412 -0.14556928 -0.29223442 -0.1090751 -0.06644666 -0.13808753 -0.36019626 3.1146698
-0.09317835 -0.2909312 -0.044534877 -0.12694149 -0.1905013 -0.17133805 -0.0036349096 -0.1259675 2.843435
0.044442795 -0.20422131 -0.3599432 -0.13276868 -0.057649773 -0.47136974 -0.28087068 -0.38506916 3.244648
0.27085242 -0.6338125 0.090092935 0.83324283 0.77771664 -0.49174997 1.4927527 0.66151834 0.0
-0.26794714 -0.21042214 -0.4371936 -0.35302305 -0.22689919 0.09934964 -0.29797745 -0.37846732 3.1108327
0.10475182 -0.32160473 -0.45065036 -0.41948694 -0.32063514 -0.021958884 -0.075426854 -0.3263924 3.0120533
-0.37594503 -0.40887997 -0.31299114 -0.43012902 -0.30264515 -0.021901246 -0.21705094 -0.29217094 3.2995691
-0.44185123 -0.39395013 0.62144953 0.49222323 -0.18010722 0.50669086 1.918205 0.21142419 0.0
-0.14627893 -0.4334934 -0.6915976 -0.41465318 0.09478067 -0.39263418 -0.2607234 -0.6900245 3.281284
-0.4962229 -0.2739359 -0.17225991 -0.44605768 -0.3823796 -0.15845242 -0.10217083 -0.42638794 3.3729084
-0.33265653 -0.64409554 -0.31728652 -0.4296252 -0.14207467 -0.2415792 -0.3124804 -0.50355995 3.2300944
0.4167934 -0.4933709 0.51426 0.72417825 0.6018935 0.47208562 1.010528 -0.1072017 0.0
-0.13843535 -0.24586432 -0.5243502 -0.5998631 -0.23683852 -0.39129916 -0.30975366 -0.69285977 3.3005116
-0.24078703 -0.30982006 -0.4097479 -0.46802345 -0.09085519 -0.28038657 -0.5422405 -0.63824165 3.2877119
-0.37087044 -0.38182923 -0.6005445 -0.5295976 -0.17752536 -0.17736034 -0.29456902 -0.48608717 3.3860228
1.1824172 1.1207758 0.046151515 -0.49017164 1.2083495 0.9722317 -0.021044383 -0.6800667 0.0
