3.3276324 -1.3431728 1.4549857 -0.5113209 -0.070753634 0.58145714 -1.1866593 -1.2283142 0.0
-0.9029415 -0.8818893 -0.6352738 -0.9280379 3.8863316 0.6147715 1.4056787 -0.29405513 0.0
0.14420788 0.0633984 -0.10439036 -0.31792787 -0.13618454 -0.2905118 0.4171195 -0.06700729 2.1411705
-0.24985534 -0.29037273 -0.3584771 -0.37516567 0.58694744 -0.33276603 0.45590737 -0.18456557 2.0409994
0.1856892 -0.39353022 -0.057053585 -0.5638841 -0.24254332 0.23014069 -0.06299338 -0.5920519 2.7249017
2.1373315 -0.11700601 0.7200076 0.048562516 0.2302076 -0.0019332779 0.42904958 -0.33305687 0.0
-0.17452124 -0.43451932 -0.31484222 -0.13278043 -0.3554904 -0.37096754 -0.10134053 -0.23442133 2.9522414
-0.32059225 -0.46660283 -0.28997427 -0.113691315 -0.22230363 -0.31105846 -0.20561045 -0.057763007 2.8707979
-0.07624483 -0.39883283 -0.123779714 -0.27571085 0.013251339 -0.55033076 -0.22540818 -0.71063 3.2434137
0.50902665 -0.82632905 -0.6313952 0.20514795 1.2061545 -0.19172357 1.870234 0.44912887 0.0
-0.26844618 -0.19065796 -0.34056717 -0.9322689 -0.3734614 -0.48712087 -0.11352436 -0.18764979 3.3225508
0.08822233 -0.26116824 -0.045536965 -0.41082746 -0.047722217 -0.42642072 -0.32640642 -0.54028225 2.8000202
-0.14507976 -0.33405688 -0.23987849 -0.5610738 -0.46246758 0.09952468 -0.5785424 -0.3336564 3.193928
-0.7484929 -0.78577626 0.46867406 -0.037787512 -0.525166 0.4566047 2.395697 0.5725463 0.0
-0.5848666 0.0634683 -0.483889 -0.66703826 -0.13447496 -0.33268514 -0.3134108 -0.4482783 3.239613
-0.47445673 -0.34505036 -0.36536407 -0.3789807 -0.50512546 0.054919526 -0.38770252 -0.4864218 3.3554175
-0.4976866 -0.40201837 -0.34175113 -0.46155238 -0.52931666 -0.37462035 -0.30519795 -0.3024169 3.344991
0.843202 -0.90121835 0.31491256 0.47598606 0.8675645 0.73990315 0.3285042 -0.2751281 0.0
-0.23874535 -0.66310424 -0.17970814 -0.6180326 -0.46277937 -0.3637928 -0.5186756 -0.2538733 3.47829
-0.28715956 -0.23279706 -0.47584364 -0.46173903 -0.1506355 -0.73844874 -0.22034368 -0.46623763 3.2601054
-0.15098828 0.09164692 -0.50471365 -0.28888434 -0.34981337 -0.17152368 -0.33675227 -0.53627914 2.924385
0.97175175 0.48094764 0.01820152 -0.67811024 1.5094669 0.80338585 0.17180358 -0.9879545 0.0
