1.2870418 0.29014602 1.6995336 0.19404484 0.9689733 0.9161691 -0.13370475 -0.05983254 0.0
0.61157477 0.64411443 0.57932276 0.58168507 1.4863675 1.0780056 0.89090115 0.42467514 0.0
1.2508115 0.71311 0.63611406 0.26828367 0.4733484 0.62879926 0.7212577 -0.12730266 1.1669818
0.7916067 1.0265539 0.37538934 -0.16738322 0.6394742 0.5568343 0.52957696 -0.19146392 1.2950914
0.9289389 0.7053042 0.59006715 -0.10953309 0.5393222 0.7175542 0.54083174 -0.16613476 1.4075714
1.1453952 0.76739913 0.39431393 0.49418744 0.560261 0.7455206 0.6492349 0.5804384 0.0
0.4947703 0.51029754 0.44684425 0.051699337 0.40157217 0.54539317 0.6921872 0.0861971 1.5009251
0.6628905 0.69340116 0.39791512 0.25270838 0.5156512 0.5052735 0.57054025 0.46817967 1.1208096
0.42355058 0.60317385 0.14088698 0.3777133 0.59460825 0.3742617 0.5958169 0.25915608 1.4292747
0.7167495 0.522289 0.7121244 0.73266315 0.77913845 0.39695567 0.43732655 0.99249464 0.0
0.25871232 0.57902664 0.28570333 0.047280457 0.47520804 0.68278277 0.39294744 -0.076934375 1.5788025
0.60877126 0.1456199 0.4233983 0.13993855 0.26731077 0.36504117 0.43401197 -0.1863901 1.8856432
0.34756416 0.61162305 0.03546995 -0.0505927 0.28471428 0.6077747 -0.032473866 0.11154989 1.9669262
0.35409382 0.3449179 0.89197934 0.5467293 0.60758084 0.7220329 1.2070364 0.6529161 0.0
0.56215096 0.46994054 -0.1858882 -0.24523431 0.7465091 0.25097293 -0.041910257 -0.20406686 1.84581
0.3115767 0.47940686 0.22467643 -0.1553979 0.64022636 0.43685535 0.12585267 -0.23890927 2.1450784
0.1778519 0.01683584 -0.079906866 -0.22389297 0.57111496 0.29583737 0.14834864 0.030393528 2.1207685
0.74390656 0.25302246 0.798714 0.58479434 0.9489689 0.7772401 0.84308285 0.41646782 0.0
0.5345273 0.11932751 -0.08681224 -0.17520338 -0.048557058 0.24151313 0.14589535 -0.30782604 2.621494
0.14642726 0.7505761 -0.26099798 -0.23783067 0.44127455 0.055067416 0.077331886 -0.35194975 2.575898
0.2595328 0.3521611 0.27808696 -0.32400152 0.13679987 0.37150583 -0.059936848 -0.31624407 2.6838708
1.2784593 1.0344577 0.52013 -0.08283139 1.1886082 1.2407935 0.5353519 -0.08386814 0.0
