3.2602453 -1.3884326 1.4712024 -0.5427922 0.009167158 0.6728774 -1.3305422 -1.1269624 0.0
-0.85365635 -0.700307 -0.6406583 -0.895019 3.84931 0.64871025 1.2729607 -0.2811283 0.0
0.12468772 0.1622461 -0.104413934 -0.3938252 -0.10993868 -0.2628141 0.39647686 -0.04740819 2.1265342
-0.19701178 -0.38274652 -0.35983127 -0.4234898 0.7009741 -0.37090817 0.46552557 -0.26638237 2.069589
0.2826086 -0.22971766 -0.18098123 -0.46211693 -0.26749915 0.30828172 -0.30252162 -0.67689955 2.7821386
2.2076292 -0.18564317 0.7126374 0.06583375 0.21894671 -0.058457408 0.49038246 -0.36498228 0.0
-0.19211568 -0.36915293 -0.40542972 -0.062021226 -0.3305473 -0.31643447 -0.106301896 -0.3577927 2.9837155
-0.3692474 -0.4245806 -0.10779514 -0.17247313 -0.15920302 -0.30933276 -0.0863494 0.0003966004 2.7055101
-0.07069416 -0.34492576 -0.1727305 -0.26052612 -0.082768 -0.60941267 -0.29113442 -0.6191925 3.2905345
0.59902966 -0.8237703 -0.5007863 0.2197359 1.175643 -0.28680968 1.7592351 0.4800961 0.0
-0.2476727 -0.22045968 -0.42866772 -0.96045494 -0.38552016 -0.4878549 -0.08545961 -0.13905248 3.3618667
0.21246585 -0.32623956 -0.09597823 -0.4333838 -0.13276847 -0.39722475 -0.2572496 -0.33332834 2.6890485
-0.22076827 -0.3346521 -0.29446113 -0.56713253 -0.45960328 0.062202152 -0.5813232 -0.10908113 3.0853627
-0.74033886 -0.74315006 0.65741974 0.047328144 -0.40905547 0.33102205 2.3018522 0.43417406 0.0
-0.6255961 0.09362268 -0.57117254 -0.6566259 -0.23476255 -0.33458614 -0.23063369 -0.40984377 3.2851558
-0.4074975 -0.374268 -0.35885075 -0.3053872 -0.440704 -0.044067737 -0.6062456 -0.4336847 3.4224896
-0.5861663 -0.43899128 -0.25003603 -0.47203693 -0.39450675 -0.65252936 -0.32292208 -0.44890374 3.4412453
0.7114391 -0.8117052 0.28627962 0.4264533 0.96528333 0.6673629 0.4017997 -0.19413915 0.0
-0.19672786 -0.54982793 -0.27437973 -0.5997073 -0.5169294 -0.28080237 -0.5754191 -0.4067798 3.4731688
-0.1818432 -0.25764102 -0.36773115 -0.63570017 -0.20464401 -0.71210027 -0.1783285 -0.4312449 3.2647626
-0.10215225 0.0674199 -0.48131236 -0.28896677 -0.33027446 -0.17117648 -0.2411456 -0.52746195 2.8739872
1.0531139 0.52939343 -0.07458895 -0.5889389 1.440849 0.75384516 0.1416767 -0.860148 0.0
