2.0860934 -0.5625997 1.9134405 -0.50446224 0.8699783 1.0349101 -0.8384031 -0.82075894 0.0
0.066028774 0.04897128 0.026635578 0.0429694 2.8922048 0.69097495 1.0707264 -0.13445908 0.0
0.89059365 0.46739876 0.649191 -0.41355905 0.27741224 0.052291118 0.08432516 -0.64732707 1.9294329
0.36344182 0.2738064 -0.16743919 -0.68939716 0.77097493 -0.13199255 0.095372744 -0.7819433 2.3072352
0.268399 -0.07259013 0.31202945 -0.6400929 0.4082878 0.24808322 0.06980982 -0.74433786 2.763104
1.6747093 0.6377287 0.54769367 0.21971065 0.45153794 0.46835414 0.60052884 -0.0018870883 0.0
-0.18407165 -0.037273746 0.11913442 -0.3356722 -0.09439402 -0.05431427 -0.23693778 -0.5065674 3.2925005
0.1575908 -0.10633017 0.069683336 -0.16089448 0.013490821 -0.15691799 0.2537537 -0.062576234 2.7433217
-0.12948556 -0.0042034583 -0.32518163 0.053525392 0.12930197 -0.3653836 -0.016566128 -0.44929755 3.2673132
0.43154374 -0.320649 0.29940984 0.79708666 0.83998805 -0.2497772 1.2689785 0.80676156 0.0
-0.35558522 -0.16561398 -0.2924824 -0.60602266 0.011779404 -0.037060034 -0.21989237 -0.62629104 3.3967695
-0.061273456 -0.3372702 -0.16990575 -0.54664236 -0.35189962 -0.45213807 -0.45291916 -0.49105197 3.5982764
-0.25371447 -0.21203306 -0.48107186 -0.51927537 -0.19573453 -0.02315366 -0.6721575 -0.50812656 3.5863607
-0.13328871 -0.06746014 0.5871807 0.5698195 0.1744223 0.4806928 1.5172997 0.58238643 0.0
-0.074136704 -0.23673595 -0.65280616 -0.6691904 0.19524324 -0.4931693 -0.5374019 -0.70179623 3.36042
-0.35309437 -0.21185431 -0.3278646 -0.6005958 -0.2084825 -0.34094077 -0.48822787 -0.6204592 3.71994
-0.59594196 -0.66249466 -0.6201118 -0.6165864 -0.3119567 -0.5767547 -0.5471363 -0.5988791 3.6331382
0.5300046 -0.19493005 0.6576222 0.370687 0.9864527 0.6793375 0.89516175 0.059272137 0.0
-0.30545527 -0.40069744 -0.6483153 -0.7542582 -0.42195916 -0.27065012 -0.44820955 -0.83682114 3.483259
-0.40435618 0.03457355 -0.7010784 -0.8134142 -0.1623438 -0.51056856 -0.59390235 -0.91539365 3.5282085
-0.39770225 -0.31468773 -0.44059247 -0.76816213 -0.30338803 -0.26062536 -0.5468762 -0.81804985 3.5791037
1.2856122 1.1472169 0.35595083 -0.56331307 1.1548024 1.1907561 0.3199123 -0.62597173 0.0
