2.757652 -1.1168507 1.5401933 -0.43216196 0.325874 0.88774467 -1.4470986 -0.70969075 0.0
-0.71073717 -0.5684805 -0.4035531 -0.4965904 3.8322935 0.28729445 1.0113914 -0.30551863 0.0
0.28727135 0.20067054 0.19568858 -0.4006273 -0.08371611 -0.054748118 0.06375805 -0.23963474 2.0957823
0.10794292 -0.3498721 -0.2544562 -0.37872183 0.16764584 -0.15917966 0.07823574 -0.43485504 2.4638665
0.16011573 -0.25994688 0.13506855 -0.41005948 -0.16225545 0.1741829 -0.2678261 -0.74883634 2.9095821
1.9038564 0.101474516 0.6603007 0.050686907 0.27691016 0.18964672 0.62550336 -0.34861574 0.0
-0.038868207 -0.31459832 -0.21292992 -0.12988707 -0.16598982 -0.24156564 0.02586924 -0.30992246 2.771314
-0.122077 -0.4317804 0.06951218 -0.27203524 -0.1398686 -0.19813046 0.029895611 -0.2584422 2.68385
-0.11685304 -0.15303513 -0.5336584 -0.31964362 -0.14712423 -0.5600438 -0.47849825 -0.41449767 3.4680822
0.60099584 -0.73524195 -0.18690127 0.33910736 1.1693166 -0.61095494 1.4557209 0.73549664 0.0
-0.31757528 -0.25056943 -0.5176298 -0.70922846 -0.15358068 -0.24438296 -0.2787743 -0.19828911 3.2738657
-0.10885372 -0.31119692 -0.21214624 -0.40777862 -0.3620048 -0.15272167 -0.1737885 0.044830907 2.7611537
-0.19727997 -0.32610038 -0.29576367 -0.50540566 -0.4415877 -0.2502796 -0.40707767 -0.104959995 3.228097
-0.6542447 -0.49165168 0.7309413 0.020852307 -0.41035962 0.6890676 2.0439384 0.28227982 0.0
-0.13774025 -0.16554487 -0.57943094 -0.3681823 -0.14324534 -0.30183157 -0.40996036 -0.40545163 3.0658631
-0.32580015 -0.43606815 -0.30438504 -0.4157635 -0.4915395 -0.07563307 -0.5006347 -0.39078167 3.446093
-0.5387098 -0.5782664 -0.34508747 -0.37703457 -0.20620899 -0.5544402 -0.37345445 -0.491459 3.3933954
0.27872354 -0.7413216 0.20383722 0.6145672 1.0066011 0.68803024 0.9361998 -0.37679675 0.0
-0.19999388 -0.28752854 -0.7195616 -0.5200546 -0.37789384 -0.46938503 -0.3781778 -0.5650876 3.416163
-0.02151858 -0.43824923 -0.48132932 -0.30741104 -0.20155881 -0.49696723 -0.46265903 -0.57012874 3.2555435
-0.2522589 -0.31498268 -0.32671657 -0.3597822 -0.13096923 -0.21038333 -0.22878987 -0.3364343 3.034212
1.1709433 0.86093754 0.10248488 -0.5828887 1.2488056 0.7763309 0.012029189 -0.76454365 0.0
