3.4159224 -0.34036663 0.9593386 -0.58749926 -0.21276982 0.47047818 -0.32113382 -1.3211818 0.0
-0.4498007 -1.2111005 -0.6528821 -0.7628051 4.0474377 -0.008259427 1.4425331 -0.14061216 0.0
0.04438551 0.20985301 -0.09583583 -0.27616948 -0.36067167 -0.46869826 0.3633308 -0.17793041 2.4702644
-0.4091142 -0.46417886 -0.33954337 -0.4075262 0.91630375 -0.21935004 -0.80480504 -0.9564035 2.81541
-0.16075738 -0.24935979 0.28198776 -1.0605553 -0.37056527 0.24037044 -0.3462586 -0.019948673 2.9978728
1.4621245 1.1157345 0.7823166 -0.27401626 0.19287664 -0.45184654 0.28867012 0.15710525 0.0
-0.50073165 -0.18921627 -0.05395059 0.7072586 -0.67583793 -0.016896907 0.10964988 -0.54181886 2.2519546
-0.35068083 -0.07815517 -0.28725755 -0.08202256 -0.38464847 -0.5523494 0.05461931 -0.47349772 2.7364635
-0.19490384 -0.033576507 0.97391903 -0.40619484 0.52083075 -0.33396447 -0.28145996 -1.0742317 3.0917673
0.53449714 -0.57551485 -0.27376547 -0.5588103 0.7082864 -0.06774542 2.3270392 0.38618034 0.0
-0.4763641 -0.5614625 -0.38876095 -0.63515896 -0.015147269 -0.23031661 -0.13683398 -0.35700545 3.6369417
-0.51369613 -0.49112752 0.08774036 -0.17356645 -0.123484634 0.07512331 -0.5145353 -0.14197457 2.8592997
-0.0141918855 -0.62563944 -0.26767182 -0.6398359 -0.24452998 -0.1838431 -0.26894206 -0.3528864 3.6908042
-0.56837636 -1.1132108 0.40142384 0.04191404 -0.90350425 0.7761634 1.9939002 1.0937666 0.0
-0.13355319 -0.297918 -0.09221104 -0.45142615 -0.4077534 -0.114372745 0.2234596 -0.4863133 3.1052988
-0.5082892 -0.41046742 -0.4261123 -0.20185591 -0.3645377 -0.25352177 -0.34057364 -0.51957023 3.678696
-0.3469546 -0.24761198 -0.34225658 -0.046714984 -0.21140315 -0.6076277 -0.5685508 -0.13502842 3.3414068
0.11072058 -0.7511604 0.31663 0.5477938 1.1568704 0.9768188 -0.50517166 -0.30172625 0.0
-0.43177375 -0.49670154 -0.37359527 -0.7245797 -0.441997 -0.04722943 -0.46526957 -0.29870594 3.994454
-0.26863667 -0.5683737 -0.4157335 -0.5310454 -0.017802948 -0.36471978 -0.6870093 -0.39602777 3.8260102
0.03907241 -0.09216136 -0.25297546 -0.56733006 -0.04727887 -0.49116263 -0.60241777 -0.8158189 3.4676964
0.95415956 0.95122993 0.29427212 -0.89764124 1.6421493 -0.30715725 0.26879197 -0.67398393 0.0
