2.0180254 -0.4838344 1.9070587 -0.48128298 0.9355962 1.0089605 -0.7954617 -0.77558845 0.0
0.13672997 0.079415694 0.022744976 0.098209694 2.7654479 0.76983345 1.1166161 -0.13065052 0.0
0.9645589 0.53209555 0.5753811 -0.36054003 0.30477217 0.14004092 0.13074829 -0.64802 1.8234503
0.43934086 0.3606395 -0.11986728 -0.6580974 0.7160447 -0.11258091 0.13583125 -0.75255114 2.2117298
0.33632058 -0.015957836 0.3874289 -0.6352543 0.43022275 0.28399205 0.14100607 -0.71335876 2.6103797
1.6463457 0.67897457 0.5269002 0.24095951 0.47570524 0.4720703 0.6575078 -0.020384742 0.0
-0.11002967 -0.0032973299 0.13500434 -0.35715646 -0.05289601 0.009120179 -0.1901847 -0.44700795 3.1816216
0.24062951 -0.08237317 0.056517422 -0.12550844 0.06776586 -0.18136336 0.29047027 0.004463972 2.634872
-0.11877443 0.03169057 -0.30573222 0.08934162 0.15461886 -0.30004486 -0.0017539695 -0.38130668 3.1773064
0.40116945 -0.2576515 0.30261028 0.8367163 0.8810889 -0.20536084 1.2204516 0.7916544 0.0
-0.31207442 -0.105047785 -0.2643263 -0.5596925 0.05003989 0.0105675915 -0.19271997 -0.5979063 3.282476
-0.02607054 -0.3469153 -0.1660487 -0.5477531 -0.34392026 -0.44768426 -0.4116188 -0.47657323 3.5826707
-0.24256186 -0.19027098 -0.4726973 -0.5267593 -0.21317188 0.033485238 -0.69074655 -0.45875248 3.5534801
-0.07886489 -0.004860634 0.6343151 0.5944748 0.22198646 0.4025477 1.4560992 0.5904189 0.0
-0.078546815 -0.20498502 -0.65602875 -0.6710106 0.24125473 -0.4550552 -0.50159144 -0.7214422 3.3107448
-0.31613785 -0.1777146 -0.3307559 -0.5811058 -0.16774853 -0.31143537 -0.5010252 -0.60488933 3.6711915
-0.5880324 -0.62960964 -0.5937413 -0.6166569 -0.30190927 -0.5605334 -0.5546074 -0.57687 3.5852323
0.50772333 -0.19202068 0.72316444 0.3934106 0.98590654 0.6754849 0.8894154 0.11174635 0.0
-0.2568467 -0.3908227 -0.6523333 -0.7282805 -0.389585 -0.2580254 -0.443525 -0.82045496 3.4457695
-0.37737125 0.070543654 -0.6939435 -0.810648 -0.13717917 -0.5142883 -0.57813823 -0.9148867 3.4944015
-0.36128214 -0.28144178 -0.41756073 -0.7527439 -0.2621296 -0.23343985 -0.54872787 -0.83398426 3.5379028
1.2920507 1.102952 0.36402932 -0.522837 1.1738912 1.2148763 0.34504962 -0.5996263 0.0
