3.3791451 -1.2741529 1.3852327 -0.43436265 -0.044397607 0.4725275 -1.0922091 -1.283723 0.0
-0.7948564 -0.90835506 -0.6223153 -0.97964096 4.0207386 0.5379528 1.2040775 -0.28221267 0.0
0.21513131 0.18492077 -0.12607485 -0.23951703 -0.17722075 -0.30158585 0.49557832 -0.09894674 2.0375366
-0.3017732 -0.48307657 -0.56591755 -0.43537053 0.7442182 -0.35290357 0.46097487 -0.30824795 2.2110546
-0.04694185 -0.47862735 -0.09934679 -0.69477594 -0.21943067 0.19160663 -0.167474 -0.5180988 2.977974
2.04354 0.033870336 0.76434535 -0.058697455 0.16937087 0.09291188 0.31214824 -0.16815113 0.0
-0.3362254 -0.50937724 -0.33116022 -0.27670977 -0.29054478 -0.20611127 -0.051806178 -0.18363528 2.948206
-0.27064785 -0.60509276 -0.17010064 -0.19911431 -0.34748662 -0.27960986 -0.13663134 -0.053202674 2.843799
0.036843363 -0.36263058 -0.11515952 -0.37202412 -0.090566516 -0.62368876 -0.20122749 -0.736732 3.2625136
0.36313713 -0.8377742 -0.6774951 0.29003793 1.0098872 -0.08667748 1.9704137 0.51317483 0.0
-0.23152377 -0.14264226 -0.37323105 -0.9388639 -0.43188587 -0.48744524 0.0074532116 -0.278635 3.2843351
0.050322577 -0.46950576 0.114179134 -0.434775 0.038519952 -0.3189312 -0.26566878 -0.48821855 2.6703146
-0.06319167 -0.28725728 -0.45196405 -0.57587045 -0.4901999 0.26899338 -0.43656474 -0.3369122 3.1637278
-0.6823556 -0.75317335 0.40667897 -0.05833962 -0.7820616 0.43783385 2.3738256 0.8480318 0.0
-0.3354375 -0.1512522 -0.37275866 -0.6117436 -0.028176792 -0.45997173 -0.1754559 -0.4347813 3.1784585
-0.36705923 -0.42601955 -0.49034706 -0.29173738 -0.45435318 0.11589337 -0.40303597 -0.6036474 3.4021447
-0.26722372 -0.12902856 -0.41837317 -0.46405056 -0.5585578 -0.27099967 -0.34114337 -0.17896359 3.1382825
0.85075164 -1.0063453 0.54866505 0.5722177 0.8539003 0.6674676 0.26277485 -0.49835712 0.0
-0.14438471 -0.60191447 -0.40471902 -0.67350394 -0.4097976 -0.46973142 -0.43948618 -0.40819255 3.5834866
-0.31671634 -0.19111177 -0.3777338 -0.45478657 -0.34729242 -0.7133116 -0.10649018 -0.67236644 3.331455
0.04176419 -0.046900433 -0.10747621 -0.4091093 -0.41741702 -0.4144818 -0.31918877 -0.5157732 2.8569164
1.064598 0.45134246 0.17594205 -0.43775856 1.3724492 0.7189136 0.0072215945 -0.9010572 0.0
