3.131015 -0.3527175 1.3075341 -0.61431736 -0.21095997 0.44401953 -0.6751449 -1.439062 0.0
-0.6858243 -1.2774264 -0.6883612 -0.8688653 4.1345806 -0.008431064 1.4808357 -0.14437345 0.0
0.31972516 0.4995765 -0.09058178 -0.29586425 -0.42914203 -0.48693216 0.37419096 -0.18808189 2.0272672
-0.46401623 -0.5483049 -0.22304666 -0.19735354 0.8482371 -0.53492683 -0.53987116 -0.7575281 2.9399238
-0.18590295 -0.3233798 0.31730574 -1.0814618 -0.41778135 0.45349565 -0.37489444 -0.017806886 3.0211825
1.7092683 0.8068572 1.0878708 0.20915785 -0.13263807 -0.25388458 -0.090951055 0.005469194 0.0
-0.43820342 -0.41407746 -0.063210234 0.4070683 -0.7136812 -0.28856534 0.0065169786 -0.4298026 2.6763964
-0.13634543 -0.13015804 -0.071524434 -0.14240497 -0.16236514 -0.7412661 0.04170557 -0.44251555 2.5894449
-0.1923054 -0.045233157 1.064471 -0.4545453 -0.089841306 -0.42359588 0.015618494 -1.1192186 3.1876264
0.61866915 -0.49678293 -0.14567645 -0.2915285 0.531122 -0.3033163 2.464154 0.1326249 0.0
-0.2698021 -0.5888311 -0.4734049 -0.73608005 -0.2495872 -0.38443306 -0.15974836 -0.46379867 3.8043864
-0.40872496 -0.70921767 0.11427808 -0.12687592 0.14991315 0.17406578 -0.6441118 -0.30919006 2.814556
-0.0905489 -0.51119775 -0.30076307 -0.4443084 -0.44646928 -0.14074679 -0.3722022 -0.44166413 3.4931798
-0.59968305 -1.165663 0.35939986 0.36228758 -1.0036784 0.7251887 2.0957341 0.9602083 0.0
-0.2069128 -0.34204444 0.24615888 -0.47856292 -0.31437355 -0.06077563 0.021531498 -0.6109203 2.9192855
-0.61009777 -0.21565998 -0.5787862 -0.026293326 -0.20246229 0.01228546 -0.56761086 -0.67936665 3.464732
-0.48656088 -0.2941751 -0.39470208 -0.35050422 -0.34973177 -0.65333134 -0.41996193 0.063187994 3.4343655
0.09562805 -0.7802672 0.46392676 0.7143822 1.1882815 0.7484835 -0.31699044 -0.30051625 0.0
-0.6015752 -0.6781239 -0.4806406 -0.7784485 -0.21467781 -0.16142803 -0.5463446 -0.43679658 4.033546
-0.42190912 -0.708536 -0.5419672 -0.56552726 -0.20858972 -0.18941972 -0.8425638 -0.61957365 4.094407
-0.1732324 -0.13754128 0.09774946 -0.5588249 0.009766721 -0.3013714 -0.43458393 -0.9550488 3.075166
0.6076827 0.854412 0.03648922 -0.54920065 1.9615284 0.11193102 0.19156273 -1.001111 0.0
