1.8774457 -0.40406644 1.90099 -0.47479573 0.972565 1.0870378 -0.74103445 -0.6641871 0.0
0.18963017 0.16673143 0.058511063 0.1557548 2.5864685 0.84480166 1.171589 -0.11985752 0.0
1.0093899 0.61498904 0.59812534 -0.32375282 0.3180436 0.23387332 0.198644 -0.6524228 1.70225
0.49264142 0.47827798 -0.015685342 -0.60707223 0.68783754 -0.08504767 0.20533325 -0.67625266 2.0381014
0.4144848 0.0781513 0.53626555 -0.5976096 0.46831393 0.3130356 0.1696122 -0.6636642 2.4195263
1.618991 0.7623999 0.50204974 0.25203395 0.47560292 0.48189002 0.6855182 0.010982648 0.0
-0.033398908 0.045812294 0.1654923 -0.3485746 -0.009795828 0.066493355 -0.15416665 -0.3737 3.0561204
0.31146145 -0.04279455 0.065450706 -0.0902933 0.14401084 -0.12073322 0.3453827 0.08107312 2.4699523
-0.047204446 0.0699976 -0.18605809 0.12423646 0.19024625 -0.28144634 0.023536054 -0.31490374 3.0358562
0.48218587 -0.17290851 0.26969457 0.8684738 0.92596203 -0.17309554 1.0441896 0.85571694 0.0
-0.3198838 -0.027657432 -0.19991909 -0.54367805 0.10962736 0.087550536 -0.17769144 -0.5463076 3.1544807
0.05082674 -0.37080488 -0.104829445 -0.5366215 -0.3536338 -0.45045936 -0.3707677 -0.48396733 3.546998
-0.20293663 -0.124766864 -0.45045224 -0.5438665 -0.21773048 0.088989325 -0.71683633 -0.40819752 3.4928112
-0.03897497 0.009941367 0.66613483 0.62630063 0.2830666 0.41370538 1.4096658 0.5921453 0.0
-0.033844445 -0.15697631 -0.6080279 -0.6582901 0.3171319 -0.4423736 -0.48503152 -0.6841262 3.1972148
-0.242448 -0.15458643 -0.29659268 -0.57422894 -0.026308019 -0.30380887 -0.5102213 -0.65571165 3.59546
-0.5370467 -0.6109229 -0.54277444 -0.6285905 -0.26780382 -0.51808965 -0.5727168 -0.5491869 3.5131426
0.4965956 -0.13477938 0.7642264 0.41708142 0.95366347 0.6822578 0.9128903 0.14886281 0.0
-0.23050278 -0.33950412 -0.653808 -0.70352006 -0.3489048 -0.205349 -0.41999888 -0.8126857 3.3913558
-0.3559835 0.08867628 -0.6651473 -0.7803515 -0.087346 -0.5034772 -0.5909831 -0.90918815 3.44782
-0.30655855 -0.23264723 -0.35585138 -0.75314635 -0.23233864 -0.20621835 -0.5268512 -0.8197064 3.4783328
1.2678157 1.0812323 0.38704026 -0.46780252 1.1735833 1.2426535 0.3692476 -0.52060187 0.0
