3.2169695 -1.2435929 1.4939618 -0.44986185 -0.10406082 0.56965935 -0.91634303 -1.2946292 0.0
-0.74543005 -0.9118929 -0.6326048 -0.9350749 3.9830277 0.4950586 1.226121 -0.28374213 0.0
-0.04143496 0.3623925 -0.15001072 -0.08703039 -0.24261422 -0.21441725 0.42390853 -0.130269 2.0449924
-0.30186453 -0.47828427 -0.54353726 -0.49440095 0.79534554 -0.4578948 0.30080917 -0.40936285 2.3876631
-0.02821382 -0.4570721 -0.10774931 -0.76887506 -0.25013846 0.3355118 -0.16987257 -0.32488406 2.82043
2.099869 0.18061729 0.85418785 -0.14524844 0.094802104 0.03755634 0.16050379 -0.1381733 0.0
-0.35791382 -0.5469553 -0.36556044 -0.15506056 -0.18077019 -0.2695683 -0.04385882 -0.1942558 2.9081717
-0.16450176 -0.58362925 -0.15525077 -0.2578446 -0.2843573 -0.35875133 -0.15121634 -0.053024407 2.8141391
0.086291514 -0.3742815 0.003981173 -0.46747303 -0.13710892 -0.63123447 -0.17116597 -0.7404593 3.2360885
0.27912065 -0.80906427 -0.6271874 0.035302427 0.812214 -0.06907924 2.2013607 0.5506519 0.0
-0.2618367 -0.12752602 -0.375564 -0.7947983 -0.34150484 -0.41691992 -0.03743034 -0.22645399 3.1666596
0.1628589 -0.66856617 -0.053603854 -0.44499624 0.30103555 -0.21026611 -0.22933336 -0.3170942 2.5664754
-0.032492343 -0.37492865 -0.4301254 -0.45493275 -0.45942366 0.31818444 -0.5260157 -0.37908337 3.1669784
-0.67340493 -0.85666156 0.36583123 0.008591938 -0.77600294 0.5918474 2.3200495 0.82296896 0.0
-0.35386276 -0.25969353 -0.3319364 -0.7569344 -0.14911002 -0.2802883 -0.1301975 -0.5085655 3.279831
-0.27834767 -0.19770312 -0.5787021 -0.2189827 -0.3506085 0.20249306 -0.3616111 -0.6286286 3.1938424
-0.45261344 -0.14981402 -0.32492432 -0.56605357 -0.5296108 -0.31600544 -0.29195485 -0.21779887 3.1993477
0.7998723 -0.97419614 0.5292594 0.67233247 0.8947242 0.6736144 0.34768674 -0.72188616 0.0
-0.3805011 -0.5300723 -0.49582204 -0.6558274 -0.27024323 -0.40170407 -0.40908328 -0.47667933 3.6430697
-0.48694712 -0.21215235 -0.35619476 -0.339453 -0.37446916 -0.65226716 -0.073340096 -0.6450123 3.322418
-0.15360512 0.009160336 -0.071357705 -0.33187768 -0.4137924 -0.5024973 -0.33120796 -0.6188786 2.9579868
1.1413342 0.54415804 -0.043986354 -0.3405162 1.3570654 0.7528274 -0.06297539 -0.8186681 0.0
