2.5111425 -0.944876 1.6889212 -0.21430314 0.48513898 0.78786576 -1.132027 -0.6773311 0.0
-0.34194264 -0.340045 -0.17744124 -0.17530642 3.2172015 0.6135057 1.2911574 -0.26895872 0.0
0.5458938 0.3109293 0.41554144 -0.5281928 0.03322068 -0.16996805 0.20120856 -0.4747421 2.1061614
0.14368704 -0.19483532 -0.13669874 -0.46500948 0.37888196 0.05449078 0.011538413 -0.62797755 2.4150882
0.092380024 -0.24590029 0.047099475 -0.7156991 0.18407133 0.20102872 -0.089586556 -0.59587383 2.9162366
1.8023583 0.21930325 0.609346 0.26998574 0.37900802 0.24849465 0.6250985 -0.14430693 0.0
-0.42285573 -0.15796873 -0.10832461 -0.31815118 -0.11868382 -0.083305635 -0.12645267 -0.39146936 3.1549425
-0.08953882 -0.29759943 -0.06431856 -0.116570346 -0.17729643 -0.15478198 0.0077865915 -0.13255276 2.8626149
0.0065966006 -0.23401198 -0.351378 -0.117977396 0.023840854 -0.5229791 -0.28109643 -0.35774943 3.2454786
0.28632563 -0.6095848 0.10012332 0.7858311 0.7683928 -0.47468603 1.504898 0.68354285 0.0
-0.26972598 -0.17795412 -0.45719233 -0.39020523 -0.20533298 0.10080435 -0.27914932 -0.39180085 3.1214333
0.051513556 -0.35043016 -0.4594509 -0.3552806 -0.27955595 -0.016280971 -0.10558973 -0.3416671 3.0493329
-0.38035733 -0.38534534 -0.30602404 -0.39705193 -0.27192646 -0.016927889 -0.28838423 -0.31388837 3.3035953
-0.4246858 -0.36526766 0.61274445 0.5130752 -0.20774947 0.50793123 1.890193 0.25198585 0.0
-0.14797999 -0.41501033 -0.72452384 -0.42321333 0.09992167 -0.40729526 -0.33501935 -0.67679167 3.3107982
-0.49035773 -0.2918076 -0.16202843 -0.47457004 -0.38442114 -0.18608634 -0.11070217 -0.4175461 3.4053602
-0.2841703 -0.6717049 -0.37361756 -0.44105303 -0.13712667 -0.27071434 -0.32594922 -0.53086305 3.2728548
0.4304763 -0.4383643 0.5498757 0.65770084 0.6462819 0.47244075 0.9664515 -0.118025936 0.0
-0.18542856 -0.26879603 -0.5351773 -0.6123949 -0.2563748 -0.38805905 -0.31865072 -0.7084286 3.3332512
-0.23934539 -0.3203204 -0.41876888 -0.50313544 -0.11983726 -0.2606595 -0.5385306 -0.6462005 3.3114293
-0.3583721 -0.3802954 -0.5959446 -0.5446515 -0.17903915 -0.20158918 -0.3297607 -0.5129529 3.410135
1.1969851 1.1111455 0.06896682 -0.49075493 1.2155685 0.9313108 0.042536344 -0.685576 0.0
