0.937799 0.7305886 1.5261922 0.35608003 1.0778838 0.551467 0.2981516 0.47100708 0.0
0.69091547 0.8598883 0.3091503 0.37926292 1.5096077 1.2812573 0.99098086 0.32200322 0.0
0.74905676 0.5435629 0.40150157 0.50698096 0.7481987 0.5568179 0.8664357 0.18942302 1.3980222
0.52162737 0.62499154 0.3053502 0.19011642 0.94594216 0.62385935 0.2911529 0.13619787 1.4142241
0.4676166 0.8913448 0.6179678 0.1944815 0.34140918 0.9005465 0.5565205 0.17140399 1.4639885
1.096801 0.6936105 0.44663903 0.57455647 0.6110272 0.9193047 0.4481821 0.45628214 0.0
0.82314724 0.455308 0.25690663 0.3469207 0.6279266 0.87733024 0.4901202 0.4350861 1.3224286
0.5304361 0.905176 0.5617618 0.22089598 0.8891394 0.52914304 0.30304512 0.74509114 1.1046821
0.4096221 0.818509 0.2747786 0.4565738 0.30477607 0.5838531 0.84630716 0.5235283 1.3055174
1.0368152 0.79913825 0.7267318 0.56222445 0.91845995 0.7275422 0.39312616 0.6527951 0.0
0.53771627 0.3386335 0.29782397 0.16917628 0.8253512 0.3570805 0.81429756 0.20254867 1.4838231
0.25674888 0.29671645 0.69421506 0.37827247 0.65685385 0.34364128 0.5592076 0.38791358 1.5898329
0.5614013 0.32833654 0.37268043 0.38871017 0.7830845 0.38602707 0.3033298 0.22822899 1.7288051
0.7008377 0.7267892 0.75228006 0.43014988 0.7009143 0.90728736 0.8820466 0.7178167 0.0
0.6150056 0.33609015 0.19978309 0.20083158 0.42873436 0.7662856 0.31335363 0.19748485 1.6377238
0.20916784 0.2697313 0.8195205 0.3476628 0.5843515 0.41909918 0.39543533 0.1669283 1.7497758
0.35670045 0.43586284 0.19936715 0.21119599 0.71904486 0.28576264 0.3066397 0.21519913 1.7292886
0.7991787 0.55116194 0.6463898 0.5312634 0.9327365 1.0225145 0.81821364 0.31420922 0.0
0.5750077 0.66993445 0.3733091 0.23500177 0.3598975 0.35617286 0.69594675 0.080565736 1.94903
0.46385443 1.1522462 0.10127035 0.13581836 0.94695497 0.22746274 0.17468655 0.08156774 1.9341266
0.4152683 0.7472183 0.7404549 0.06393453 0.25014248 0.7857149 0.33346057 0.15017165 1.9552779
1.2052907 1.0573031 0.7477051 0.12264406 0.91145134 1.2457553 0.49695 0.21568629 0.0
