1.159305 0.99273163 1.2361567 0.73044413 0.71727014 0.7409686 0.6858895 0.658063 0.0
0.63771844 0.62718743 0.6954391 0.70549655 1.3057588 1.3252075 1.0571291 0.69671607 0.0
0.6562796 0.9080253 0.68677765 0.8560387 0.6360186 0.9282761 0.625035 0.6837992 0.9877179
0.80139357 0.92024195 0.68048793 0.6866423 0.71314293 0.7919861 0.6864352 0.65823144 0.9981109
0.6734306 0.623 1.0085994 0.6746744 0.753765 0.6169657 0.95037204 0.6993005 1.0361528
1.1205946 1.0730605 0.65044624 0.79112226 0.7987963 0.6084446 0.7723469 0.87569505 0.0
0.67681515 0.83686715 0.7008879 0.77568805 0.6428833 0.631736 0.64872324 0.6634997 0.8585948
0.9121661 0.64147335 0.92943627 0.6623359 0.6301896 0.62868565 0.74986565 0.666629 0.6732125
0.7723296 0.6161717 0.7104733 0.8804746 0.68034273 0.64698887 0.64634156 0.82539713 0.8335604
0.8475649 0.7332896 0.6289237 0.8973029 0.7882513 0.8230744 0.8245193 0.795177 0.0
0.7385898 0.74316543 0.7311887 0.6645755 0.63400275 0.7012751 0.63611156 0.6920214 1.0161285
0.6882013 0.77334565 0.88294315 0.7579148 0.632389 0.6642754 0.6304594 0.66179127 1.0754199
0.7698363 0.6522842 0.6236194 0.71390426 0.65343887 0.8188515 0.66828334 0.6960451 1.1991439
0.73014534 0.7172296 0.80531377 0.77189505 0.7721354 0.7644687 0.727068 0.79945695 0.0
0.9424339 0.71310174 0.6457519 0.6472548 0.7868194 0.64991397 0.6754835 0.64707655 1.1558212
0.633144 0.70243907 0.7390151 0.6662612 0.64076596 0.7668608 0.74503976 0.654232 1.2205701
0.6731763 0.7126724 0.65460247 0.6496913 0.62812746 0.7210707 0.7491021 0.6834743 1.2207134
0.80322176 0.7176866 0.79744554 0.7367197 0.77565086 0.7426735 0.74131566 0.6610737 0.0
0.7446317 0.7946685 0.6900581 0.64732844 0.6437114 0.735789 0.6482681 0.6552716 1.3384122
0.7628254 0.99878496 0.63887876 0.66610914 0.65433586 0.6864363 0.65061635 0.66090804 1.3141341
0.6551262 0.8784692 0.67818457 0.65579134 0.6759663 0.6791033 0.6564887 0.65122545 1.3298874
1.0897454 1.0345266 0.8510652 0.65047914 0.76403666 0.805382 0.7431633 0.6529561 0.0
