1.6226354 -0.21249267 1.8788195 -0.29438972 0.99390554 1.2389109 -0.56376815 -0.5512412 0.0
0.37975737 0.33443648 0.3037767 0.26554495 2.1553154 0.9930028 1.0584986 0.07479976 0.0
1.1429638 0.7565374 0.6060703 -0.1745613 0.19783358 0.3353005 0.3679143 -0.50469667 1.4888989
0.5900158 0.66076875 0.27807045 -0.4275594 0.5676804 -0.025094163 0.3816908 -0.5687297 1.7527815
0.68520635 0.2090725 0.6163517 -0.46733475 0.52929026 0.4603639 0.29616788 -0.5437985 2.0202534
1.5046877 0.8273896 0.44816846 0.36798322 0.4708268 0.53275526 0.7040524 0.18527469 0.0
0.2017473 0.17607707 0.28333345 -0.23353262 0.12766416 0.22663301 0.099952415 -0.29294658 2.587754
0.47993493 0.12405524 0.11378523 0.08152678 0.28692478 0.04643842 0.39585584 0.16567191 2.1026454
0.10877077 0.27084938 -0.05661217 0.20825793 0.37742722 -0.1723292 0.1560037 -0.14073597 2.5543475
0.52748084 0.05205616 0.45871788 0.8198978 0.84027636 -0.022733958 0.79643553 1.0058858 0.0
-0.24642433 0.19425091 -0.026495013 -0.35569254 0.2606624 0.26017052 -0.058339734 -0.35334706 2.6918042
0.18828925 -0.2668296 0.023972824 -0.4392232 -0.18752083 -0.30711424 -0.1760653 -0.487677 3.2618532
-0.052937336 0.03403845 -0.36354285 -0.4463705 -0.14920685 0.2366439 -0.6362508 -0.335049 3.23236
0.13681607 0.059969064 0.71068037 0.6086117 0.46224076 0.5722252 1.2460451 0.59406924 0.0
0.16551594 0.022530928 -0.5198004 -0.53794366 0.5399518 -0.38990927 -0.4754648 -0.5903396 2.8366005
-0.06651977 -0.009303143 -0.18026142 -0.5676556 0.18844943 -0.15834506 -0.39589208 -0.65319896 3.3206222
-0.40194577 -0.49503523 -0.45705718 -0.5969205 -0.08004881 -0.36049813 -0.39803836 -0.4483815 3.2123609
0.489276 -0.05295593 0.834065 0.5499786 0.832517 0.74629885 0.9369068 0.28761068 0.0
-0.047874857 -0.26093623 -0.63196903 -0.6131377 -0.31226915 -0.057163607 -0.31848562 -0.7468903 3.2378962
-0.25850466 0.22123627 -0.5975213 -0.69388765 0.048658755 -0.40446258 -0.49733475 -0.8558273 3.2694273
-0.17412785 -0.14201282 -0.21596617 -0.69739515 -0.15810442 -0.08050043 -0.42453888 -0.7476153 3.3116903
1.3019902 1.0026346 0.4622945 -0.35445487 1.1401442 1.2603445 0.42811775 -0.33719644 0.0
