1.5963119 -0.20291561 1.8866855 -0.27483726 1.0061128 1.23122 -0.5490287 -0.52714777 0.0
0.4011849 0.3604217 0.32020396 0.29243615 2.11559 0.9953369 1.0282769 0.09073289 0.0
1.1402717 0.76791227 0.6223106 -0.15224019 0.19977377 0.36660445 0.37847948 -0.48960847 1.4599463
0.5891255 0.69744396 0.30148664 -0.41470686 0.5764746 -0.026526704 0.3912367 -0.54811025 1.7194638
0.6983761 0.2351976 0.62249166 -0.4572363 0.5415121 0.46340466 0.3214359 -0.5304353 1.9809018
1.4644926 0.818034 0.46114835 0.38655427 0.48833966 0.539119 0.69804657 0.21917549 0.0
0.21856414 0.2002548 0.2910227 -0.2237872 0.14663614 0.24584696 0.1326427 -0.29291543 2.5320907
0.50791097 0.15488717 0.108816646 0.09357032 0.29408237 0.060576793 0.40576002 0.17491838 2.061962
0.11826341 0.2948555 -0.06042725 0.22749972 0.39739102 -0.15805253 0.17415904 -0.1150339 2.4984143
0.51266927 0.08066851 0.47600514 0.8135732 0.82780814 -0.007933405 0.8076821 1.0083002 0.0
-0.23732765 0.23161599 -0.00654519 -0.34633803 0.2774634 0.27160847 -0.052531138 -0.33060595 2.6413753
0.21437982 -0.25372365 0.04305061 -0.4309278 -0.16416447 -0.27053863 -0.14698198 -0.48456115 3.21205
-0.042303473 0.066636175 -0.34573084 -0.4366407 -0.1461453 0.25432462 -0.6346179 -0.32008907 3.1979916
0.14121114 0.062008526 0.7296995 0.60643256 0.47835994 0.5882111 1.2287564 0.60414493 0.0
0.1888004 0.048575602 -0.5254167 -0.53210527 0.5690962 -0.3692929 -0.45968208 -0.58503735 2.7909582
-0.051178973 0.014023851 -0.1749852 -0.5540697 0.2152107 -0.12483183 -0.37706524 -0.63751745 3.2765026
-0.39250442 -0.47579467 -0.45426956 -0.59760237 -0.046310175 -0.33784884 -0.38459513 -0.43214324 3.1805103
0.49425843 -0.039522573 0.8424878 0.57114357 0.8155203 0.7523768 0.9312659 0.2893865 0.0
-0.023846187 -0.24475637 -0.6184494 -0.60245377 -0.30398065 -0.036501072 -0.30977285 -0.7316075 3.215418
-0.23267315 0.2404584 -0.59614056 -0.6797692 0.063538715 -0.3971473 -0.47537425 -0.8467841 3.2455053
-0.14991917 -0.11942865 -0.20319666 -0.69195706 -0.14619279 -0.07196665 -0.4155536 -0.7405638 3.2928808
1.2994702 1.0041258 0.4738294 -0.34059426 1.128986 1.2544174 0.439355 -0.3149908 0.0
