3.2456698 -1.3413056 1.4624404 -0.53386724 -0.014093219 0.70226485 -1.3407857 -1.1038073 0.0
-0.8494126 -0.70448494 -0.6538381 -0.8452534 3.8985403 0.5527256 1.2321688 -0.28296334 0.0
0.126429 0.15709966 -0.1240034 -0.38326365 -0.042159006 -0.31385648 0.32971084 -0.089944206 2.1924536
-0.16029799 -0.42128083 -0.3566282 -0.3426555 0.6429866 -0.37953815 0.45326617 -0.26836213 2.0983047
0.282456 -0.21305594 -0.18737487 -0.4621362 -0.2523284 0.29746723 -0.3752562 -0.6984989 2.830574
2.2294128 -0.16488576 0.74635243 0.07883583 0.23032616 -0.13537043 0.49593446 -0.35088992 0.0
-0.19233058 -0.381253 -0.42256603 -0.021179363 -0.32398763 -0.22912809 -0.06718781 -0.3657454 2.927298
-0.37091482 -0.4093615 -0.11981798 -0.15624478 -0.13539813 -0.25566626 -0.084679544 -0.020305363 2.6835015
-0.06416482 -0.2961488 -0.218528 -0.2782145 -0.12170584 -0.6098721 -0.29980388 -0.62326556 3.3172615
0.6173329 -0.7832161 -0.5004461 0.26500717 1.1733961 -0.29886037 1.6763847 0.52394485 0.0
-0.25149474 -0.24742828 -0.43164927 -0.9510977 -0.37861013 -0.47008252 -0.030858848 -0.09935935 3.3461769
0.2482664 -0.3222867 -0.09620152 -0.41893524 -0.13291295 -0.36299196 -0.2093306 -0.35164985 2.6440244
-0.23596095 -0.3326282 -0.24824518 -0.58471155 -0.46266088 0.07362737 -0.5698055 -0.107764155 3.0669107
-0.76272774 -0.7271922 0.6514462 0.0570753 -0.43894643 0.34866354 2.3375041 0.39077583 0.0
-0.5979333 0.06565716 -0.6010558 -0.651385 -0.24739009 -0.34257817 -0.20693572 -0.46250814 3.3130362
-0.33737934 -0.36764497 -0.37537202 -0.2857104 -0.46703073 -0.04930023 -0.5865669 -0.34332213 3.356526
-0.603773 -0.45430377 -0.23381345 -0.47620916 -0.32963723 -0.60703516 -0.30809388 -0.43094003 3.3872886
0.6472737 -0.8061865 0.27344266 0.45841455 0.94852823 0.65642583 0.49774465 -0.20648715 0.0
-0.17355645 -0.44060284 -0.30805424 -0.644308 -0.50771046 -0.24762017 -0.6056614 -0.39063317 3.4276407
-0.14365023 -0.31594044 -0.35258973 -0.6430256 -0.21576463 -0.71150327 -0.17985187 -0.44728225 3.2772567
-0.16380109 0.056079492 -0.48973957 -0.29932663 -0.33789465 -0.16722739 -0.23507735 -0.53841305 2.9150727
1.1000755 0.52417386 -0.07378358 -0.55866325 1.4565077 0.7401665 0.053750172 -0.807882 0.0
