2.2940724 -0.656439 1.9029185 -0.5764798 0.7644197 0.8934672 -0.9202687 -0.8110311 0.0
-0.05391414 -0.077517144 -0.07691907 -0.042111896 3.1469607 0.61248034 1.0749122 -0.24578263 0.0
0.7833642 0.46687475 0.7820565 -0.5027522 0.123528145 -0.031308763 0.15079181 -0.6929828 1.9553863
0.28970245 0.10978197 -0.12559544 -0.70223624 0.77157634 -0.09891767 0.060898647 -0.74521464 2.3480372
0.1983179 -0.1206098 0.2458596 -0.6433055 0.3171213 0.2017783 0.024354922 -0.7775243 2.8936822
1.7097607 0.5655365 0.58222854 0.16780141 0.47861505 0.45481944 0.50135046 0.003490495 0.0
-0.23845698 -0.15509851 0.10983831 -0.34895378 -0.12595014 -0.10585455 -0.20607942 -0.5098188 3.3628762
0.09645445 -0.1392086 0.073948875 -0.22845164 -0.062197853 -0.20314576 0.1839163 -0.10123852 2.8390024
-0.14252098 -0.06019771 -0.3926071 -0.010681699 0.15354323 -0.40583047 -0.07141738 -0.49543038 3.3320432
0.4512321 -0.4290898 0.27768564 0.85229254 0.73797834 -0.33558592 1.2518715 0.85892165 0.0
-0.37731013 -0.28585863 -0.3228713 -0.5984965 -0.055478595 0.02418207 -0.1823299 -0.55788344 3.402191
-0.06528083 -0.36877218 -0.1924636 -0.5065534 -0.35566974 -0.44798282 -0.49837217 -0.4086604 3.5558763
-0.21939757 -0.24803652 -0.440455 -0.5037419 -0.22695185 -0.040179025 -0.6165595 -0.5272497 3.549485
-0.27468833 -0.17180543 0.49996385 0.63023114 0.10203333 0.50585705 1.6014271 0.594839 0.0
-0.14292407 -0.28688768 -0.637495 -0.61557424 0.15812798 -0.4822123 -0.50125575 -0.6573406 3.3694773
-0.35451153 -0.21123932 -0.33413342 -0.5967427 -0.20721592 -0.40694752 -0.43228126 -0.5792347 3.6922596
-0.52912027 -0.64594895 -0.64771736 -0.6456167 -0.30478162 -0.536445 -0.47242978 -0.5833152 3.6270783
0.49858996 -0.18004647 0.5808589 0.37121072 0.92169654 0.7193258 0.9109189 -0.056659665 0.0
-0.3434571 -0.4552633 -0.62437993 -0.7475265 -0.40670264 -0.29268423 -0.4312591 -0.80586225 3.500138
-0.3413639 -0.0024934823 -0.6678595 -0.76708573 -0.20061879 -0.4283053 -0.56011397 -0.8610061 3.4950583
-0.39635947 -0.3260405 -0.43796733 -0.7475766 -0.3283905 -0.27802578 -0.5007035 -0.74171245 3.5686517
1.2213839 1.1939608 0.29962444 -0.59356695 1.1773548 1.1529421 0.26016945 -0.61785024 0.0
