2.9804332 -1.2843562 1.5021452 -0.10505537 0.096944734 0.6789385 -1.4559013 -0.8629921 0.0
-0.79234 -0.7137217 -0.6220618 -0.7881984 3.990402 0.45225215 1.1021359 -0.3200091 0.0
0.13953139 0.053122755 0.109140545 -0.40335196 0.1882811 -0.2158454 0.23041007 -0.17469719 2.048237
-0.021661844 -0.25915968 -0.34693834 -0.30305025 0.46575886 -0.3513828 0.41608626 -0.13266648 2.0132139
0.23683402 -0.28466377 -0.02980471 -0.5951528 -0.0048727496 0.18566902 -0.4126606 -0.8870376 3.031146
2.0561063 -0.074093565 0.54792166 -0.0045739627 0.31891266 0.19222505 0.5447246 -0.42278266 0.0
-0.18248433 -0.46939427 -0.30782646 -0.28701043 -0.086008266 -0.319497 0.11272865 -0.29479322 2.8777587
-0.14999828 -0.38338274 -0.11497318 -0.33040237 0.046556342 -0.20460811 -0.14982699 1.0335129e-05 2.6393638
-0.1254078 -0.2518711 -0.3466413 -0.24889615 -0.15369861 -0.65754503 -0.23516616 -0.5999958 3.3659682
0.49450162 -0.69122684 -0.3074377 0.35334566 1.1754377 -0.36999622 1.344425 0.75929934 0.0
-0.23043743 -0.012157813 -0.40824267 -0.84324545 -0.22168887 -0.48880187 0.011338374 -0.24171709 3.158767
0.16157092 -0.36617467 -0.19501215 -0.5409599 -0.44903073 -0.41483292 -0.25136963 -0.36985835 3.006487
-0.20542742 -0.39049223 -0.37765312 -0.54343224 -0.5662948 0.084573284 -0.5521967 -0.32397 3.234605
-0.65747625 -0.633405 0.5902925 0.1637813 -0.4067272 0.3884513 2.330739 0.20605022 0.0
-0.59070784 -0.11511881 -0.6443463 -0.46383673 -0.42581946 -0.45289916 -0.29936033 -0.42096284 3.4762282
-0.36793816 -0.13579728 -0.3997297 -0.33456412 -0.46388286 -0.03041454 -0.46764883 -0.47658575 3.2703447
-0.51866937 -0.33768347 -0.20714164 -0.35452455 -0.10840537 -0.58835196 -0.48162833 -0.43055964 3.2458186
0.57748586 -0.8136366 0.31812525 0.590465 0.8471273 0.86513513 0.46476266 -0.30625412 0.0
-0.18291713 -0.33006594 -0.48987785 -0.6257725 -0.4227369 -0.31246856 -0.54952025 -0.45732278 3.419347
-0.2352475 -0.36088774 -0.346107 -0.53924197 -0.28359616 -0.6197558 -0.28808174 -0.47814804 3.3463352
-0.24569525 0.036790993 -0.4449969 -0.3739688 -0.44932932 -0.21552104 -0.30637473 -0.28401327 3.0076716
1.157717 0.60641795 0.010509907 -0.6918228 1.4049191 0.6336213 0.26738203 -0.86662066 0.0
