2.6706457 2.3364024 0.6986251 -0.567083 2.0799396 1.6360915 -0.6290735 -0.5269424 0.0
1.4007654 0.7247585 0.98505783 -0.08167959 1.7205951 1.1447029 1.1944383 -0.38610876 0.0
0.9857545 0.5504951 0.1652589 -0.4490798 0.6512504 -0.18613963 -0.20752026 -0.6433953 3.36232
0.7489343 0.30282432 -0.34138188 -0.54599655 1.049697 0.2725811 -0.3643501 -0.4823014 3.294722
0.7307378 0.4091452 0.21300282 -0.6180974 0.48688078 0.063787036 -0.5430515 -0.60402083 3.2211003
0.6733432 0.82012707 1.1218103 0.41863286 1.6826162 0.56671935 1.0135806 -0.24005264 0.0
-0.017625442 -0.68893933 -0.5708918 -0.46489185 0.19569208 -0.3248179 -0.066208854 -0.6187069 3.4338276
0.0070920293 -0.15560824 -0.23566939 -0.40798303 -0.08410338 -0.34598795 -0.19635108 -0.53465706 2.8054192
-0.5242832 -0.49912342 -0.47128668 -0.6970022 -0.26744753 -0.3924184 -0.51782453 -0.64333725 3.2717907
1.0855002 0.41480434 0.7376304 0.23787855 1.532692 0.328372 1.4227008 0.15886903 0.0
-0.7162196 -0.49596122 -0.7504355 -0.56330574 -0.43999234 -0.5320929 -0.7998723 -0.78479433 3.2543123
-0.39961147 -0.7916623 -0.555225 -0.749136 -0.51057494 -0.65110856 -0.769886 -0.63389194 3.3473125
0.5072419 -0.61837816 -0.5170028 -0.74347866 -0.6720199 -0.75741255 -0.65523887 -0.80693626 3.4313867
0.38238212 1.0357497 0.3901985 0.18754941 1.0962665 1.0007749 0.85251224 0.08762757 0.0
-0.4173754 -0.7157265 -0.67444986 -0.64239866 0.70658237 -0.7061078 -0.64638156 -0.73349136 3.4237554
-0.81861997 -0.69822496 -0.6532465 -0.7829034 0.17707635 -0.69992226 -0.73460495 -0.86636853 3.3985744
-0.60855263 -0.6752611 -0.67638016 -0.8706158 -0.5462643 -0.8803756 -0.8210416 -0.7963707 3.4038134
1.9157605 0.418224 0.7000231 0.063708395 1.5283453 0.91621757 0.4359449 -0.23006338 0.0
0.7278618 -0.060277265 -0.5901689 -0.71013093 -0.04120511 0.21004507 -0.68262154 -0.72815776 3.3907435
0.25648493 0.6891087 -0.6046804 -0.6748055 0.58683264 0.33454365 -0.691501 -0.694097 3.3952396
0.18290564 0.6161884 -0.6724703 -0.6531189 0.71193266 0.09593498 -0.65511787 -0.70763063 3.3915193
0.9934454 2.25028 0.642933 -0.37198368 1.5965095 1.217664 0.65533185 -0.4015241 0.0
