2.232761 2.1783893 0.47826505 -0.5949984 2.5098984 1.2452346 -0.75408614 -0.5929349 0.0
1.3747529 0.058214977 0.9135077 -0.16137658 1.9362417 0.475423 1.6121364 -0.45356885 0.0
0.56971675 0.1311951 0.013014978 -0.5129811 0.45656416 -0.30431205 -0.28132728 -0.6214061 3.4327986
0.49577403 0.030231357 -0.32999337 -0.5551304 0.8753649 -0.04041304 -0.35513142 -0.49411908 3.2974033
0.3568997 0.08540145 -0.032680314 -0.56685394 0.21707582 -0.05837463 -0.5797887 -0.6084524 3.3358903
0.1194733 0.50014293 0.98040664 0.41414562 2.193755 0.043262776 0.9946832 -0.22473654 0.0
-0.1348435 -0.5705434 -0.3752796 -0.36798146 0.074164905 -0.41731215 -0.06971099 -0.4636364 3.328116
-0.11837152 -0.402834 -0.3503449 -0.3882896 -0.25067317 -0.32938266 -0.30853668 -0.39560744 2.918736
-0.35767737 -0.5542106 -0.55346525 -0.567379 -0.26215053 -0.45230818 -0.46523896 -0.59804124 3.3281338
1.0177866 -0.116241954 0.440907 0.058445774 1.5246838 -0.0034142744 1.7638623 0.066931784 0.0
-0.49081406 -0.54292524 -0.6795684 -0.53791887 -0.3934401 -0.49358287 -0.70408887 -0.65424764 3.2947567
-0.33461878 -0.5923946 -0.5416974 -0.68961054 -0.51230454 -0.62542135 -0.6371793 -0.5365578 3.3835335
0.20605567 -0.58302015 -0.5362991 -0.5683529 -0.5724747 -0.54006374 -0.60254437 -0.6381873 3.449277
0.07377293 0.8308375 0.17457956 0.16846043 0.97691137 0.67411065 0.94146 0.19131444 0.0
-0.36839503 -0.5874521 -0.64705896 -0.6539672 0.26275763 -0.5106829 -0.39162272 -0.63445204 3.43673
-0.65416944 -0.57823026 -0.6415781 -0.7610507 -0.04278832 -0.4679504 -0.58877486 -0.6552614 3.4057744
-0.64410484 -0.6261768 -0.64063567 -0.7766182 -0.5083904 -0.7338258 -0.654754 -0.69450384 3.459766
1.9701221 -0.009951836 0.42106605 0.045510925 1.6809567 0.66163903 0.12449114 -0.45452297 0.0
0.28539625 -0.0842122 -0.55774844 -0.69730985 -0.29799426 -0.08125124 -0.48510385 -0.7131208 3.4834483
-0.039408572 0.15071926 -0.5280807 -0.7119506 0.19088137 0.040737312 -0.6213113 -0.68443763 3.536265
-0.13802476 0.09884663 -0.5648263 -0.6669061 0.29211286 -0.07181011 -0.5059625 -0.66939616 3.5101275
0.7478907 2.2407415 0.405496 -0.44202724 1.625521 1.1463202 0.24545877 -0.5356943 0.0
