2.603229 2.2425048 0.53009754 -0.62357664 2.2618752 1.398669 -0.7546191 -0.5804752 0.0
1.4078146 0.3907783 1.032039 -0.12288517 1.8463027 0.75943667 1.3235443 -0.44593665 0.0
0.69218373 0.31968752 0.028771818 -0.52946866 0.4142682 -0.23022738 -0.28995186 -0.6788035 3.503662
0.5973728 0.11218636 -0.3937218 -0.5894948 0.8876317 0.014855869 -0.41878086 -0.5015539 3.3959374
0.4604765 0.20061824 0.093980074 -0.61570334 0.28063968 -0.13249774 -0.5509932 -0.6570383 3.3613572
0.33125615 0.71602577 1.1427113 0.43872777 1.7942917 0.35265946 0.9867056 -0.24930248 0.0
-0.16084851 -0.6812462 -0.524101 -0.48659658 0.053333305 -0.4253284 -0.1203516 -0.5992644 3.5103693
-0.08654253 -0.30457845 -0.3149244 -0.39196786 -0.24808149 -0.40100133 -0.2784379 -0.56270444 2.9349182
-0.45298296 -0.5892093 -0.49581784 -0.61342156 -0.36275184 -0.46950164 -0.4849192 -0.5957226 3.3418078
1.0715191 0.10835978 0.6385907 0.11540686 1.7571031 0.03228252 1.4570426 0.08269222 0.0
-0.6256326 -0.60224956 -0.7577392 -0.6455259 -0.46526167 -0.5409106 -0.7283337 -0.7831669 3.35665
-0.4600701 -0.7693289 -0.5593579 -0.73686785 -0.58677185 -0.6980185 -0.7874448 -0.6711128 3.4644866
0.2826084 -0.614681 -0.58059454 -0.7169988 -0.66388494 -0.66435 -0.6624358 -0.7644821 3.5192811
0.2630697 0.8588816 0.2996014 0.19362509 0.97389764 0.89701444 0.8568494 0.09841643 0.0
-0.47861165 -0.70178074 -0.6595062 -0.6418229 0.36845833 -0.6627693 -0.5760549 -0.723574 3.5135834
-0.8406579 -0.6546922 -0.68677014 -0.8111584 -0.0025089085 -0.6557992 -0.7438155 -0.814127 3.4923413
-0.6536333 -0.7114897 -0.7422023 -0.92292017 -0.56795955 -0.8414014 -0.7734586 -0.8029296 3.515964
1.8777345 0.17977394 0.58742005 0.045340743 1.6004353 0.8598173 0.2835117 -0.3933699 0.0
0.4000481 -0.16073269 -0.6056757 -0.7531153 -0.2516322 0.003549496 -0.6342885 -0.76349205 3.5355673
0.06982265 0.33351114 -0.6388909 -0.7441317 0.27665997 0.06670736 -0.6955537 -0.7468331 3.5759594
-0.010583822 0.29902285 -0.67124015 -0.708119 0.39627692 -0.09115169 -0.65126836 -0.7391645 3.5489366
0.87622714 2.2616343 0.48538193 -0.45375195 1.6531878 1.1645342 0.4388763 -0.49332717 0.0
