1.4782993 1.3531697 1.1800809 0.5291373 1.355134 1.4678108 0.5783501 0.5459521 0.0
1.3221638 1.2415551 1.2131495 0.6047847 1.0809203 1.2233825 0.8578471 0.5416592 0.0
1.4523463 1.1335386 0.9414465 0.5788737 1.3147798 0.8432302 0.57836396 0.5815719 1.4843994
1.1121914 1.2190895 0.8106106 0.5656811 1.1806127 1.0999764 0.6793038 0.5398715 1.4865471
1.2987509 1.123664 1.1548727 0.6233145 1.0108659 0.88698834 0.5262565 0.5458463 1.481893
1.0793105 0.9647522 1.0780084 0.6496075 1.1773144 0.9163741 0.9801706 0.6191735 0.0
0.88599473 0.55294466 0.6131158 0.571847 1.0020372 0.5413854 0.87100726 0.60300523 1.4883467
0.58965635 0.6288737 0.6242311 0.7430568 0.5425317 0.712046 0.59950393 0.59253854 1.4870654
0.782577 0.60435957 0.7169906 0.5640669 0.58136153 0.5580533 0.5815514 0.5660045 1.491162
1.1954328 0.80505794 0.8379775 0.5656362 1.3004082 0.6284577 1.2175401 0.77405465 0.0
0.6348037 0.5431883 0.5438163 0.53670925 0.6552674 0.59940267 0.63004 0.5580276 1.4913254
0.6129703 0.5552313 0.63347 0.5417059 0.58306223 0.56009597 0.5558814 0.6740777 1.4907912
1.3759258 0.5541805 0.5483552 0.5542726 0.5659761 0.60838574 0.53487355 0.6033955 1.4852192
0.8210239 1.061426 0.6247987 0.61726904 1.0809509 1.0185905 0.72432214 0.576964 0.0
0.88338375 0.59144294 0.5566918 0.5399404 1.4248558 0.6675051 0.547684 0.5381046 1.4839485
0.5471487 0.5933198 0.61665565 0.53387135 1.1680895 0.7156413 0.6566158 0.5469134 1.4863029
0.84426326 0.76524246 0.5226456 0.56277645 0.94527894 0.5331633 0.5269234 0.52872914 1.4866922
1.2817417 0.9030183 0.7374824 0.65896827 1.2228385 1.185431 0.7100163 0.60355854 0.0
1.3539126 1.0851911 0.54859406 0.5408545 1.2775526 1.3655862 0.526816 0.5577833 1.4819986
1.1852447 1.3988835 0.52819216 0.54778427 1.395441 1.22418 0.546221 0.5555607 1.4823759
1.2149597 1.4084383 0.5505384 0.5343448 1.314683 1.1487006 0.5764348 0.55107 1.4811753
1.4199626 1.2295805 1.044599 0.5313065 1.4814717 1.436471 0.8144505 0.5366253 0.0
