5.9934998 -0.87793034 -0.5848853 -1.2452071 -1.0480149 -0.6854615 -0.9088103 -0.8388007 0.0
-0.70043844 -0.7966316 -0.8916451 6.608939 -0.8877677 -1.1232172 -1.0449591 -1.291964 0.0
-0.65263736 -0.32534364 -1.160036 -0.49068767 -0.67964303 -0.6689321 -0.32173672 -0.8489177 5.2914634
-0.7966855 -0.50983995 -0.6568005 -0.7273998 -0.68182766 -0.5408995 -0.34973395 -0.5254736 5.0555487
-0.6391156 -0.8733675 -0.7972478 -0.70484483 -0.5520855 -0.47466508 -0.7343529 -0.60609233 5.5297165
-1.2419032 -1.0452687 -1.0142254 -0.41139638 -0.48791724 -0.9157652 -0.9464163 6.3910728 0.0
-0.7704395 -0.4803414 -0.48664552 -0.9859408 -0.61747974 -0.62371856 -0.6006872 -0.4194684 5.105274
-0.75958973 -0.80538815 -0.5132024 -0.8751477 -0.58317244 -0.2746085 -0.6426849 -0.47300524 5.0352488
-0.54595304 -0.42410052 -0.5208067 -0.89126337 -0.32080853 -0.66770715 -0.41794044 -1.0489002 5.026236
-1.0414921 -0.89046764 -0.8101579 6.5024204 -1.1609122 -1.0096849 -0.9182051 -0.75797254 0.0
-0.45628724 -0.6373088 -0.88989514 -0.5422625 -0.39156878 -0.58083636 -0.86665475 -0.44701317 4.795344
-0.38792565 -0.8974719 -0.42540455 -1.0685298 -0.34745038 -0.77909726 -0.43440643 -0.5012628 4.8519454
-0.81378585 -0.7789487 -0.3946581 -0.7910383 -0.6171092 -0.1604975 -0.36340803 -0.745451 4.6815114
-0.5457496 -1.1535081 -1.3693721 6.4952974 -0.94506276 -0.8960298 -1.1187563 -0.8223583 0.0
-0.92211664 -0.13538224 -0.22378227 -0.758874 -0.4028591 -0.6794377 -0.7451189 -0.86439615 4.664926
-1.048758 -0.51160276 -0.67344016 -0.6864537 -0.20495556 -0.80146545 -0.69970036 -0.7268808 4.936947
-0.5991921 -0.6593724 -0.48913163 -0.9978027 -0.7042241 -0.5391953 -0.37530005 -0.36327577 4.7096043
-0.7853739 -1.0485239 -0.7014363 -0.46372145 -1.0337362 -0.9243882 -1.1493784 6.111843 0.0
-0.5975758 -0.6227066 -0.44727963 -0.4379044 -0.5819416 -0.64555395 -0.49051648 -0.4783058 4.3870845
-0.73549557 0.033591893 -0.56198674 -0.7252286 -0.051786885 -0.50509864 -0.78869504 -0.9886114 4.231541
-0.5933478 -0.54095393 -0.49470577 -0.829649 -0.77576166 0.08540952 -0.71599096 -0.3236774 4.339138
5.3527503 -0.75921047 -0.9916277 -1.005647 -0.75741595 -0.62705046 -0.77437353 -0.58805233 0.0
