1.3542 0.30146307 0.10983852 -0.43820736 -0.49352637 -0.31993404 -0.17286475 0.49295574 0.0
0.1281241 -0.29454428 0.92366767 1.0663493 0.3377918 -0.25903454 -0.015235307 -0.023282431 0.0
-0.2042694 0.3845643 -0.066234045 -0.10916811 -0.46432272 0.06647583 0.24933615 0.38493115 0.90936875
-0.30662906 -0.4039699 -0.17378074 0.07929042 -0.6662045 0.6572756 0.31809402 -0.56949174 1.5385282
-0.39907774 0.8069269 0.00094133604 -0.0050125327 -0.64716417 -0.49036372 -0.2791018 -0.23568681 1.7921821
-0.15560956 -0.43292844 0.20331627 0.85599405 0.09005929 0.05290493 0.24187487 0.67514306 0.0
0.6376689 -0.49484414 -0.0072282837 -0.23912947 -0.061652843 -0.48211583 -0.47528693 -0.079477966 1.3110315
-0.3591058 -0.48543462 -0.015918752 0.32068384 0.660964 -0.6585907 -0.4911749 -0.2801723 1.5134462
0.24798591 -0.31500718 -0.56014615 0.34536302 -0.4531126 0.1084161 0.18503632 0.12347889 0.86523926
0.2098999 -0.10416475 0.19454795 -0.004160253 0.37273887 0.42718866 0.21878645 -0.21904 0.0
-0.2123665 -0.6455215 -0.036225956 0.13513525 0.113897555 -0.17845798 0.28330877 -0.45860296 1.2908038
-0.049478028 -0.60846406 -0.016639663 -0.01596837 0.57840294 -0.11933821 -0.52585214 -0.09576642 1.1085099
-0.15278639 -0.30360916 -0.040023103 -0.09024608 -0.3784582 0.16748483 -0.12052797 -0.36480457 1.3424118
0.105488434 0.028774045 0.2150194 0.46279877 -0.23296021 -0.040796205 0.0011166586 0.07418298 0.0
-0.11330889 -0.26092863 -0.17734928 -0.17176323 -0.0047725523 -0.26268935 -0.28140402 -0.32549766 1.50843
-0.14320743 -0.46509784 -0.087111644 -0.26423633 0.03797905 0.015318351 -0.19312192 -0.4131116 1.4960316
0.32604322 -0.46449357 -0.31359994 -0.083822176 0.022094466 -0.15709879 -0.03430254 -0.38501486 1.3076749
0.15876432 -0.038770907 0.08550424 0.23878682 -0.208869 0.2286988 0.041905575 0.07725228 0.0
0.16046049 0.11432233 -0.070727244 -0.4020224 0.06396569 0.03202576 -0.21807349 -0.5229777 0.9424425
0.2347905 -0.12244365 -0.2252138 -0.34044126 0.17305678 -0.26402265 -0.2859831 -0.39521694 1.2468404
0.16510032 -0.12537558 0.1518171 -0.12865373 -0.093295366 -0.37924582 -0.4421102 -0.3160939 1.1889395
0.585711 0.2769439 0.40188083 -0.12268754 -0.07493887 0.08235039 -0.33115023 -0.3813035 0.0
