5.7334833 -0.90213305 -0.6438361 -1.1729679 -0.9267724 -0.8917148 -0.9818479 -0.66065866 0.0
-1.2612921 -1.0885475 -0.9336741 6.7043796 -1.0338838 -1.2342407 -0.84500706 -1.2329954 0.0
-0.6384362 -0.6082265 -0.82748044 -0.753825 -0.5775953 -0.5643355 -0.51636255 -0.67345864 5.2137065
-0.88851255 -0.35222346 -0.7040969 -0.84101 -0.44680604 -0.49232137 -0.71774983 -0.78694266 5.084493
-0.8388256 -0.7383177 -0.75636506 -0.525083 -0.8007989 -0.58448845 -0.50096035 -0.67022383 5.3273044
-1.568578 -1.1890945 -1.1952041 -0.007118082 -1.2355558 -0.97425634 -1.0650421 6.6021748 0.0
-0.84255165 -0.47989944 -0.5472141 -0.98470604 -0.70221514 -0.8059014 -0.59003943 -0.8164798 5.131625
-0.9646178 -0.8524905 -0.79530066 -0.6333435 -0.5714341 -0.23568787 -0.5205876 -0.5201376 4.9661803
0.07448248 -0.6136262 -0.94727814 -0.8673229 -0.5686182 -0.7919995 -0.54316616 -0.77966917 4.9786224
-1.1299664 -1.3388734 -0.9793376 6.4241543 -1.1676427 -1.0946366 -0.84087867 -0.94757164 0.0
-0.3071288 -0.6292888 -0.66069627 -0.62923497 -0.43374535 -0.52994883 -0.6397474 -0.6146329 4.556667
-0.55523515 -0.8746646 -0.86236274 -0.7234443 -0.661989 -0.5671733 -0.5503124 -0.10129317 4.7967453
-0.9276755 -0.76813126 -0.9326756 -0.9315691 -0.41367516 -0.54841757 -0.45833606 -0.44955453 4.9175277
-0.97130686 -1.1057903 -1.1229419 6.0720253 -1.0703448 -1.0122435 -0.95458823 -0.31557736 0.0
-0.6333071 -0.55960006 -0.28075957 -0.30795056 -0.44657093 -0.72829014 -0.5735175 -0.44491428 4.3155103
-0.70266324 -0.1977001 -0.8274706 -0.50950205 -0.55046004 -0.7205415 -0.44048104 -0.9230848 4.6563067
-0.3954908 -0.9198603 -0.34948754 -0.71842974 -0.46513334 -0.7297008 -0.34913966 -0.7458401 4.615206
-0.90844774 -0.947019 -0.92694294 -0.7002141 -1.1452124 -1.2539475 -0.9624599 6.2222266 0.0
-0.46445626 -0.4033245 -0.64200366 -0.24601935 -0.2498623 -0.70239365 -0.35991904 -0.5841959 4.01735
-0.23380712 -0.67731655 -0.51532406 -0.7670387 -0.37517345 -0.32218817 -0.7480316 -0.41380602 4.106767
-0.59178144 -0.77800035 -0.32165095 -0.6376748 -0.31556022 -0.5247184 -0.5719443 -0.75794625 4.4070334
5.3296676 -0.9313703 -1.0960351 -0.9177618 -0.8210576 -0.971218 -0.70322603 -0.8376365 0.0
