5.362416 -0.13797684 -0.561354 -0.9195669 -0.48213416 -0.40218604 -0.5763148 -0.7118694 0.0
-1.2137781 -0.518224 -0.72131836 6.7062078 -0.46945226 -1.1474893 -0.88676226 -0.97645295 0.0
-0.2610056 0.004830127 -0.6524191 -0.6102571 -0.3934647 -0.6563481 -0.27294958 -0.6521636 5.0405374
-0.7813239 -0.5900827 -0.59116197 -0.74351525 -0.4171352 -0.52759266 0.098088965 -0.68486154 5.0244937
-0.69547886 -0.33805892 -0.5061413 -0.22543581 -0.3072136 -0.3799674 -0.62196213 -0.61447686 5.070526
-0.6490182 -1.0013486 -0.6529494 -0.4134316 -0.751581 -1.1994302 -0.37701643 6.4339213 0.0
0.03750128 0.033325724 -0.61112183 -1.2278296 -0.39930257 0.08342247 -0.5368929 -0.35707563 4.5398397
-0.39963356 -0.5678089 -0.23767558 -0.8754355 -0.37549245 -0.5994434 -0.39975187 -0.6426093 4.7202506
0.28653535 -0.7123461 -0.26818836 -0.3826313 -0.16236086 -0.56610954 0.21195783 -0.7382004 3.9236698
-0.79774165 -1.0765349 -0.7576867 7.0380993 -1.2124316 -0.7152716 -1.1320353 -0.5678611 0.0
-0.07531289 -0.596236 -1.0134431 -0.77472734 -0.47857553 0.37813532 -0.83348614 -0.24204136 4.528208
-0.55703735 -0.21302865 -0.86895174 -1.0374105 -0.5879294 -0.6457947 -0.48829418 -0.8528061 5.370696
-0.30356067 -0.834653 -0.6820507 -0.36033306 -0.67223793 -0.09140287 -0.6698427 -0.8896589 4.9911838
-0.7944572 -1.410727 -1.1279795 6.719449 -0.97436136 -0.28624415 -0.71440595 -0.44809565 0.0
-0.37612718 -0.6390239 0.1064532 -0.78124094 -0.07185321 -0.31269073 -0.5646156 -0.51925737 4.084178
-0.9411664 -0.46433547 -0.97925645 -0.70766115 -0.24656078 -0.6487568 -0.3967451 -0.6498186 5.1614323
-0.18194622 -0.25557187 -0.41212836 -0.3376804 -0.62818223 -0.47905496 -0.12502785 -0.45211515 4.0419335
-1.0895938 -1.1376452 -0.4098905 -0.6685194 -1.0916522 -1.1305585 -0.81767 6.6163125 0.0
-0.19058634 -0.47605103 -0.19340815 0.1394754 0.18320385 0.11880242 -0.047820304 -0.8063783 3.1451242
-0.4452625 -0.30349377 -0.46082538 -0.19198628 -0.017724281 -1.0468861 -0.3926873 -0.7379833 4.0916605
-0.17711385 -0.3161821 -0.66526896 -0.58003706 -0.65853316 -0.33974952 -0.04256398 -0.15937023 3.840692
5.5222063 -0.96578395 -0.9914038 -0.50464714 -0.6019115 -0.6608213 -0.76428634 -0.26488072 0.0
