1.4499487 -0.1904857 0.15905726 -0.672404 -0.4626944 -0.92232245 0.15459104 0.6308171 0.0
0.17709567 -1.3249667 0.8076009 1.452227 0.5653239 -1.5703527 -0.024642095 0.47355393 0.0
-0.7242646 -0.20762959 -0.11392483 -0.24674629 -0.7684119 -0.6075441 0.015134732 0.84360176 1.9944094
-0.40765837 -0.65130454 -0.36183503 0.3998607 -0.7059573 -0.3643157 0.5266341 -0.8131448 2.299287
-0.90942526 0.05770634 -0.11580337 -0.10824124 -0.8471863 -0.5800325 -0.351465 0.012439329 2.6671476
-0.6367215 -0.902068 -0.11900709 1.2807746 0.27135485 -0.52868813 -0.14435162 1.1344826 0.0
-0.028606154 -0.40930855 -0.19988225 -0.5667022 -0.37491742 -0.264484 -0.2686063 -0.2690508 2.2869751
-0.32217947 -0.66012585 -0.35544583 -0.030911133 0.024035621 -0.4290803 -0.6065592 -0.04176208 2.3278267
-0.11999046 -1.0364947 -0.35509083 0.22944298 -0.4284492 -0.5443098 -0.38370812 -0.16138406 3.0559695
0.22718607 -0.81212455 0.18114698 0.9422984 0.276754 -0.37222606 0.14961158 -0.22972424 0.0
-0.59769744 -0.5471506 -0.4960364 -0.27361998 -0.2295611 -0.16304033 -0.11991785 -0.4654496 2.6465728
-0.4774488 -0.86068636 0.08485415 0.05621421 -0.314473 -0.7249752 -0.49052995 0.03113537 2.5730739
-0.639771 -0.62510973 -0.56298214 -0.12033317 -0.43746793 -0.2426475 -0.2891021 -0.29146248 3.0562181
0.18878073 -0.7731007 -0.12637007 0.6968765 0.10774373 -0.76558435 0.35382113 0.49708948 0.0
-0.11927032 -0.7003606 -0.5178364 -0.46095687 -0.41651487 -0.45051777 -0.40671954 -0.5620956 3.1186392
-0.5030214 -0.6847 -0.48104963 -0.3919743 -0.24146782 -0.6469527 -0.4259536 -0.3135384 3.2343733
-0.19173995 -0.621508 -0.6108605 -0.34924555 -0.50573635 -0.34785485 -0.40714726 -0.4472009 3.3178415
-0.3073486 -0.40825957 0.13244905 0.36518735 -0.28129447 -0.51532793 0.28288728 0.99284434 0.0
-0.3880282 -0.29832706 -0.15539241 -0.6857894 -0.38575655 -0.119630456 -0.41675395 -0.5964144 2.8893974
-0.60053575 -0.23142834 -0.22893234 -0.51773 -0.27905867 -0.37960273 -0.4194201 -0.45079958 2.8672667
-0.37475178 -0.4113362 -0.4200073 -0.49183515 -0.10237569 -0.12530239 -0.24001566 -0.6500562 2.6606457
0.89007634 -0.44047606 0.09393234 -0.41563025 -0.07577093 0.50020385 -0.21059607 -0.20054193 0.0
