1.3151289 -0.15426324 0.0870159 -0.52806914 -0.5369177 -0.42481026 0.14269213 0.49425265 0.0
0.403701 -0.82625705 0.72791445 1.063523 0.37552863 -0.8657462 0.098115206 0.14255187 0.0
-0.3920399 0.086458705 -0.093257464 -0.03328585 -0.7135117 -0.41836593 0.24569544 0.5357375 1.4275738
-0.2933392 -0.57827365 -0.18399316 0.29408824 -0.8347737 0.075082496 0.5229798 -0.57566303 1.6536965
-0.5942934 0.4380297 0.27196956 -0.04704929 -0.76749474 -0.36385432 -0.27105632 -0.045118753 1.7584256
-0.32634664 -0.61365384 -0.10883315 0.9950253 0.23566732 -0.15472779 -0.014750867 0.8227705 0.0
0.18722583 -0.19733752 -0.14687306 -0.49120626 -0.19701287 -0.26072177 -0.15753478 -0.115835145 1.4890375
-0.3998059 -0.6763241 0.0024376735 0.3699469 0.36550683 -0.5787117 -0.5607793 0.005146106 1.5746121
0.2826789 -0.63491154 -0.3784982 0.17316861 -0.38883528 -0.112943694 -0.07938893 -0.041843623 1.574318
0.12608705 -0.40812916 0.059526775 0.41324404 0.24932154 0.2672392 0.101779185 -0.18453823 0.0
-0.4561194 -0.54749846 -0.09505815 -0.0968866 0.092326574 -0.23614632 0.030074809 -0.38573125 1.727696
-0.1710705 -0.66007745 -0.09160012 0.27160752 0.025369218 -0.45790023 -0.33703828 0.07145927 1.525568
-0.16195609 -0.5297235 -0.15074882 0.0036538397 -0.18246618 -0.10505967 -0.2379366 -0.38076356 1.7555724
0.3439937 -0.27520484 0.02893423 0.4099103 -0.00354781 -0.38231274 0.07522299 0.08403673 0.0
-0.061772645 -0.5248597 -0.27436602 -0.11957862 0.0021708685 -0.16378427 -0.29300207 -0.33075365 1.685111
-0.22902332 -0.3869206 -0.37117717 -0.35344884 -0.02192291 -0.30898649 -0.15943211 -0.34538925 1.9770421
0.030518852 -0.46789116 -0.39327312 -0.22456479 -0.1627391 -0.14442591 -0.18913823 -0.31252864 1.9759802
-0.006667698 -0.3762143 0.02206947 0.33626473 -0.1339091 -0.12985396 0.1998549 0.45243615 0.0
-0.03135024 -0.12573309 -0.0473882 -0.54714215 -0.09823678 -0.019692307 -0.33153632 -0.3575976 1.6444849
-0.45867845 0.018974137 -0.2584902 -0.2778133 0.1561406 -0.3264057 -0.29138595 -0.35738835 1.7559991
-0.18347922 -0.09890337 -0.23536448 -0.4582268 -0.038840886 -0.14826924 -0.12617734 -0.49297404 1.787554
0.4556338 -0.066449724 0.099334605 -0.42689267 0.18514505 0.30874276 -0.1552946 -0.16983725 0.0
