5.6036854 -0.4417295 -0.60732895 -1.0365447 -0.6418353 -0.46902412 -0.6195063 -0.5942823 0.0
-0.7796633 -0.57740825 -0.7365055 6.682861 -0.5222919 -1.1889932 -0.98309976 -1.0770042 0.0
-0.3125348 0.2864725 -0.9041331 -0.6369279 -0.4358838 -0.7001083 -0.34660774 -0.69666165 4.995999
-0.73956585 -0.6156737 -0.64414525 -0.8800796 -0.4095202 -0.52736896 -0.008123702 -0.4330518 5.033736
-0.75144875 -0.5451561 -0.5223377 -0.20064746 -0.38150144 -0.38166696 -0.70765316 -0.6638341 5.1994495
-0.7514955 -1.0627114 -0.7524843 -0.44802657 -0.78058577 -1.2583014 -0.44362295 6.56466 0.0
-0.2425029 -0.21539895 -0.5534642 -1.2993231 -0.40708363 -0.25706574 -0.60559845 -0.3397068 4.826481
-0.41986427 -0.9657454 -0.2585369 -0.8881772 -0.5221152 -0.5093092 -0.4467757 -0.66542125 4.940296
0.17504863 -0.90788436 -0.14298913 -0.40674332 0.014489528 -0.7005752 0.11342269 -0.8164496 4.0449047
-0.54411244 -1.1080616 -0.8125651 6.816521 -1.2221041 -0.79898655 -0.88594764 -0.64752215 0.0
0.07729233 -0.5191906 -1.0053761 -0.59307635 -0.27264035 0.011879038 -1.0851195 -0.3221312 4.610058
-0.6599227 -0.24333197 -0.93820786 -0.8976792 -0.6658689 -0.73636913 -0.46878985 -0.90344393 5.4270906
-0.36421788 -0.92055804 -0.616787 -0.35539967 -0.7258225 -0.123498976 -0.3351196 -0.96650654 4.8034525
-0.80795336 -1.1760082 -1.1870981 6.5368013 -0.75836 -0.2798175 -0.8709833 -0.4343717 0.0
-0.31557402 -0.4815253 0.11069691 -0.8251494 -0.1111147 -0.4801356 -0.5432582 -0.60242546 4.120302
-0.7191615 -0.73143053 -1.0587226 -0.75422937 -0.2665364 -0.921072 -0.40149862 -0.68117666 5.2642546
-0.25929397 -0.8381922 -0.35912883 -0.15463494 -0.75907487 -0.60491645 -0.48251536 -0.5338362 4.4814634
-1.1652247 -1.1886467 -0.49155167 -0.70760304 -1.1357061 -1.1761463 -0.5711348 6.6332097 0.0
-0.20410514 -0.22956994 -0.43607274 -0.20973407 -0.29476497 0.570199 0.28843167 -1.0955534 3.1905103
-0.5049827 -0.11066621 -0.6992258 -0.29919034 0.16155139 -1.0773685 -0.40026352 -0.89358217 4.1646185
-0.36638403 -0.22214703 -0.6571016 -0.5607537 -0.7546573 -0.40391335 -0.39385194 -0.061351437 3.9950578
5.5147505 -0.5628211 -1.0951462 -0.59327275 -0.54378706 -0.6635926 -0.7735928 -0.55785096 0.0
