6.216009 -0.9391753 -0.5900658 -1.4291307 -1.0520074 -0.7319261 -0.9084265 -1.0024486 0.0
-0.66959476 -0.8692112 -0.78307354 6.631283 -0.76678646 -1.0184473 -0.901683 -1.4619565 0.0
-0.7111793 -0.23280953 -0.95607436 -0.40244183 -0.5744887 -0.92615074 -0.51943254 -0.9588283 5.3772154
-0.76165384 -0.68506324 -0.5031596 -0.5418921 -0.34356412 -0.5475289 -0.13735881 -0.8845906 4.9859166
-0.35362485 -0.56631976 -0.7225966 -0.64239854 -0.71910655 -0.38133675 -0.69570714 -0.43858853 5.2385216
-1.0285212 -1.3158122 -1.163114 -0.62756264 -0.53811586 -1.0712483 -0.98233753 6.6797795 0.0
-0.6232067 -0.49766073 -0.6002764 -1.138732 -0.55444634 -0.51832193 -0.34313154 -0.076304816 4.959735
-0.6996589 -1.037728 -0.24178353 -0.74962044 -0.78587085 -0.2429837 -0.5849698 -0.34916586 4.9866095
-0.45533323 -0.66152585 -0.49451292 -0.777833 -0.10809056 -0.7637697 -0.23985532 -0.71474373 4.7990317
-1.1724999 -0.9806431 -0.46103993 6.3024015 -1.0827368 -0.7448245 -0.7977361 -0.6693971 0.0
-0.54355174 -0.5566109 -0.8916621 -0.51780885 -0.38562968 -0.72963715 -0.7535328 -0.45393836 4.821906
-0.33917472 -0.5795664 -0.5498397 -0.99014175 -0.43179256 -0.7437656 -0.4999063 -0.8869109 5.1544886
-0.59431446 -1.019985 -0.40621218 -0.63046974 -0.589836 -0.16089194 -0.25332206 -0.86662453 4.6698294
-0.7687424 -1.0805901 -1.205544 6.5200963 -0.9949271 -0.7823297 -1.0529536 -0.635372 0.0
-0.8864107 -0.2762886 -0.35547596 -0.41163763 -0.5188238 -0.4346883 -0.62522364 -0.66996515 4.451154
-0.90808797 -0.49438578 -0.6053535 -0.7184545 -0.44698173 -0.62430084 -0.64629734 -0.51792616 4.8825393
-0.3989584 -0.6627506 -0.52341896 -0.7854772 -0.5565643 -0.4349089 -0.3248366 -0.3061292 4.4478126
-1.0317256 -0.90657187 -0.77080894 -0.15028355 -0.8131377 -1.1298745 -0.8469274 6.09567 0.0
-0.41718155 -0.5980813 -0.65074426 -0.4130562 -0.51637876 -0.35320804 -0.5107999 -0.83374393 4.477154
-0.5906352 0.09481192 -0.8235632 -1.0088688 -0.02494718 -0.608436 -0.5491561 -0.82237154 4.299319
-0.67947096 -0.3704538 -0.30502465 -0.7706944 -0.6298079 0.015555773 -0.62878513 -0.02979574 3.9240463
5.812729 -0.80614156 -1.1231409 -1.138901 -0.9572709 -0.7424373 -0.893029 -0.7598563 0.0
