5.838565 -0.5445396 -0.6825548 -1.1470088 -0.8091339 -0.52118295 -0.64819145 -0.71925074 0.0
-0.87057436 -0.63294744 -0.4693566 6.2709894 -0.7215503 -0.6014323 -1.0019779 -1.1646459 0.0
-0.38171414 0.15124838 -0.5905012 -0.672476 -0.20989664 -0.9022157 -0.376599 -0.7906623 5.1288013
-0.63970697 -0.57918733 -0.49635026 -0.7636171 -0.5765063 -0.31396097 -0.030023823 -0.4419288 4.6578608
-0.80384475 -0.63819194 -0.40768135 -0.20612153 -0.44444755 -0.3045298 -0.6177562 -0.42234606 4.959293
-0.83465403 -1.0751132 -0.84869474 -0.46488884 -0.78790313 -1.3104938 -0.48695773 6.650626 0.0
-0.26988897 -0.15471303 -0.55714756 -1.2997572 -0.22731537 -0.1731391 -0.4255026 -0.30089363 4.7195773
-0.41030642 -0.9173019 -0.26042205 -0.73518384 -0.58637714 -0.56654686 -0.6208571 -0.5219843 4.918715
-0.38570136 -0.9057633 -0.34245393 -0.82941043 0.06918096 -0.58996665 0.2500475 -0.64811057 4.3510447
-0.6518283 -0.8797973 -0.8622411 6.737547 -1.2832855 -0.8780788 -0.9024878 -0.79494417 0.0
-0.27402842 -0.54479796 -1.0460365 -0.6793814 -0.20819357 -0.2293528 -0.66748434 -0.4531854 4.7730083
-0.5340915 -0.2898309 -0.99378854 -0.64558256 -0.8086596 -0.6528532 -0.35230476 -0.85114664 5.2412863
-0.3945423 -0.9712321 -0.66698414 -0.34559932 -0.7744398 -0.13624582 -0.06466628 -1.0266483 4.8455286
-0.8572376 -1.2228786 -1.2396495 6.6620545 -0.83024937 -0.37424803 -1.0058371 -0.482083 0.0
-0.30861717 -0.6940875 -0.30673188 -0.753674 -0.1272398 -0.43034393 -0.4243007 -0.3919217 4.184547
-0.78849375 -0.99873024 -0.78858304 -0.54179823 -0.3397908 -0.7147928 -0.044275 -0.7090609 4.9806466
-0.34128729 -0.74654084 -0.5550481 -0.18606214 -0.73110545 -0.4777254 -0.47718355 -0.5407508 4.514036
-1.2334305 -1.230812 -0.57340235 -0.822772 -1.1744734 -1.1065359 -0.37162235 6.671747 0.0
-0.45368117 0.020425828 -0.44977766 -0.11786513 -0.110699676 0.39914 0.31154117 -0.81325763 3.087536
-0.38980263 -0.2734203 -0.55306476 -0.2972483 0.2422264 -0.9082564 -0.30273905 -0.99157286 4.081257
-0.42056456 -0.10986057 -0.56832767 -0.5810341 -1.0368505 -0.2946652 -0.6102242 -0.33638766 4.181382
5.95454 -0.69227254 -1.1774504 -0.7514383 -0.9041302 -0.9109649 -0.87598085 -0.62813085 0.0
