5.919438 -0.7206691 -0.74343336 -1.3220285 -0.771079 -0.50181854 -0.55290127 -0.7521276 0.0
-1.0354698 -0.698617 -0.6421839 6.4717565 -0.559738 -0.7780486 -0.9921916 -1.3014157 0.0
-0.8085139 -0.21016258 -0.7430821 -0.6032749 -0.43124032 -1.0078918 -0.47559673 -0.64302206 5.422238
-0.6528229 -0.74951303 -0.47453588 -0.90222496 -0.59908277 -0.44542405 -0.036586966 -0.5653374 4.9237633
-0.6160494 -0.37366048 -0.53607804 -0.57870877 -0.52919424 -0.35447997 -0.6031146 -0.39820474 5.077568
-0.9683164 -1.2273135 -0.9863482 -0.53969747 -0.7446903 -1.2554348 -0.5732771 6.710948 0.0
-0.33680212 -0.4228367 -0.23000297 -1.1165602 -0.24684906 -0.28711012 -0.30571413 -0.1201176 4.450228
-0.6030302 -1.0909562 0.005813315 -0.62938714 -0.7862891 -0.5560578 -0.47855747 -0.5584265 4.864574
-0.40263152 -0.65101385 -0.42158192 -1.0173044 0.079845056 -0.8765939 -0.4146683 -0.7950939 4.8370094
-0.8362393 -0.98525685 -0.7012045 6.6036124 -1.2111598 -0.9982808 -0.6566277 -0.91339463 0.0
-0.5072664 -0.7349202 -0.8610435 -0.29998663 -0.37073958 -0.3840295 -0.5678868 -0.41870382 4.607904
-0.33108115 -0.3593355 -0.9030232 -0.8258706 -0.7113232 -0.4788449 -0.46865267 -0.87993664 5.2376943
-0.38245183 -0.84199035 -0.56804484 -0.48932362 -0.7390081 -0.10441657 -0.23182675 -0.8469632 4.6585
-0.8737467 -0.79501176 -1.31305 6.6070147 -0.7624932 -0.51127374 -1.1060439 -0.5517089 0.0
-0.9262505 -0.52556425 -0.48188186 -0.75274926 -0.21844664 -0.26978424 -0.6237901 -0.5810188 4.5456533
-0.61445236 -0.83794224 -0.37966332 -0.5099784 -0.48654613 -0.6710394 -0.41940287 -0.47670326 4.7151833
-0.41005766 -0.67129225 -0.5583826 -0.47820723 -0.38530722 -0.5906768 -0.50081563 -0.5313952 4.610364
-1.2510931 -1.292842 -0.712654 -0.7305233 -1.2280791 -1.0243331 -0.6546978 6.6970677 0.0
-0.3286446 -0.6059921 -0.54680586 -0.25083438 -0.24533096 -0.10052456 -0.16256018 -0.6852897 3.9527035
-0.59868914 -0.44563347 -0.79446256 -0.39788792 -0.11055716 -0.9820006 -0.5316473 -0.84310395 4.488556
-0.5249576 -0.23112075 -0.3804633 -0.5328863 -0.6950999 -0.049435977 -0.65070593 -0.37657914 3.9678957
6.037353 -0.85059917 -1.0728922 -0.9233944 -1.0917184 -0.9395209 -0.8724645 -0.8018138 0.0
