4.632915 -1.0543426 -0.4573896 -1.1821291 -0.8083545 -1.2153106 -0.5115315 -0.5701266 0.0
-0.7664494 -1.4900589 -0.38840744 5.050749 -0.6687446 -1.7238088 -0.637655 -0.6270822 0.0
-0.64326316 -0.82003677 -0.6288181 -0.5147586 -0.67776364 -0.6802495 -0.68728775 0.4348506 4.2322035
-0.5552761 -0.5004894 -0.57985127 -0.6867032 -0.61343116 -0.4852874 -0.30988225 -0.83043236 4.460433
-0.9117773 -0.35651723 -0.72620505 -0.5579268 -0.52375907 -0.43545148 -0.94929177 -0.60805297 4.741281
-1.6247671 -1.4930248 -1.0265433 2.5970862 -1.2535459 -1.4116006 -1.1549361 3.6999998 0.0
-0.4159086 -0.37264693 -0.60857135 -0.7873275 -0.47725698 -0.5580442 -0.48015648 -0.5204378 4.126057
-0.7332726 -0.6532668 -0.6670535 -0.43470085 -0.46600342 -0.39261952 -0.60238653 -0.28383198 4.1662188
-0.25565836 -0.9443649 -0.5148902 -0.5984281 -0.3202409 -0.39466843 -0.47802812 -0.59570974 4.1715326
-0.8820164 -1.2762525 -0.39260417 4.802186 -0.60875684 -1.3461913 -0.9061849 -0.85659444 0.0
-0.40207493 -0.7076649 -0.5158053 -0.67937493 -0.3756156 -0.55134815 -0.43419513 -0.6272042 4.2615547
-0.601226 -0.58075213 -0.58543277 -0.44970468 -0.42495993 -0.57717144 -0.5986259 -0.48470852 4.2968016
-0.5044563 -0.55770844 -0.728906 -0.5232653 -0.5277612 -0.43015662 -0.45282987 -0.40386984 4.203996
-0.59293145 -1.5899438 -1.1250151 2.9604168 -0.87578547 -1.5046053 -0.57304007 2.2896643 0.0
-0.46110517 -0.6810845 -0.527753 -0.49645254 -0.42206633 -0.5274213 -0.47423866 -0.6505319 4.1909857
-0.5381489 -0.6973812 -0.52409965 -0.6700802 -0.17708609 -0.60422534 -0.4567806 -0.34746647 4.19105
-0.58299404 -0.49580848 -0.42201883 -0.49007085 -0.30837268 -0.5807423 -0.44417197 -0.45460248 4.0218515
-0.98145115 -1.1722677 -0.8846378 -0.07296965 -1.0327277 -1.3026472 -0.49639213 4.591057 0.0
-0.4651913 -0.45706627 -0.64400196 -0.638106 -0.5195181 -0.44177866 -0.4567243 -0.4336195 4.1846642
-0.479302 -0.5442141 -0.5637079 -0.59830815 -0.39211196 -0.49060452 -0.50754136 -0.48789707 4.157972
-0.5334961 -0.4449893 -0.5842644 -0.61160743 -0.4457862 -0.42929065 -0.42635763 -0.5432984 4.1198325
2.904009 -0.9999538 -0.6649755 -1.141482 -0.5546942 0.4506501 -0.28761625 -0.8465385 0.0
