5.120534 -0.39661577 -0.36893475 -0.5201659 -0.23051526 -0.23296428 -0.5129344 -0.8145671 0.0
-1.116113 -0.43746218 -0.69724673 6.5279703 -0.39739966 -1.0816554 -0.6588792 -0.85825914 0.0
-0.22060047 0.0042149317 -0.8862841 -0.40433592 -0.35753226 -0.63440865 -0.25812778 -0.5879841 5.026436
-0.6619107 -0.36319807 -0.50411934 -0.6174211 -0.32936662 -0.48317337 0.030426715 -0.35547093 4.7732387
-0.60253584 -0.13404399 -0.48145017 -0.3733992 -0.20343004 -0.6189311 -0.391276 -0.50212115 4.795093
-0.8819154 -0.7174561 -0.5231234 -0.34236154 -0.7131234 -1.1129454 -0.65311414 6.727833 0.0
0.101697 0.0063438397 -0.53323275 -1.1299416 -0.018904744 0.13306361 -0.6523669 -0.018571606 4.0887065
-0.32635066 -0.6643817 -0.16932602 -0.7860521 -0.33900982 -0.62869877 -0.30320886 -0.43103623 4.5479636
0.5735895 -0.67606896 -0.2524812 -0.60236436 -0.19664806 -0.8408301 0.3960199 -0.8959376 4.0514135
-0.7562272 -1.0352275 -0.67923963 7.2114606 -1.07906 -0.93608236 -1.0883887 -0.81731236 0.0
-0.38236904 -0.5971614 -0.7401743 -0.6936007 -0.3515379 0.4055683 -0.8803052 -0.49851313 4.6383505
-0.4284872 -0.19437838 -0.8848413 -0.94208664 -0.41445237 -0.30352268 -0.7296471 -0.784788 5.116795
-0.09516409 -0.6811966 -0.6009809 -0.2711632 -0.72481227 -0.27167332 -0.6389471 -0.9255089 4.870338
-0.7844378 -1.362297 -1.0481576 6.6102047 -0.9399565 -0.24826871 -0.5489752 -0.37143385 0.0
-0.5388485 -0.9191621 -0.121882945 -0.7189547 0.18699422 -0.228385 -0.50865763 -0.47054902 4.150791
-0.86572856 -0.3505552 -1.0960584 -0.6994534 -0.25511685 -0.5190644 -0.37805453 -0.6077153 5.06362
-0.35374087 -0.40280622 -0.09878914 -0.2484431 -0.6604036 -0.5721992 0.049109027 -0.29368865 3.9162967
-0.9811668 -1.0612388 -0.3085737 -0.9392511 -1.0262234 -1.0628562 -0.7585344 6.7065964 0.0
-0.55316263 -0.4173771 -0.05685846 -0.41258398 -0.059701093 0.0298116 0.012350646 -0.6290659 3.471095
-0.29132473 -0.41975853 -0.5204942 -0.19328651 -0.5891128 -0.96837187 -0.30944508 -0.716074 4.378259
-0.48090523 -0.26562577 -0.5478333 -0.6225786 -0.5616784 -0.3018059 0.022426588 -0.29018155 4.02811
5.8083653 -1.2080181 -1.0018287 -0.42499456 -0.57081735 -0.6389681 -0.98311716 -0.20366065 0.0
