5.7043996 -0.96806824 -0.7331265 -1.0053781 -0.7969904 -0.88100344 -0.92730755 -0.6861845 0.0
-1.3340954 -1.0012623 -0.86234874 6.716158 -1.0196573 -1.2202281 -0.82887244 -1.2104472 0.0
-0.5057547 -0.33941752 -0.97104555 -0.71185267 -0.57453114 -0.59502614 -0.6138876 -0.9022961 5.302436
-0.8161596 -0.30904076 -0.68827283 -0.7697024 -0.6490496 -0.593584 -0.6407625 -0.8294002 5.1297765
-0.8757275 -0.79651684 -0.7380742 -0.45440087 -0.79807764 -0.64580995 -0.66593015 -0.66638994 5.4081826
-1.5090923 -1.1937793 -1.1545342 -0.019419821 -1.1818893 -0.89033455 -0.95679545 6.528346 0.0
-0.99833566 -0.24552178 -0.5649104 -0.9871974 -0.42347354 -0.6795736 -0.648054 -0.59986967 5.031565
-1.0071685 -0.80496985 -0.7159446 -0.72741073 -0.3376985 -0.6042325 -0.4678422 -0.54314345 5.0173845
0.12739794 -0.6759622 -0.6500736 -1.0042231 -0.5900471 -0.76310176 -0.45824754 -0.82039934 4.90405
-1.3466282 -1.149839 -1.2326803 6.5942593 -1.0594304 -0.9951189 -0.9140736 -0.9991993 0.0
-0.5005475 -0.69601965 -0.62399197 -0.51096135 -0.33659512 -0.4941106 -0.66977674 -0.66633815 4.5680184
-0.51482713 -1.0148764 -0.645753 -0.7555061 -0.5927546 -0.8094956 -0.6366939 0.008465329 4.821579
-0.72953403 -0.5276511 -0.86329544 -0.70541275 -0.3618832 -0.48835188 -0.5611264 -0.54738754 4.7188783
-0.96016717 -1.3748547 -1.3601323 6.3051934 -0.9948706 -0.88193744 -1.030293 -0.31543663 0.0
-0.6861095 -0.64086753 -0.3251706 -0.3697041 -0.62322885 -0.74986356 -0.5099585 -0.28802952 4.3402796
-0.8290459 -0.25021178 -0.658645 -0.4233569 -0.2859872 -0.5467507 -0.3376189 -1.0024412 4.5316806
-0.41408733 -0.9457825 -0.18277252 -0.7595106 -0.17889039 -0.64027214 -0.737533 -0.6531209 4.584917
-0.7859471 -0.8938663 -1.0524206 -0.61868393 -1.169286 -0.9808428 -0.8621606 6.0614634 0.0
-0.29455075 -0.6175742 -0.56025946 -0.39498693 -0.3910688 -0.74143755 -0.43745774 -0.55850995 4.1141024
-0.25359046 -0.62408996 -0.62099445 -0.8786112 -0.20886207 0.038490627 -0.6610305 -0.48560762 3.9694223
-0.7433888 -0.6024819 -0.35750112 -0.596969 -0.44036463 -0.44338918 -0.5722349 -0.62785304 4.3567896
5.43933 -0.83427954 -1.1128997 -1.1777602 -0.9144524 -0.75886446 -0.77000827 -0.76580286 0.0
