0.6054441 -0.7569375 -0.2505477 -0.7479124 3.4446962 -0.48415375 -0.8679197 -0.847845 0.0
-0.7271716 -0.881948 -0.71901315 -0.69424087 -0.48045984 -0.34367567 4.3986144 -0.26405644 0.0
-0.7632806 -0.3711004 -0.34277013 -0.38273394 -0.30122396 -0.1674734 -0.21906547 -0.31175143 3.029869
-0.28690964 -0.3130133 0.08782145 -0.46366602 -0.21790837 -0.44081843 -0.40787473 -0.6125567 2.788245
-0.39093015 -0.30428502 -0.44742426 -0.4756951 -0.18446185 0.1482916 -0.25436154 -0.46619704 2.5827985
-0.99704653 -0.77612936 -0.4222477 -0.7071067 3.0361195 -0.68462783 -0.15208898 0.1829488 0.0
-0.60873306 -0.44942415 -0.3410678 -0.33398664 -0.26937252 -0.56511086 -0.010701783 -0.48220035 2.776235
-0.23794037 -0.31081203 -0.39510763 -0.3502155 -0.28875932 -0.50599843 -0.3080667 -0.47648823 2.8926954
-0.46246082 -0.6050469 -0.64407563 -0.21818422 -0.44542205 -0.10061243 -0.440598 -0.26366878 3.1120884
-0.6407296 -1.2421784 -0.0696914 -0.42352775 -0.6606735 -0.9009695 2.755424 0.98812145 0.0
-0.37315246 -0.3327977 -0.24571304 -0.5585383 -0.44408366 -0.37417585 -0.4685944 -0.15481535 3.06997
-0.46830094 -0.56673306 -0.50410783 -0.34687507 -0.39975277 -0.33101523 -0.3901798 -0.39724427 3.2801046
-0.4434509 -0.35380858 -0.49978226 -0.22495212 -0.53267735 -0.44074264 -0.42943487 -0.5953822 3.3410747
0.030364431 -0.27233383 -0.009814162 0.48129588 -1.1245987 -0.51638037 0.8715557 1.0330855 0.0
-0.3902054 -0.6025101 -0.4586846 -0.3517567 -0.24835755 -0.5497358 -0.42637795 -0.43736354 3.325734
-0.38812727 -0.73447555 -0.5523749 -0.18769404 -0.46221468 -0.5278146 -0.11472302 -0.4125884 3.4675245
-0.3484565 -0.8062961 -0.5157611 -0.6541715 -0.49628785 -0.6604606 -0.2989473 -0.32007232 3.6074886
0.3498646 -1.0897436 -0.11499822 -0.23816495 0.6611206 -0.446344 0.10348912 1.078667 0.0
-0.52294666 -0.4284686 -0.38391727 -0.56565064 -0.279286 -0.56748927 -0.42347488 -0.53061515 3.4195824
-0.37509277 -0.64114714 -0.45032388 -0.5543464 -0.2791555 -0.44802994 -0.44542497 -0.2558229 3.3514183
-0.4051971 -0.45410362 -0.7364856 -0.5553462 -0.5028889 -0.4023235 -0.31081948 -0.39689907 3.472768
-0.26701024 0.98709977 -0.18050209 -1.1243143 1.7766386 -0.29556558 0.6967833 -0.6985196 0.0
