0.5966828 -0.7528841 -0.31700996 -0.7583841 3.499869 -0.51143926 -0.8873178 -0.866249 0.0
-0.74642265 -0.8071641 -0.7218478 -0.71728563 -0.5011955 -0.34200925 4.3966303 -0.25780475 0.0
-0.76817524 -0.347681 -0.38883305 -0.38743368 -0.3407133 -0.20636505 -0.20524606 -0.32959503 3.0807297
-0.3173822 -0.3112926 0.11425606 -0.523924 -0.1836084 -0.46253413 -0.40095806 -0.6261211 2.8104434
-0.44269997 -0.32601607 -0.41939157 -0.5265378 -0.1595844 0.12085603 -0.24705715 -0.51615626 2.6505537
-0.95399684 -0.7950139 -0.3825978 -0.69106746 3.008073 -0.67731553 -0.19002753 0.19484274 0.0
-0.5719666 -0.40898868 -0.293384 -0.33099315 -0.24631213 -0.5893147 -0.015349586 -0.4671324 2.716417
-0.21359392 -0.35614878 -0.42346078 -0.33134907 -0.29139856 -0.51147234 -0.3225136 -0.4920154 2.9169922
-0.46281764 -0.63261235 -0.60940105 -0.22342274 -0.45412368 -0.13958126 -0.39626232 -0.2631706 3.1067314
-0.6319203 -1.2697483 -0.03967691 -0.41456702 -0.62967575 -0.8225396 2.7219436 0.95874363 0.0
-0.37580127 -0.32547873 -0.27936664 -0.60175055 -0.43473598 -0.34167728 -0.47672525 -0.16251993 3.0945
-0.48892352 -0.58460927 -0.52058554 -0.3475998 -0.4153515 -0.32920837 -0.36192027 -0.3704781 3.2797728
-0.48180655 -0.35246807 -0.515442 -0.2897032 -0.5435796 -0.46517465 -0.4389389 -0.5995803 3.4059503
0.01922726 -0.2917398 -0.00010116271 0.47644454 -1.1140767 -0.57800126 0.92896557 1.0335803 0.0
-0.40185827 -0.63665223 -0.44873184 -0.34795895 -0.28414914 -0.513667 -0.4050779 -0.44914344 3.3327353
-0.43029243 -0.69238484 -0.54875124 -0.20730595 -0.47611764 -0.5379653 -0.087447666 -0.42438176 3.4764667
-0.3671735 -0.7024003 -0.61869717 -0.67138433 -0.49922043 -0.66594124 -0.27737874 -0.35959092 3.6047955
0.35791674 -1.0702672 -0.09486308 -0.23960948 0.60965645 -0.40222535 0.12638204 1.0524333 0.0
-0.53469443 -0.34817716 -0.40686768 -0.564704 -0.23438388 -0.5759623 -0.4462224 -0.52412313 3.3881466
-0.36456344 -0.51350075 -0.49083978 -0.58778715 -0.27762493 -0.44651344 -0.48579472 -0.29800972 3.3371317
-0.4585039 -0.46022245 -0.7462552 -0.6204642 -0.4999274 -0.41429678 -0.37188074 -0.35419688 3.5346553
-0.28748867 1.0301965 -0.15703799 -1.1019262 1.7530459 -0.28142938 0.66774523 -0.71158206 0.0
