1.5628068 -0.27047965 -0.67849296 -0.79446 2.5357234 -0.20841804 -0.7690198 -0.94265366 0.0
-0.8257221 -1.3309608 0.139207 -0.23619884 -0.83060664 0.70409286 3.0818727 0.6345529 0.0
-0.5110177 -0.431212 -0.2564054 -0.3849893 -0.11245331 -0.5615042 -0.41302752 -0.38252407 3.1733224
-0.15911621 -0.37313494 -0.47772342 -0.6203578 -0.023824062 -0.33414257 -0.3498544 -0.4245323 2.8386905
-0.5012446 -0.2025964 -0.24376044 -0.57992995 -0.2622649 -0.5986692 -0.07874522 -0.56678313 2.6670814
-0.6713194 -1.0153152 0.27097306 0.21850954 1.1215094 0.040903598 0.2256841 0.6648862 0.0
-0.6006495 -0.71195745 -0.43069634 -0.26713428 -0.22614965 -0.62147826 -0.3653693 -0.28368926 2.5774496
-0.27680942 -0.52180344 -0.44401997 -0.26811376 -0.38892654 -0.3923163 -0.295732 -0.4131863 2.760793
-0.4343796 -0.5265755 -0.42713323 -0.24793904 -0.15963998 -0.37664878 -0.36514068 -0.37395114 3.18761
-0.6228159 -0.86240804 0.28218108 0.13883926 -0.3026702 -0.5608249 1.3495808 1.276465 0.0
-0.48649427 -0.38793027 -0.45563877 -0.41689968 -0.26244518 -0.33374423 -0.36307678 -0.42463633 3.0331235
-0.30053648 -0.45871988 -0.36540985 -0.50202465 -0.32257932 -0.39838678 -0.5711316 -0.4548896 3.2102387
-0.39004254 -0.45999637 -0.57122064 -0.5158031 -0.38580087 -0.42615187 -0.497267 -0.4223172 3.186272
0.5561915 -0.18444446 0.21700405 0.45401675 -0.78838134 -0.54308486 0.27276087 0.97025156 0.0
-0.29621452 -0.43734878 -0.37429526 -0.51865375 -0.25278717 -0.2825883 -0.37232536 -0.46884745 3.1821084
-0.43155396 -0.37934133 -0.5329319 -0.39721143 -0.46873334 -0.44538015 -0.37661958 -0.39903742 3.3481402
-0.42957672 -0.5117954 -0.35791 -0.48140472 -0.24451126 -0.32346836 -0.41233826 -0.38890395 3.2565947
0.7684824 -0.70570654 -0.048380736 -0.07402604 0.69834495 0.009998605 0.18569043 0.17327815 0.0
-0.07944448 -0.35355583 -0.60108185 -0.65142816 -0.22896928 -0.19954509 -0.4306114 -0.54614246 2.8449097
-0.38116372 -0.38620782 -0.49199945 -0.47823146 -0.056798093 -0.28640705 -0.36049414 -0.5355345 2.9650779
-0.30291665 -0.3867575 -0.36381784 -0.6585339 -0.3353221 -0.009578384 -0.30339947 -0.6015942 2.8748298
0.24411486 0.84073484 -0.049280338 -0.8288338 0.68768734 1.0359263 -0.01075611 -0.9427871 0.0
