-0.0124458 -1.0647491 -0.27322134 -0.36102563 4.5008097 -0.26672378 -0.6771348 -0.43905023 0.0
-0.4562045 -0.6786561 -0.66817576 -0.76572937 -0.84207386 -0.5394528 5.1208825 -0.4405729 0.0
-0.2883338 -0.5978519 -0.34601283 -0.6345538 0.832744 0.09542602 -0.36084792 -0.42293155 3.198149
-0.112688705 -0.5070238 0.33891532 -0.4984175 -0.2680552 -0.053292625 -0.5266753 -0.21478803 2.884115
-0.4349926 -0.77369314 -0.25010914 -0.13257179 -0.15744963 -0.7820945 -0.28105712 -0.14101653 3.1455047
-0.7395219 -0.28751037 -0.920215 -1.2228686 4.6645555 -1.0690076 -1.0340313 -0.29021323 0.0
-0.18991366 -0.39439154 -0.26239225 -0.9708562 -0.07270445 0.08695612 -0.14511664 -0.20796129 3.1385741
-0.28129086 -0.24034025 -0.3427611 -0.21327055 -0.053899903 -0.259902 0.00095040485 -0.37646997 2.692934
-0.34687802 0.44631225 -0.66300416 -0.70782006 -0.3905894 -0.42012903 -0.04870784 -0.067033745 2.9561346
-0.5459238 -1.4146963 -0.67177135 -0.8552361 -1.1520089 -0.6208428 4.4159884 0.9394819 0.0
-0.4287434 -0.26396757 -0.94356555 -0.21261653 -0.29673755 0.3718435 -0.5108153 0.19194917 2.874573
-0.115275145 -0.36814728 0.04911609 -0.34956622 -0.34434465 0.1396421 -0.19725735 -0.2980695 2.6532402
-0.024178715 -0.40328133 -0.585757 -0.17133132 -0.05764408 -0.09436265 -0.45774078 -0.2092634 3.3152752
-0.5478553 -0.4122499 0.00357289 -0.3147814 -0.37981662 -1.220754 -0.5494027 2.8383126 0.0
-0.10339374 0.291387 -0.5202313 -0.035605676 -0.03673833 -0.6256889 -0.82957023 -0.30807668 3.3397663
-0.14573924 -0.34628603 -0.43191034 -0.42721692 -0.35328373 -0.1470961 -0.2749848 -0.5240836 3.5540533
-0.059913237 0.01707183 -0.0037850286 -0.8851572 -0.50971866 -0.38646582 0.051260218 -0.24425353 3.1166694
1.590468 -0.9865143 -0.6453661 1.8435495 -0.5817902 -0.8195569 -0.98872614 0.9645604 0.0
-0.19822387 0.20688866 -0.41518378 -0.15020953 0.057992265 -0.79746723 -0.19370636 -0.3296476 3.1169622
0.27314302 -0.39161 -0.12390524 -0.35571533 -0.32108504 -0.12776318 -0.14490134 -0.49658433 3.022239
-0.0067426646 -0.21941674 -0.6931942 -0.39810118 -0.18120159 -0.8442629 0.064159736 -0.33961427 3.9737432
-0.28186387 1.1241584 -0.8299606 -1.3401184 2.2201488 0.1771412 0.8340329 -1.4944764 0.0
