0.28413576 -1.3095644 -0.40326348 -0.23878862 4.3332825 -0.42312488 -0.79915047 -0.45274687 0.0
-0.83427775 -1.0376995 -0.83159024 -0.8698804 -0.89199334 -0.5807338 5.322177 -0.48765415 0.0
-0.5954274 -0.44610184 -0.7466004 -0.81579137 0.4598283 0.049201764 -0.56324714 -0.23035395 3.2606668
-0.28118333 -0.69084805 -0.1528963 -0.24187034 -0.12002229 -0.1697694 -0.71063185 -0.35694018 3.1704817
-0.40160564 -0.70403683 -0.29603714 -0.15446824 -0.19710782 -0.4370927 -0.47470194 -0.19815202 2.951782
-1.2069373 -0.3263145 -1.1808181 -1.1511191 4.6798615 -1.1399083 -1.1546426 -0.33303759 0.0
-0.3826739 -0.56551623 -0.1477531 -0.45610756 -0.4497716 -0.12476512 -0.21001127 -0.367435 3.018528
-0.3899746 -0.54709953 -0.34394976 0.22498372 -0.37111425 0.06863517 -0.32443827 -0.9625885 2.7242997
-0.47470292 0.28723723 -0.9330631 -0.77988476 -0.7364782 -0.55298 -0.07816511 0.06072931 3.3061461
-0.7787983 -1.4218357 -0.84913766 -1.0216609 -1.5338427 -1.3659636 4.4642644 1.0787795 0.0
-0.38626257 -0.7655581 -0.78781843 -0.5524218 -0.4116957 0.21285574 -0.59259665 0.36971146 2.8680112
0.21915536 -0.7553835 -0.20815673 -0.4319892 -0.65312856 0.21428396 0.037453804 -0.5495262 2.6287029
0.087969035 -0.010519041 -0.19205731 -0.67972744 -0.09571032 0.09056143 -0.78890103 -0.46234107 2.9255176
-0.5909234 -0.3681754 -0.12772682 -0.5436542 -0.42773697 -1.1214893 -0.18282937 2.6143203 0.0
0.058130134 -0.015466189 -0.55457646 -0.34491202 0.033592824 0.076478414 -0.7891715 -0.7029277 2.8292398
-0.21381825 -0.13533069 -0.7128263 -0.6079202 -0.597899 -0.22139522 -0.53865737 -0.3036002 3.6712966
-0.10516638 -0.39119023 -0.008698494 -1.0237244 -0.6337174 -0.2599497 -0.09250896 -0.37822568 3.4242923
1.8871874 -1.1977222 -0.3566975 0.9512448 -0.27681527 -0.94964343 -1.0991359 1.1810766 0.0
-0.07619397 0.41154015 -0.8434305 -0.2323876 -0.2749898 -0.3954114 -0.5820689 -0.83423984 3.229986
0.08302969 -0.43832085 -0.20358649 -0.8006225 -0.43445447 -0.32329655 -0.45774657 -0.08670157 3.224375
-0.21382877 -0.65448856 -0.44091374 -0.22938478 -0.2615813 -0.5011093 -0.35952806 -0.45603153 3.6483788
-0.33942902 1.1085624 -0.5665145 -1.4890673 2.389651 0.075318165 0.02459451 -1.2634056 0.0
