-0.103732206 -1.0507759 -0.2612773 -0.74691826 3.979197 -0.91413695 -0.6806871 -0.13907073 0.0
-1.1461906 -1.0574795 -1.0663258 -0.6444237 -0.44486704 -0.34970576 4.884631 -0.115265355 0.0
-0.59609896 -0.40201426 -0.51028985 -1.1236775 -0.20336846 0.2546673 -0.38130143 -0.7690839 3.5036972
-0.3348015 -0.3711209 -0.25358143 -0.6825726 -0.37684453 -0.39460388 -0.76112545 -0.63970053 3.4649887
-0.7207875 -0.6945315 -0.6180528 -0.18249567 -0.62416345 -0.7170429 -0.33543727 -0.7238259 3.5716043
-1.2537047 -0.73339915 -0.733586 -1.2702368 4.2497997 -0.79884666 -0.39847156 -0.56266797 0.0
-0.45026726 0.013094974 -0.24924688 -0.35398552 -0.4725042 0.08190924 -0.6657522 -0.41478422 2.6753201
-0.18908496 -0.07510983 -0.54746747 -0.09893497 -0.39031273 -0.4450358 -0.3783465 -0.8085251 2.8079262
0.1332425 -0.10115524 -0.97511417 -0.24807964 -0.2085135 -0.7746261 0.04483664 -0.5440417 2.8595095
-0.75507534 -1.602126 -0.50932276 -0.81606734 -1.3483347 -1.5947654 3.6364055 1.3945594 0.0
-0.30972847 -0.7142002 -0.63391954 -0.38472298 -0.76023954 0.16117029 -0.46834624 0.25836882 2.9125402
0.11898322 0.058711216 -0.08860091 -0.8136532 -0.33013648 -0.52095014 -0.26372877 -0.68090147 2.850898
-0.43657035 0.07342455 -0.16541456 -0.749034 0.08870664 -0.33409527 -0.29779541 -0.452573 2.8328142
-0.29210728 -0.3407517 -0.24505925 0.09050829 -1.003856 -1.47027 0.1945132 2.6614943 0.0
-0.21794264 -0.30427393 -0.5211386 -0.3530108 -0.24190283 -0.07406354 -0.5105625 -0.3144351 2.9747632
-0.31872487 -0.31855482 -0.57050323 -0.9441743 -0.15509823 -0.63267434 -0.08226426 -0.47179997 3.5242057
-0.22969913 -0.64998096 -0.3965531 -0.48712432 -0.4548915 -0.2521113 -0.35101834 -0.8449385 3.6172576
0.7758936 -0.7947187 -0.85047424 -0.076854564 0.8188161 -1.0116253 -0.23391943 1.4530672 0.0
-0.5146974 -0.0064991703 -0.24138336 -0.49493894 0.16397524 -0.12410459 -0.3062542 -0.47633943 2.669196
-0.0013355991 -0.44996285 -0.83498234 -0.72986174 -0.25074774 -0.08140507 -0.44946554 -0.5342438 3.523016
-0.67353475 -0.8734044 -0.32915184 -0.43445683 -0.3866657 -0.7087053 -0.1076881 -0.4671676 3.688904
-0.53904617 1.3525567 0.12093213 -1.8391467 1.9703013 -0.12035385 0.30590335 -1.2643278 0.0
