-0.124102555 -0.8036199 -0.42775753 -0.78707826 4.1144586 -0.97019327 -0.9066579 -0.3644705 0.0
-1.1838149 -1.1155545 -1.0252973 -0.80413896 -0.53130203 -0.3375121 4.9753118 -0.08953131 0.0
-0.43963355 -0.43974808 -0.46031582 -0.82679504 -0.13374278 0.16819005 -0.58364695 -0.62158847 3.3198366
-0.13437448 -0.38787076 -0.3750369 -0.6198591 -0.32957852 -0.5264579 -0.59653354 -0.6696581 3.3595684
-0.7863895 -0.5601284 -0.5065235 -0.6188414 -0.3768192 -0.70588917 -0.17868854 -0.63683856 3.4224417
-0.9738483 -0.6743576 -0.6916612 -1.0369866 3.909526 -0.6062972 -0.504215 -0.45067573 0.0
-0.42443073 0.00042222248 -0.38623223 -0.4359199 -0.4922496 0.21132067 -0.35525408 -0.5697754 2.6504014
-0.22112292 0.106579036 -0.6536937 -0.19412117 -0.21422619 -0.34967387 -0.31879154 -0.7840687 2.6511598
0.05355061 -0.036421407 -0.96419936 -0.3584003 -0.45610854 -0.7340873 0.08837185 -0.54121715 2.9193468
-0.43116063 -1.6788386 -0.54360265 -0.78689754 -1.430526 -1.6050636 3.3262498 1.6587379 0.0
-0.3367499 -0.71723163 -0.6270637 -0.32157275 -0.80215675 0.09175534 -0.33834326 0.4966721 2.7327642
0.019180857 0.015671398 -0.22467394 -0.8972067 -0.15138681 -0.4380376 -0.15501742 -0.63780165 2.8400722
-0.6189878 0.010282412 -0.24327946 -0.6828924 0.18309107 -0.36073476 -0.50673336 -0.11974942 2.870233
-0.13991812 -0.42228663 -0.17317456 0.14628181 -1.3396817 -1.3707408 0.17015715 2.665706 0.0
-0.24503876 -0.2293661 -0.45563665 -0.35308096 -0.22983971 -0.22201575 -0.42120484 -0.4252025 2.9596825
-0.45617434 -0.16673884 -0.6519388 -0.9231484 -0.1652793 -0.5590721 -0.35787377 -0.4799136 3.6297874
-0.16659291 -0.70694643 -0.43402416 -0.5529452 -0.5284047 -0.28701806 -0.48588133 -0.6418817 3.5970378
0.6551507 -0.7376331 -0.86259425 -0.34047556 0.76051444 -1.1090477 -0.06651056 1.601077 0.0
-0.644999 -0.06981953 -0.44847798 -0.69238216 0.17555146 -0.09784843 -0.35030606 -0.32802987 2.90003
-0.21713951 -0.3250033 -0.8824173 -0.46273223 -0.22032604 -0.2710929 -0.4256036 -0.67133117 3.4441695
-0.7080921 -0.6276503 -0.42542613 -0.4402168 -0.34337798 -0.55163616 -0.0906965 -0.54710406 3.5303721
-0.53555304 0.98311317 0.05914558 -1.514525 2.2382686 -0.15774909 0.14992833 -1.4446499 0.0
