-0.012582961 -1.1444837 -0.31299394 -0.38887015 4.5425363 -0.31334716 -0.7174425 -0.44766924 0.0
-0.5632243 -0.7870759 -0.72118896 -0.8005718 -0.85944366 -0.55351263 5.190411 -0.4564602 0.0
-0.3039199 -0.63882285 -0.4612897 -0.6926916 0.86326903 0.10728225 -0.39516756 -0.43139368 3.2478297
-0.14333373 -0.5646509 0.3591469 -0.5088234 -0.29880795 -0.0800467 -0.5847289 -0.21629007 2.9034503
-0.5060483 -0.791948 -0.26477048 -0.1405197 -0.17125094 -0.8405502 -0.33963013 -0.15964217 3.2047179
-0.8774046 -0.30049598 -1.0038728 -1.2346574 4.703931 -1.0956926 -1.0799843 -0.30455992 0.0
-0.24304833 -0.41760832 -0.28891584 -0.9823733 -0.100333415 0.08833645 -0.16503482 -0.24792266 3.1656923
-0.31478915 -0.34329987 -0.41661108 -0.2266848 -0.06840207 -0.2818699 -0.32926846 -0.51997286 3.0777054
-0.4003857 0.45917952 -0.7464734 -0.7343269 -0.49228805 -0.46441087 -0.059657343 -0.075765945 3.020645
-0.61817664 -1.4221895 -0.7290294 -0.91157055 -1.2020115 -0.81750494 4.4380975 0.95608366 0.0
-0.4777189 -0.38261187 -0.99938405 -0.30098465 -0.31932396 0.396711 -0.547082 0.22125721 3.0023096
-0.13315223 -0.47301665 0.057110947 -0.43079492 -0.4221615 0.14510353 -0.20893224 -0.40529385 2.7343068
-0.031307362 -0.10443962 -0.61968964 -0.27705345 -0.075578734 0.072908945 -0.523403 -0.2769246 3.0116513
-0.5665844 -0.43066585 0.003610927 -0.006972352 -0.39808384 -1.227932 -0.55864704 2.536573 0.0
0.07904319 -0.0010613148 -0.6087818 -0.04033662 -0.041593987 -0.642273 -0.9051515 -0.4108008 3.4133792
-0.17541416 -0.37055483 -0.53250694 -0.48323408 -0.42454836 -0.1694566 -0.3486257 -0.60427815 3.7493026
-0.07425425 0.017472459 -0.0050714514 -0.93123585 -0.54990643 -0.39966902 0.07388777 -0.2853278 3.1704571
1.8973327 -1.0556053 -0.6501729 1.5831189 -0.5856864 -0.8308528 -1.0188272 0.9280496 0.0
-0.26057747 0.22289425 -0.53200847 -0.22276679 0.075282104 -0.8133858 -0.2098494 -0.4605377 3.1784587
0.2868103 -0.47871545 -0.15624662 -0.44618323 -0.3276168 -0.17651512 -0.18248574 -0.5225299 3.1192422
-0.016004032 -0.33000213 -0.71555614 -0.10982859 -0.26260787 -0.92868173 0.07924583 -0.3804053 3.7768788
-0.3007771 0.84000874 -0.8391173 -1.3903953 2.3274727 0.18016201 0.8343466 -1.4971699 0.0
