0.37509575 -1.4031934 -0.3476965 -0.24722347 4.1066127 -0.43068406 -0.8969632 -0.374878 0.0
-1.0147482 -1.1602889 -0.8435173 -0.661006 -0.6454808 -0.5559158 5.1271825 -0.6239414 0.0
-0.7131548 -0.35341513 -0.7281648 -0.99123406 -0.25756896 0.22527246 0.04355873 -0.742191 3.384808
-0.16129003 -0.4739772 -0.42740116 -0.4559031 0.016732436 -0.21981499 -0.66131234 -0.63481295 3.1944942
-0.43413988 -0.5321396 -0.8444544 0.27489382 -0.4652293 -0.6680421 -0.3777791 -0.75312823 3.4029145
-1.4332129 -0.4022976 -0.8595432 -1.1561453 4.3062406 -1.1395438 -0.72936964 -0.28874233 0.0
-0.31567317 -0.2403893 -0.114428885 -0.28646922 -0.72427213 0.5557336 -0.5040911 -0.37157086 2.3766997
-0.39575303 -0.56188524 -0.31217802 -0.1582485 -0.25453845 -0.10829021 -0.47703755 -1.0069538 3.0087724
-0.06305604 0.00660967 -0.6242687 -0.19264138 -0.66921234 -0.38038614 -0.30311653 -0.5503686 2.7389543
-0.82231694 -1.3398767 -0.60973537 -1.0992638 -1.3724868 -1.8127999 3.8081896 1.4044218 0.0
-0.0015872986 -0.648135 -1.1312459 -0.6648544 -0.6675399 0.47707027 -0.6007094 0.25206256 3.0142484
0.047154944 -0.6525314 -0.13148044 -0.58073956 -0.106338106 -0.4272656 -0.4728243 -0.8054878 3.1594458
0.09675513 -0.05131623 0.12128899 -1.1196237 0.008945305 -0.16915183 -0.25274011 -0.76918894 2.7365296
-0.5018589 0.011670461 -0.0028661052 -0.48799822 -0.79930735 -1.2146167 -0.031446844 2.6505392 0.0
-0.24724826 -0.36525077 -0.51765037 -0.24842207 -0.23161829 -0.09489041 -0.56655973 -0.40727466 3.0316184
-0.53410274 -0.12957823 -0.58798957 -0.58390754 -0.29506463 -0.6516104 -0.31782132 -0.4333644 3.6174927
-0.06778167 -0.69097066 -0.34260842 -0.4623411 -0.4708326 -0.08654234 -0.5120728 -0.4050942 3.217361
0.7181738 -0.98635685 -0.7299014 0.16840366 0.5115782 -1.1747423 -0.36209008 1.8865665 0.0
-0.51106805 0.3699514 -0.59005404 -0.64838976 -0.43106496 -0.29549715 -0.79698825 -0.6976059 3.3801122
0.020992767 -0.41392368 -0.30968586 -0.95823526 -0.32014415 0.08649808 -0.3027491 -0.0004527751 3.1736543
-0.4291433 -0.73212856 -0.40046656 -0.26397446 -0.2089032 -0.74110323 -0.5085888 -0.25526145 3.5843112
-0.2792467 0.77833664 0.104922004 -1.5554862 2.2083876 0.08893496 0.06118359 -1.2468799 0.0
