0.28012627 -1.2754033 -0.38371742 -0.434702 4.361046 -0.39892337 -0.7824155 -0.46073958 0.0
-0.77241474 -0.98293364 -0.80867666 -0.85582614 -0.88617396 -0.575289 5.2965016 -0.48137063 0.0
-0.70767236 -0.7038983 -0.6785499 -0.79000664 0.4424618 0.11951726 -0.45305222 -0.11338485 3.3110535
-0.20412712 -0.6641692 -0.10115818 -0.23416181 -0.11180622 -0.14715905 -0.68398273 -0.28961906 3.0700908
-0.6348163 -0.54393864 -0.28699976 -0.15351716 -0.19530901 -0.6854051 -0.44327435 -0.1893626 2.985809
-1.1337868 -0.32108045 -1.1438042 -1.2525557 4.7579775 -1.1296614 -1.1363841 -0.3274178 0.0
-0.34967312 -0.5328729 -0.14143719 -0.46236005 -0.3919398 -0.119538225 -0.20027368 -0.31825253 2.9437933
-0.27068153 -0.58547795 -0.5504945 0.07322484 -0.3370854 -0.14677685 -0.34474143 -0.84666044 2.973365
-0.5445872 0.2832634 -0.8934489 -0.770083 -0.67122114 -0.53970355 -0.075179644 -0.02140378 3.3102617
-0.7441812 -1.4335039 -0.8241696 -1.0030898 -1.5015284 -1.235078 4.4947658 0.98619455 0.0
-0.5551793 -0.66853386 -1.0884545 -0.48645073 -0.2346581 0.41043392 -0.5453571 0.3096381 3.0601456
0.11432875 -0.68862605 -0.19347732 -0.41315928 -0.6059938 0.22071402 0.075922705 -0.48775905 2.5923696
0.113278225 -0.1334146 -0.17882833 -0.5686209 -0.113395624 0.08367487 -0.6268484 -0.42131096 2.8492968
-0.5839874 -0.36197326 0.0052950843 -0.01711299 -0.42710498 -1.0941893 -0.5537408 2.4914148 0.0
0.38641202 -0.0021669846 -0.5047845 -0.31848028 -0.050183356 -0.37989488 -1.0314332 -0.6327573 3.103318
-0.23154652 -0.112997055 -0.6589545 -0.58127284 -0.5591548 -0.21025361 -0.49745706 -0.74804556 3.816691
-0.10240302 -0.31806305 -0.00785875 -1.0048834 -0.6161902 -0.19277717 0.12364263 -0.35732955 3.329738
1.7907796 -1.1684036 -0.37509108 1.0766232 -0.3478384 -0.8480862 -1.0632722 1.150325 0.0
-0.061593205 0.2520055 -0.7692581 -0.19238032 -0.22932872 -0.35596806 -0.24026817 -0.7599648 3.018603
0.30557826 -0.64683616 -0.13140795 -0.6373606 -0.12033387 -0.28731328 -0.37293437 -0.37356663 2.9705005
-0.15445173 -0.607949 -0.476664 -0.19856416 -0.4576497 -0.793814 0.07727754 -0.4374809 3.5892742
-0.33163568 1.0587803 -0.55622774 -1.4693693 2.3164709 0.23751241 -0.042639095 -1.2064717 0.0
