0.28437775 -1.3116394 -0.40445676 -0.19092216 4.3234153 -0.4246202 -0.8001642 -0.45151135 0.0
-0.8381367 -1.0410752 -0.8329834 -0.87072957 -0.8910918 -0.58106154 5.322893 -0.48803315 0.0
-0.5986175 -0.44794548 -0.7513305 -0.8172258 0.46255773 0.026369706 -0.5512753 -0.23476776 3.268617
-0.28283212 -0.6924804 -0.22302158 -0.24244876 -0.12058095 -0.17124726 -0.71222585 -0.36140534 3.1985452
-0.4048923 -0.70627356 -0.30016667 -0.15084393 -0.19149975 -0.44136286 -0.47668833 -0.19869097 2.95161
-1.2114682 -0.32663074 -1.1830784 -0.9854389 4.5352645 -1.1405251 -1.1557446 -0.33305413 0.0
-0.38476005 -0.56753325 -0.14813912 -0.4575357 -0.45340094 -0.1251694 -0.21059753 -0.37389603 3.0254023
-0.3912189 -0.55171597 -0.34646913 0.22568971 -0.37323406 0.039999057 -0.32630065 -0.9694217 2.7392852
-0.4428578 0.2780438 -0.93549097 -0.77952087 -0.7405823 -0.5434653 -0.07411513 0.030167768 3.3068855
-0.78092206 -1.3993535 -0.85054654 -1.0230966 -1.5358014 -1.3742312 4.443196 1.0792208 0.0
-0.38743368 -0.7718009 -0.74031025 -0.55664545 -0.41575238 0.23578182 -0.6261689 0.3241543 2.8723798
0.21985817 -0.75964624 -0.20911138 -0.37751216 -0.65606457 0.21341836 -0.02990193 -0.55357814 2.6418955
0.029532218 -0.026324483 -0.19287993 -0.69011325 -0.09722618 0.0904645 -0.79058105 -0.46535584 2.9506812
-0.5913526 -0.36838743 -0.2975715 -0.5447218 -0.42821872 -1.1231524 -0.11538738 2.7438962 0.0
0.007414928 -0.015558246 -0.5536411 -0.34661955 0.033698797 0.14874299 -0.7935385 -0.707391 2.8358154
-0.21452779 -0.13638923 -0.7161892 -0.6094566 -0.60014236 -0.22215462 -0.5400493 -0.30877304 3.6790254
-0.106106564 -0.39609998 -0.009603982 -1.0248641 -0.63503766 -0.26278538 -0.1662617 -0.37951648 3.4337847
1.9066323 -1.1995131 -0.36899552 0.9130724 -0.17163478 -1.0782654 -1.0892973 1.1894954 0.0
-0.077192895 0.41323957 -0.8480214 -0.23513354 -0.27792108 -0.3979078 -0.58633417 -0.8403841 3.2380486
0.07663099 -0.4379821 -0.20470518 -0.80455315 -0.43930066 -0.32560202 -0.46339735 -0.087320186 3.2350628
-0.2180341 -0.581837 -0.401421 -0.23137552 -0.26569727 -0.50949144 -0.36294064 -0.45716733 3.6276526
-0.3399042 1.1660063 -0.564984 -1.4898821 2.394955 -0.0055056615 0.0073996005 -1.2668836 0.0
