-0.012390889 -1.0341723 -0.25863847 -0.35036257 4.484085 -0.24993189 -0.6615194 -0.43562013 0.0
-0.41900152 -0.6392536 -0.6479042 -0.75210446 -0.83516586 -0.53388184 5.0930977 -0.4343205 0.0
-0.28227362 -0.5820734 -0.30808368 -0.6124991 0.8207345 0.09102062 -0.3478576 -0.41956437 3.1783228
-0.1022587 -0.48546898 0.3295636 -0.49427927 -0.25656065 -0.045215663 -0.5049136 -0.21418497 2.8765042
-0.40922356 -0.7664482 -0.24442574 -0.12949352 -0.15220045 -0.7596747 -0.2603801 -0.13412973 3.121927
-0.6902185 -0.28243113 -0.8884666 -1.5277495 4.962633 -1.0584264 -1.0160489 -0.28461766 0.0
-0.17190507 -0.3695618 -0.25239116 -0.9662478 -0.06374068 0.08640535 -0.13774891 -0.19371796 3.1267033
-0.2688037 -0.20810668 -0.31679964 -0.2080854 -0.048956025 -0.25152972 0.00094698824 -0.3304446 2.681913
-0.32736424 0.4412235 -0.6320248 -0.6973983 -0.352823 -0.40347826 -0.04487932 -0.063819975 2.9301646
-0.5192149 -1.4116845 -0.6499605 -0.8335041 -1.1324283 -0.5555772 4.4071 0.93286556 0.0
-0.41043088 -0.2272166 -0.9219364 -0.18477008 -0.28808236 0.36225623 -0.4968712 0.18125008 2.8245962
-0.108758606 -0.33271635 0.046215437 -0.32129094 -0.3171564 0.1374972 -0.19273208 -0.2632864 2.6212196
-0.021783242 -0.40064678 -0.5725973 -0.1410898 -0.051671244 -0.09150156 -0.4336347 -0.18688037 3.2949858
-0.5404752 -0.40504426 0.003557658 -0.31451967 -0.37268558 -1.2011044 -0.5457149 2.836 0.0
-0.102039956 0.28508285 -0.4882523 -0.033857264 -0.03494308 -0.61911976 -0.80089 -0.27428192 3.3105235
-0.13523374 -0.3369493 -0.39690542 -0.40649307 -0.3280275 -0.13898087 -0.24986407 -0.49481654 3.4782412
-0.05494094 0.016912809 -0.0033632251 -0.86721754 -0.49434608 -0.3812581 0.044221878 -0.22940034 3.0952263
1.5888371 -0.95993423 -0.64343745 1.8417752 -0.58022565 -0.8150431 -0.9768346 0.9610389 0.0
-0.1774978 0.20076026 -0.37563813 -0.12810247 0.052192893 -0.7911117 -0.18754934 -0.28801072 3.0924692
0.26781452 -0.3611139 -0.11282979 -0.32816315 -0.31601706 -0.11212678 -0.12585726 -0.48648396 2.9818895
-0.0047521996 -0.18606715 -0.68437105 -0.3957363 -0.15598075 -0.81241214 0.058916304 -0.32441854 3.9526904
-0.27457333 1.1237462 -0.82629484 -1.3203523 2.219842 0.17593686 0.83390635 -1.4933912 0.0
