1.6164523 0.79932785 -0.04346616 -0.2683377 1.09177 0.16080219 0.6300477 -0.22701527 0.0
0.030638305 -0.1440433 1.182289 0.6454174 0.27852848 0.94648594 1.4319373 0.6915937 0.0
0.6840927 -0.04596905 0.9443565 0.627332 0.3419561 0.24113283 0.11406943 -0.075381935 0.41123223
0.29833058 0.4193631 0.12802225 -0.049118955 1.0956718 0.87148976 -0.22996491 0.2876117 0.22633916
0.84875125 1.0024011 -0.02258557 0.31537557 0.6449632 0.14230752 0.8866249 -0.0025669837 0.14425613
0.12831025 0.025936205 0.852241 0.32630503 0.40901774 0.855455 0.465835 0.32722256 0.0
0.23856695 0.6157918 0.62075096 0.32293707 0.50806504 0.14691274 0.15310478 0.021614278 -0.0071426462
0.19116382 0.48829642 0.23206851 0.23990357 0.07540042 0.12881497 0.4006046 0.08299081 0.13045277
0.3221117 1.0259925 0.11978389 0.06530765 -0.092212506 -0.13019745 -0.0057544922 0.5647801 0.29080462
0.5868183 -0.117533654 0.6875094 0.1266856 0.48466098 0.62404007 0.6661171 0.2997207 0.0
-0.10986367 0.7371938 0.6114728 -0.027450044 0.5765248 0.6480526 0.053666152 0.019929104 0.1739108
0.4263753 -0.12605654 0.15511477 0.35058627 0.5365239 -0.023699477 0.30156952 0.5567022 0.3734298
0.44950745 0.4309569 0.044195905 -0.10493057 0.076837644 0.14122981 0.26583868 0.34438083 0.3159139
0.97687024 0.7731285 0.19752471 0.42148975 -0.2197383 0.17070667 0.26871675 0.27417263 0.0
0.8932722 0.062052824 -0.048503064 -0.121280886 0.7302568 0.046530295 0.16013046 0.03025976 0.3482665
0.4418472 0.82307965 0.25082237 -0.20060582 0.6745901 0.2902553 0.0004185791 -0.20032261 0.40774527
0.73954767 0.0018293522 -0.019949641 -0.081470184 0.23756552 0.40855876 0.15229502 0.0982902 0.58040196
0.46977836 0.37805697 0.08252253 0.11211097 0.7636786 0.587655 0.35347518 0.5446607 0.0
0.5393297 0.7083887 -0.069972634 -0.17513864 -0.015956659 0.49359435 0.21480772 -0.08849802 1.4698033
0.24500233 0.76376283 -0.09617014 -0.13740179 0.022767447 0.7626095 0.21653569 -0.14801832 1.0556064
0.060097013 0.57863265 -0.06839804 -0.12536447 0.24911703 0.2892453 0.1409876 -0.08518917 1.2204459
0.32094482 0.6982221 0.26773113 -0.10667091 0.7306818 0.7903621 0.57398397 0.15300635 0.0
