-0.012521177 -1.1079632 -0.2944649 -0.37610993 4.5237484 -0.29148135 -0.6990526 -0.4437779 0.0
-0.5123744 -0.73639846 -0.696881 -0.7847326 -0.85159904 -0.54715365 5.159069 -0.44925573 0.0
-0.29681894 -0.62008744 -0.40542135 -0.6659527 0.8494263 0.10178633 -0.3793698 -0.4275726 3.2254226
-0.12866075 -0.53800476 0.35211334 -0.50412416 -0.28458327 -0.06668706 -0.5579075 -0.2156142 2.89454
-0.47280955 -0.7836975 -0.25808302 -0.1368932 -0.1649097 -0.81377745 -0.31195584 -0.15099227 3.1779888
-0.81256557 -0.29459333 -0.9654028 -1.229349 4.686206 -1.083627 -1.0590999 -0.29803142 0.0
-0.21757495 -0.3882026 -0.27668887 -0.9771844 -0.08696544 0.087713845 -0.1557397 -0.22910844 3.152375
-0.2992799 -0.29252377 -0.38166526 -0.2205593 -0.06146247 -0.27178428 -0.31139776 -0.44979456 3.017429
-0.37540776 0.45335564 -0.70776474 -0.7223023 -0.44874215 -0.44397622 -0.054465834 -0.07168386 2.9919686
-0.58461905 -1.4188194 -0.7027366 -0.8858277 -1.1792929 -0.7224825 4.4281545 0.94859177 0.0
-0.4550701 -0.32388476 -0.97391975 -0.2575031 -0.308976 0.3853443 -0.53048754 0.20758098 2.9442525
-0.124805495 -0.42267132 0.05337174 -0.39221856 -0.38525555 0.14262493 -0.20360805 -0.353067 2.6975985
-0.027878439 -0.3646719 -0.6042146 -0.2232959 -0.0669243 -0.098398134 -0.49282733 -0.24419616 3.3036237
-0.55809546 -0.42229587 0.0035937945 -0.31426904 -0.38977408 -1.2481025 -0.5544787 2.8406205 0.0
-0.10527092 0.3002196 -0.5672943 -0.038139123 -0.03933894 -0.63477147 -0.8703936 -0.36101413 3.3801155
-0.16140819 -0.3594529 -0.48472634 -0.45722476 -0.39092612 -0.15894453 -0.31339502 -0.56685245 3.6602793
-0.06743376 0.01729139 -0.004447235 -0.9102533 -0.5314816 -0.39369172 0.062703766 -0.26609325 3.146191
1.5927501 -1.0239987 -0.64800894 1.857671 -0.5839333 -0.8257606 -1.0051972 0.9242358 0.0
-0.23046783 0.21555899 -0.47596183 -0.18664832 0.06696011 -0.8062282 -0.20244014 -0.39634377 3.150722
0.28059 -0.4374352 -0.14079595 -0.407895 -0.3281364 -0.15267314 -0.1559912 -0.51071465 3.0782218
-0.010860668 -0.27476004 -0.7054257 -0.09195525 -0.22231592 -0.8897753 0.072077334 -0.36151505 3.7281077
-0.29213163 0.8391369 -0.83499265 -1.3675867 2.32709 0.17879905 0.8342061 -1.4959595 0.0
