1.3104115 0.15908436 0.123930454 -0.36680073 1.7019001 0.55476576 -0.25496802 -0.6532742 0.0
0.1990414 -0.037365086 0.63310796 0.31497306 0.4543204 1.0967325 1.0922072 0.29214352 0.0
0.06286008 0.35642216 0.42007956 -0.28489998 0.3761554 0.16440962 -0.3098733 -0.68979853 1.596675
0.32494113 0.22228266 -0.30904472 -0.39976126 0.4265314 0.2079205 0.17728592 -0.048520733 1.1394598
-0.111738466 0.3831902 0.31130695 -0.18208073 -0.08239036 0.2571792 0.28550768 -0.3974206 0.97906965
0.4114207 0.19126172 0.24644743 0.11680754 0.74089175 0.20077209 0.24117531 0.035543125 0.0
-0.065673985 -0.2630908 -0.2042755 -0.3169913 0.41669172 -0.34807065 -0.36573842 0.1364504 0.9100558
-0.140596 -0.3360458 -0.4060647 -0.32149702 0.13419478 0.21584971 0.23925348 -0.25615984 1.2322673
-0.276255 0.13273808 -0.35344246 0.22763374 0.32765123 0.20049979 0.14688885 -0.029973049 1.4238541
0.47385722 -0.0016506494 0.28289792 0.26144895 0.111194 0.33587816 0.23814638 0.48934183 0.0
0.19231592 0.12631348 -0.27323687 -0.28774226 -0.020192256 -0.10935538 0.24062036 -0.3448324 1.2398385
-0.14412935 0.28983447 0.09007572 -0.44824088 -0.29170078 0.18052927 -0.48695782 -0.33361748 1.6324453
-0.08957719 -0.10307141 -0.27069706 -0.26575345 -0.050346866 -0.12363055 -0.46369246 -0.46780154 1.4963868
0.49790978 0.31195524 0.29413047 -0.04394677 0.1332315 0.37694114 0.2506385 0.11330875 0.0
0.007948885 0.25354725 0.30259332 -0.11709274 -0.036952965 0.100332245 -0.3271446 -0.18225244 1.3837157
-0.16268687 -0.07866592 -0.20111325 -0.18432356 0.13870522 -0.113286294 0.26935354 -0.015937315 1.6112505
-0.20501421 -0.2582188 0.010561049 -0.16914277 0.060020562 -0.23923257 -0.11529012 -0.3027316 1.7854947
0.5576022 -0.028280301 -0.028109146 -0.16976258 0.8049585 1.046726 -0.084468044 0.09371701 0.0
0.706313 0.1202979 0.029295323 -0.45419157 0.49355817 0.33654884 -0.107392736 -0.52805734 0.933658
-0.018544212 0.1949363 0.18018094 -0.6175806 0.7223056 0.20960219 -0.21122393 -0.562384 0.89757466
0.3457118 0.037077345 0.09103206 -0.60055274 0.35436213 0.75824344 -0.2736877 -0.5775229 0.88891697
0.17399974 0.51139575 0.29192007 -0.44506764 0.8998096 1.0283748 0.41482309 -0.3029211 0.0
