-0.011368336 -1.2576486 -0.37373438 -0.42847824 4.5964375 -0.38665292 -0.77368253 -0.4591795 0.0
-0.7414849 -0.95506924 -0.7967814 -0.84846485 -0.8826678 -0.5724222 5.282646 -0.47807124 0.0
-0.68028307 -0.69656897 -0.6416467 -0.77667975 0.6153797 0.11682667 -0.44492722 -0.41366076 3.5144668
-0.19608554 -0.6498801 -0.09762556 -0.23036662 -0.35298294 -0.13602194 -0.6702444 -0.25898185 3.1601293
-0.6164622 -0.52660495 -0.28486624 -0.1516727 -0.19160593 -0.66461784 -0.434678 -0.18663825 2.968944
-1.0967886 -0.3183387 -1.1246481 -1.2502241 4.755822 -1.1314563 -1.1430426 -0.32436523 0.0
-0.33333442 -0.5163296 -0.13766545 -0.69412154 -0.3498498 -0.11688315 -0.1953206 -0.31182235 3.0764172
-0.37899277 -0.54645735 -0.5300539 0.07148345 -0.23673834 -0.21896212 -0.38722092 -0.7952345 3.052242
-0.4846821 0.27796942 -0.87312514 -0.764605 -0.6390936 -0.5293109 -0.07227193 -0.02702606 3.2808385
-0.72706294 -1.4320344 -0.8111887 -0.9907454 -1.4846605 -1.1708388 4.4904203 0.98284495 0.0
-0.5436499 -0.62079626 -1.0773511 -0.45645317 -0.351341 0.4314983 -0.37272736 0.30115223 3.0207546
0.10942227 -0.65596694 -0.1857386 -0.56536263 -0.5509075 0.21909377 0.073668264 -0.4574514 2.6018531
0.106967755 -0.1292535 -0.17416698 -0.51817465 -0.10759901 0.082189314 -0.61068004 -0.39904994 2.8134048
-0.5918776 -0.4547612 0.0051121674 -0.007153437 -0.4232576 -1.0799023 -0.5598677 2.510018 0.0
0.38002807 -0.001975897 -0.46681577 -0.30485305 -0.048907254 -0.37606812 -1.014128 -0.5984378 3.0628748
-0.22339588 -0.10143551 -0.69975704 -0.5675431 -0.5395816 -0.2045973 -0.47509703 -0.727686 3.7814994
-0.098240614 -0.32704365 -0.0074267513 -0.99503213 -0.6071807 -0.40449286 0.11855455 -0.34669107 3.4741533
1.7890137 -1.1531509 -0.4073886 1.3381305 -0.58223623 -0.8458347 -1.0595174 1.152572 0.0
-0.06316951 0.24566054 -0.7331536 -0.17519978 -0.2087599 -0.46924883 -0.2329676 -0.7122834 3.0356715
0.3056886 -0.6221361 -0.21252534 -0.57910055 -0.11900582 -0.26925012 -0.16425642 -0.42197642 2.975749
-0.12994976 -0.56175923 -0.56527156 -0.18392923 -0.4259279 -0.9285021 0.10123215 -0.43819097 3.722767
-0.3274701 0.8509362 -0.8506134 -1.4588994 2.780207 0.29648674 0.19440842 -1.4979527 0.0
