1.672475 -0.18886782 -0.6207205 -0.83597064 2.4061704 -0.16439255 -0.7513488 -0.99968827 0.0
-0.73339695 -1.207816 0.28224483 -0.17011935 -0.6589819 0.8755017 2.6508503 0.7644445 0.0
-0.6009271 -0.42865893 -0.18235055 -0.44585434 -0.04528337 -0.5679171 -0.54091114 -0.5939465 3.3072119
-0.12857293 -0.40616438 -0.5155317 -0.667671 0.051967002 -0.3727681 -0.29338256 -0.47266805 2.8422406
-0.47048524 -0.17463486 -0.22730441 -0.64912057 -0.35245067 -0.6389209 -0.070798516 -0.5892271 2.6764548
-0.48308226 -0.99017227 0.2585892 0.13568947 1.2211585 -0.052256074 0.18070646 0.63214284 0.0
-0.7095062 -0.8062617 -0.5482205 -0.39943567 -0.17899758 -0.6081356 -0.4134491 -0.26857355 2.6541963
-0.25079834 -0.5453115 -0.45455596 -0.36364073 -0.43337563 -0.5011401 -0.45169488 -0.4617002 2.9371686
-0.4693394 -0.53813523 -0.3849019 -0.2885891 -0.110416725 -0.4429776 -0.37256324 -0.4136622 3.270174
-0.5856029 -0.7592482 0.24913873 0.25841546 -0.29560748 -0.5891846 1.278635 1.234843 0.0
-0.553589 -0.43204868 -0.51933545 -0.46221504 -0.3195261 -0.48152724 -0.49375203 -0.5223098 3.2737885
-0.40875736 -0.473068 -0.4377829 -0.5588737 -0.41882482 -0.44056532 -0.64283526 -0.5158702 3.4001274
-0.4883138 -0.46806306 -0.5716871 -0.5875446 -0.5028868 -0.5757652 -0.58760273 -0.47041664 3.3201218
0.69365567 -0.16614322 0.12419205 0.40987006 -0.73217916 -0.43502334 0.24078242 0.9022644 0.0
-0.37704346 -0.51972055 -0.39758098 -0.59399724 -0.34077626 -0.3549131 -0.38170916 -0.58278227 3.443697
-0.4933009 -0.43385318 -0.5316133 -0.53047645 -0.5501304 -0.52776444 -0.44134024 -0.5166352 3.5605474
-0.50355494 -0.49612108 -0.4519038 -0.58839774 -0.34409985 -0.42589003 -0.47549087 -0.51144314 3.4885035
0.55471104 -0.56650406 -0.07934703 -0.07844539 0.72026724 0.19257756 0.027881024 0.28718823 0.0
-0.012848845 -0.4875694 -0.66663766 -0.7355595 -0.29015443 -0.26774564 -0.46723923 -0.60395294 2.9824896
-0.40376666 -0.50847185 -0.5352339 -0.6512977 -0.076226175 -0.31500572 -0.4298212 -0.7101138 3.2097046
-0.4309007 -0.44915107 -0.45515332 -0.8007018 -0.30819672 -0.022717187 -0.46261364 -0.69811296 3.122429
0.4139214 0.87956136 -0.08511117 -0.9234307 0.76588273 0.8598542 0.008070046 -0.84324574 0.0
