0.27670723 -1.3585886 -0.43137127 -0.21776608 4.1927843 -0.45833758 -0.8821307 -0.22351396 0.0
-0.92625165 -1.1169634 -0.8637354 -0.6524294 -0.6411097 -0.5882088 5.176094 -0.66390043 0.0
-0.8073769 -0.5052504 -0.84777147 -0.63364965 0.031066509 0.4925093 -0.24788603 -0.30091467 3.1564186
-0.32536086 -0.7442225 -0.3042355 -0.46350938 -0.026955262 -0.022020213 -0.6813704 -0.465429 3.3707845
-0.3926755 -0.5181505 -0.5816106 0.11331572 -0.42408338 -0.54607326 -0.23123036 -0.4342187 3.1016023
-1.3163806 -0.33356342 -1.0332422 -1.0529413 4.443037 -1.1539661 -1.0432203 -0.31703433 0.0
-0.39648643 -0.3441991 -0.29023 -0.53935915 -0.569149 -0.07686211 -0.21808161 -0.10515352 2.970699
-0.40561008 -0.6647456 -0.41885045 0.25956497 -0.37913823 -0.024849853 -0.70972484 -0.903302 2.9361453
-0.13148446 0.16606374 -0.98962295 -0.46898183 -0.7817297 -0.16746822 -0.30802423 -0.54693055 3.0904896
-0.8275222 -1.2288572 -0.87360674 -1.0676684 -1.5780301 -1.5662122 3.9278648 1.4550544 0.0
-0.11308669 -0.71747124 -0.95423746 -0.6564811 -0.50489175 -0.01663688 -0.96325964 0.33738807 3.2054927
0.15596385 -0.63268596 0.021630771 -0.30076817 -0.41334134 -0.10963086 -0.4001271 -0.5398633 2.7714813
0.018532233 -0.119163305 0.069514565 -0.8956326 0.11274938 0.16167183 -0.56970066 -0.6946444 2.7179627
-0.6475654 -0.09161426 -0.052610934 -0.33719224 -0.67915356 -1.0203248 -0.3966773 2.8091578 0.0
-0.26289257 -0.02404556 -0.6992757 -0.14453256 -0.13018747 0.01871142 -0.5675863 -0.43131405 2.817606
-0.2885422 -0.026161205 -0.7909019 -0.57589084 -0.3650103 -0.5058593 -0.27584848 -0.42709813 3.597017
-0.34067345 -0.58394563 -0.09433942 -0.6908835 -0.41666904 -0.27946478 -0.1888222 -0.4102452 3.210369
1.5101846 -1.2036024 -0.666452 0.44302875 0.5090936 -1.0178007 -0.5797354 1.2480301 0.0
-0.30095452 0.19020042 -0.9299344 -0.36315197 -0.34950373 -0.45574018 -0.6862606 -0.9091081 3.6090817
0.032232933 -0.4806603 -0.266692 -0.8939586 -0.5529178 -0.37981018 -0.4699738 -0.0053085824 3.4124892
-0.33279455 -0.6624988 -0.32686985 -0.15061648 -0.37148 -0.7245223 -0.39236394 -0.33943662 3.5720468
-0.00704415 0.8929327 -0.47585735 -1.2966113 2.4708934 -0.14443687 -0.16164795 -1.3590276 0.0
