0.29526252 -1.3809669 -0.4278016 -0.24053903 4.2580166 -0.46644497 -0.89395124 -0.3717844 0.0
-0.9714857 -1.1550856 -0.8288129 -0.6291856 -0.647276 -0.59029025 5.1634903 -0.6698825 0.0
-0.8668694 -0.31487355 -0.95715874 -0.52086407 0.12037848 0.3317779 -0.29036856 -0.5442747 3.1981409
-0.34285203 -0.4969745 -0.33435282 -0.4348027 0.13399613 0.07454286 -0.73988235 -0.5986354 3.190459
-0.38453493 -0.5507222 -0.6234128 0.1285012 -0.46006137 -0.5945076 -0.24070913 -0.55684835 3.2198005
-1.3780322 -0.33584547 -1.0608201 -1.1031387 4.4170723 -1.1330715 -0.99177223 -0.31616032 0.0
-0.31473854 -0.12241738 -0.1970858 -0.3204662 -0.6604812 0.18039335 -0.2377481 -0.2764476 2.5366347
-0.44475338 -0.5719424 -0.34120756 0.21737729 -0.43617588 0.029200159 -0.40371338 -0.98837095 2.7887957
-0.1485309 0.11813091 -0.7166651 -0.5123972 -0.7201798 -0.31726247 -0.33365813 -0.4996247 2.935047
-0.8521132 -1.28366 -0.5791702 -1.0832331 -1.3149592 -1.6712916 3.8593028 1.2939975 0.0
-0.09395924 -0.7488943 -0.9999972 -0.6421984 -0.67175126 0.2837239 -0.93066406 0.21869767 3.2171586
0.11820119 -0.6107032 -0.013512946 -0.3574349 -0.2245432 -0.3600554 -0.4473394 -0.6265116 2.9201717
0.21449332 -0.16790514 0.037010577 -1.0301453 -0.010703549 -0.06822292 -0.32682693 -0.7022341 2.728306
-0.5259849 0.19307762 -0.12371688 -0.40798375 -0.9735865 -1.116442 -0.31276795 2.747591 0.0
-0.025329258 -0.07585547 -0.46941608 -0.3020858 -0.2892363 -0.011703314 -0.5140025 -0.25641742 2.756372
-0.5428049 -0.009153349 -0.55462396 -0.43454632 -0.071291484 -0.6398586 -0.27629757 -0.5046113 3.4163141
-0.41228288 -0.65930915 -0.07106273 -0.51587707 -0.43096584 -0.22689034 -0.44610277 -0.4067633 3.2294266
1.06089 -0.9024924 -0.8737179 0.38685757 0.44684458 -1.0969523 -0.45232606 1.5840598 0.0
-0.34794533 0.22573292 -0.68542916 -0.4478681 -0.37842736 -0.48372 -0.7387342 -0.88431937 3.53097
0.05508736 -0.544875 -0.26039287 -0.91020113 -0.48245686 -0.29648197 -0.39291486 0.03304513 3.3551104
-0.4053079 -0.75889784 -0.31540507 -0.27689108 -0.20164376 -0.6826416 -0.49250075 -0.2116979 3.516327
-0.106947914 0.9091776 -0.20710999 -1.5868808 2.4868166 -0.15547024 -0.18850732 -1.3945116 0.0
