-0.11332391 -0.8871204 -0.30977225 -0.66454 4.1383147 -0.9950712 -0.8208518 -0.55597454 0.0
-1.2246352 -1.2245952 -0.9682715 -0.8790939 -0.5841535 -0.2708428 5.0386333 -0.12774064 0.0
-0.22584511 -0.2785365 -0.58588076 -0.8252768 -0.2998959 -0.16176873 -0.4365391 -0.600305 3.3091786
-0.33073696 -0.2532433 -0.45817155 -0.56254435 -0.34487233 -0.58812594 -0.6366044 -0.55774534 3.3606377
-0.8976974 -0.57640266 -0.46884573 -0.6926002 -0.0114424145 -0.43241233 -0.14317468 -0.48638514 3.1448503
-1.2319145 -0.81238574 -0.6513713 -1.0206747 3.9530394 -0.7982813 -0.38563594 -0.24426311 0.0
-0.1759822 0.0007128341 -0.39648184 -0.7317284 -0.49654016 0.20750475 -0.207002 -0.626969 2.634687
-0.26495677 0.052059 -0.6048333 -0.049850747 -0.20673962 -0.27128965 -0.3833168 -0.7018919 2.5682201
0.00962761 0.20854074 -0.95514864 -0.4205226 -0.43999848 -0.7038739 0.0007448372 -0.40759462 2.7553148
-0.25346863 -1.5960487 -0.4085947 -0.7910021 -1.1849133 -1.4479431 3.0364974 1.7031496 0.0
-0.28612033 -0.3732612 -0.44129658 -0.3225108 -0.773502 -0.08211343 -0.22656439 0.3922329 2.6306615
0.123325385 -0.16722757 -0.08575451 -0.89861584 -0.21557625 -0.4571154 -0.13908888 -0.44866905 2.7321749
-0.8674221 -0.20579049 -0.0021560516 -0.72561485 0.026991623 -0.32990095 -0.3930417 -0.2870559 3.0533633
-0.07576917 -0.41088307 -0.21073869 0.28791648 -1.138319 -1.3370166 0.36127397 2.3517685 0.0
-0.11172479 -0.59815437 -0.5863523 -0.44767362 -0.15614066 -0.29031882 -0.2310765 -0.2439812 2.9707806
-0.5810088 -0.34604725 -0.7657838 -0.64370906 -0.13424553 -0.63406795 -0.5401597 -0.4121651 3.741048
-0.22903039 -0.71361846 -0.25997487 -0.65073794 -0.35482872 -0.29388812 -0.47661054 -0.43299466 3.454639
0.80008614 -0.53174263 -0.7121355 -0.37381524 0.58009946 -0.9424231 -0.0029376554 1.3410072 0.0
-0.5606918 0.07255711 -0.5366684 -0.87536895 0.034631547 -0.30257872 -0.36040425 -0.3800794 3.1323721
-0.30778036 -0.3830948 -0.49848366 -0.74478364 -0.13295667 -0.39581072 -0.13500133 -0.6570915 3.3111248
-0.732723 -0.50458515 -0.25163785 -0.26873463 -0.48834375 -0.6331023 -0.15590872 -0.5421336 3.409898
-0.3700177 0.96101606 -0.26606795 -1.3161308 2.3216884 -0.3077498 0.15914036 -1.4872515 0.0
