-0.012552543 -1.1263779 -0.30374202 -0.38254264 4.533288 -0.30239838 -0.7083403 -0.44575155 0.0
-0.537621 -0.76173633 -0.7091324 -0.79274386 -0.85557735 -0.55037665 5.1749754 -0.4529033 0.0
-0.3004073 -0.6295408 -0.43291998 -0.67941225 0.85643613 0.10454385 -0.38731924 -0.42951053 3.2367918
-0.13592157 -0.551388 0.35772523 -0.5065078 -0.29172572 -0.07317412 -0.57138336 -0.21595745 2.8988712
-0.4894229 -0.7878803 -0.2614608 -0.13872464 -0.16810301 -0.8272775 -0.32572934 -0.15532885 3.1915467
-0.8449011 -0.29757893 -0.98476887 -1.2320442 4.695206 -1.089743 -1.0696642 -0.30133212 0.0
-0.23017909 -0.40288156 -0.28283775 -0.9798186 -0.093372665 0.08802975 -0.16039714 -0.23848693 3.1591332
-0.3070654 -0.3173208 -0.39904633 -0.22365162 -0.06489736 -0.2768649 -0.3203569 -0.48419747 3.0479167
-0.38790318 0.45630652 -0.7271826 -0.7283894 -0.4752806 -0.4542482 -0.057045773 -0.073703595 3.006943
-0.6014424 -1.4205314 -0.7159803 -0.89882016 -1.1907861 -0.76931554 4.433206 0.95239234 0.0
-0.466445 -0.35251656 -0.98678064 -0.27875972 -0.3141932 0.3910806 -0.5388584 0.21442373 2.9736195
-0.12898076 -0.4475552 0.055240873 -0.41137546 -0.40359375 0.14387941 -0.20629881 -0.37871593 2.716195
-0.02957181 -0.10073893 -0.61203146 -0.24917775 -0.071192235 -0.088737346 -0.5081391 -0.26031908 3.0712974
-0.5623942 -0.42652968 0.0036024922 -0.0069432016 -0.39397588 -1.2582616 -0.5565957 2.5407834 0.0
-0.1057777 0.30348834 -0.5880168 -0.039240744 -0.040469486 -0.6385733 -0.88789064 -0.38551894 3.3969796
-0.16838211 -0.3650537 -0.50845265 -0.47026557 -0.40767023 -0.16412835 -0.3308349 -0.5855771 3.705229
-0.07081871 0.017383188 -0.0047543133 -0.92085856 -0.5407683 -0.39672512 0.06816008 -0.2757027 3.158505
1.6179391 -1.0399439 -0.6491082 1.8363163 -0.5848237 -0.8283449 -1.0121021 0.926172 0.0
-0.24531192 0.21925682 -0.5036721 -0.20421186 0.07106873 -0.8098826 -0.20617294 -0.4277724 3.1648138
0.28373465 -0.4579536 -0.148449 -0.42692843 -0.33109453 -0.16436121 -0.16894084 -0.51668644 3.1017156
-0.013227835 -0.30157924 -0.71055675 -0.10064511 -0.24196053 -0.909343 0.075636365 -0.37099677 3.7528172
-0.29649454 0.839583 -0.83708656 -1.3791329 2.3272853 0.17949048 0.83427745 -1.4965748 0.0
