0.041396078 -0.83336216 -0.2484947 -0.6327574 4.0353928 -0.95791304 -1.0382084 -0.80403614 0.0
-1.0334715 -1.150244 -0.9319724 -0.7115787 -0.75696325 -0.5080795 5.112978 -0.45703775 0.0
-0.30807614 -0.27034983 -0.42894292 -0.803121 -0.1739828 -0.12060135 -0.2668491 -0.7005735 3.1804464
-0.49508426 -0.28021115 -0.3918731 -0.093420036 -0.22000691 -0.47536027 -0.7306988 -0.39777976 3.0860767
-0.57888544 -0.12181873 -0.27412537 -0.4783374 -0.07048053 -0.29835838 -0.046425514 -0.7605509 2.696992
-1.202011 -0.8327801 -0.72657305 -0.8856257 3.7647374 -0.95369655 -0.38284606 0.02719906 0.0
-0.4745147 0.049704026 -0.63857496 -0.7652005 0.033270817 0.024288828 -0.14936516 -0.81021047 2.691349
-0.13377957 -0.1904745 -0.6045745 -0.17957999 -0.02958732 -0.18293425 -0.50849843 -0.62857753 2.6611433
-0.24471587 0.20767216 -0.70575106 -0.13522828 -0.17284001 -0.6347633 -0.35528696 -0.37598565 2.6261184
-0.5321333 -1.5529635 -0.219289 -0.6873014 -0.9298493 -1.3686492 3.1227262 1.3047737 0.0
-0.3313431 -0.376559 -0.5003286 -0.20779553 -0.30991575 -0.09951568 -0.25360113 0.10886043 2.5584466
0.034332763 -0.38455182 -0.5005841 -0.57686996 -0.358598 -0.33624643 -0.18486929 -0.33846885 2.9627647
-0.47654787 -0.2910646 -0.38518983 -0.32326248 -0.42279762 -0.37053168 -0.20555896 -0.48203757 3.098111
-0.06807168 -0.32772312 -0.6365572 0.44610852 -1.1021081 -0.9917249 0.6053193 2.0572572 0.0
-0.15767652 -0.68964565 -0.39994645 -0.31014174 -0.37719947 -0.5096157 -0.37557757 -0.21467605 3.1172602
-0.31049433 -0.35120305 -0.7652391 -0.56228864 -0.11592801 -0.66122323 -0.4068069 -0.35836682 3.5279474
-0.13134524 -0.60952145 -0.30244341 -0.61248475 -0.32817113 -0.40729544 -0.43700677 -0.34772328 3.3237963
0.31220368 -0.7582699 -0.53286165 -0.013469591 0.8226174 -0.76278 -0.114384666 1.2694763 0.0
-0.26980516 -0.13480955 -0.49399787 -0.54371834 -0.0432843 -0.43148685 -0.27118188 -0.52033025 3.0782943
-0.09268823 -0.54018927 -0.32026955 -0.43545595 -0.17467445 -0.46544966 -0.42743787 -0.6164639 3.2423136
-0.61162823 -0.36943313 -0.3900333 -0.26468676 -0.4242313 -0.32598218 -0.13143504 -0.5406689 3.1884158
-0.39701357 0.6205057 -0.39469016 -1.1318948 2.408966 -0.34422627 0.17626345 -1.1119356 0.0
