4.1184845 -0.036638234 -0.4587577 -1.3427397 -0.5491842 -0.92266685 -0.8822935 -1.1194793 0.0
-1.1025269 -1.1019326 -1.0920813 -1.063415 4.893769 -0.5659344 -1.0214216 -1.0173302 0.0
-0.7778103 -0.46668324 -0.8768105 -0.58446676 0.0050061997 -0.30593657 -0.17311223 -0.8974519 3.5341878
-0.49502692 -0.11098181 -0.17991948 -0.9829263 -0.57913506 -0.5046791 -0.51267767 -0.5538895 3.522871
-0.4629919 -0.2790118 0.17040159 -0.68021846 -0.29369405 -0.41236082 -0.5842571 -0.022693733 3.0267313
1.2840956 -0.47401726 0.30016753 -1.2215155 -0.117737986 -0.65644515 0.46642098 0.33163077 0.0
-0.5203817 -0.32749313 -0.6866768 -0.11398475 -0.3650148 -0.32500595 -0.31555125 -0.807049 3.1674461
-0.47557348 -0.92192864 -0.16300066 -0.30961534 0.5646428 -0.4515533 -0.12580304 -0.51782423 2.3749728
-0.24057704 -0.10940665 -0.7348319 -0.596577 -0.114693955 -0.22840554 -0.071736395 -0.36978853 2.5492198
0.24504356 0.009589481 -0.22314626 -0.96418184 0.7731547 -0.24184716 0.50593597 0.14770272 0.0
-0.39172778 -0.5530759 -0.35349587 -0.64228225 -0.5519105 -0.60343033 -0.35173744 -0.22756024 3.5127988
-0.13202839 -0.64633316 -0.19566913 -0.39658728 -0.25590894 -0.36798546 -0.33759275 -0.62744623 3.1674805
-0.10525765 -0.32700285 -0.67577296 0.058620404 -0.58805037 -0.26845315 -0.60707986 -0.5587415 3.2659929
0.4506384 -0.061771736 0.47191235 -0.42423153 -0.5388335 -0.57419485 1.5391206 -1.0796045 0.0
-0.3758222 -0.39817563 -0.3764184 -0.56286114 -0.16559589 -0.42996222 -0.34000322 -0.5847938 3.154865
-0.51644474 -0.5626879 -0.24050055 -0.59913963 -0.20568198 -0.5094009 -0.08418215 -0.4770098 3.281571
-0.42105654 -0.7356229 -0.442896 -0.6347261 -0.32692838 -0.4290364 -0.43089595 -0.07815978 3.5625424
2.7190177 -0.33573768 -0.1085674 -0.7352656 -0.1289506 -0.37088984 -0.6610174 -0.9481807 0.0
-0.1607171 -0.45413554 -0.24978308 -0.4597652 -0.4864621 -0.28366405 -0.44084674 -0.68553287 3.3437557
-0.31193963 -0.35074222 -0.66946495 -0.6537411 -0.28013268 -0.37146196 -0.117286935 -0.7354661 3.5303452
-0.3537568 -0.37693137 -0.49253395 -0.5760782 -0.24064925 -0.43647826 -0.31653073 -0.5996896 3.4295533
-1.2118986 -0.12277799 -0.71519446 -0.7089731 2.4701211 1.275803 -0.22748323 -0.7731572 0.0
