4.5514107 -0.27503008 -0.52514476 -1.381296 -1.3084306 -0.5950217 -1.0498397 -0.6808618 0.0
-0.3730386 -1.683038 -1.089017 -1.1006305 5.166864 -0.9097184 -0.68273973 -1.1720352 0.0
0.021681994 -0.6670762 -0.42617592 -0.41008943 -0.11154634 -0.3215608 -0.6521822 -0.046398 2.8393352
-0.280102 -0.48065874 -0.5883644 -0.4077232 -0.16915956 -0.428043 -0.06876191 -0.42825067 3.038805
-0.3402863 0.041051943 0.62315756 -0.40879592 0.06843566 -0.29620117 -1.0141076 -0.72493154 2.6588833
1.3438857 -0.66157126 0.22114384 -1.0727798 0.30266568 -1.0559797 1.2241044 -0.39303148 0.0
-0.48040783 -0.20309402 -0.6987789 -0.29231644 0.038510077 -0.54560316 -0.09429271 -0.51099795 2.9978077
-0.5518987 -0.5118533 -0.5024567 -0.4029376 0.11833601 -0.73743397 -0.50014895 -0.13775466 3.0922022
-0.031557146 -0.2833349 -0.28666452 -0.6302528 -0.4105934 -0.4916554 -0.19223669 -0.31952298 2.7326174
0.18382302 0.17873544 -0.6219116 -0.7745562 0.121311404 0.026647348 0.85667676 0.71377826 0.0
-0.45912677 -0.8487414 -0.610895 -0.6953116 0.23311381 0.04170384 -0.48948538 -0.46453375 3.5683367
0.12621062 -0.3874981 0.16271731 -0.610029 -0.45609194 -0.55422705 -0.5970829 0.119762816 2.759423
-0.11157312 -0.64318794 -0.54684556 -0.6908517 -0.4764204 0.08536283 0.044550896 -0.3641948 3.261006
0.38004315 -0.5467887 0.20041002 -0.46183503 -1.3964026 -0.6287308 2.695058 -1.2725818 0.0
-0.062964596 -0.29510784 -0.44513673 -0.55843323 -0.54612815 -0.5345019 -0.3511839 -0.58122194 3.261681
-0.5163085 -0.80001485 -0.495253 -0.3204065 -0.14017744 -0.5439729 -0.555201 -0.22926295 3.6110544
-0.091680646 -0.39349914 0.17216791 -0.23045655 -0.2725657 -0.25220025 -0.29483292 -0.36902678 2.8361955
2.3738945 -0.22156681 0.6755509 -1.0146695 0.13801228 -0.5920551 -0.85185707 -0.5044961 0.0
-0.4930106 -0.47249958 -0.02135857 -0.48763195 -0.31021693 -0.5817745 -0.76333046 -0.30374384 3.3119082
-0.27555403 -0.23552765 -0.1529518 -0.32163033 -0.59990317 -0.1872055 -0.2109127 -0.6577065 3.0938072
-0.2856431 -0.19553931 0.011933045 -0.23120207 -0.29082492 -0.21413493 -0.5979583 -0.59245175 2.955766
-0.8878375 -0.14929667 -0.50816286 -0.8104726 3.2241797 0.3441074 -1.0420082 -0.70648205 0.0
