4.3774843 -0.2882371 -0.45845318 -2.0266576 -1.3104628 -0.36627382 -0.2749546 -0.3252778 0.0
-0.9000151 -1.4015106 -0.265588 -0.62734866 4.782713 -0.65090066 -0.18244153 -0.3416453 0.0
-0.32103673 0.14912191 -0.46952167 0.26210037 -0.85125923 -0.6107231 -0.46358272 0.13548818 2.4210901
-0.25057915 -0.61398196 -0.8743153 -0.3454931 -0.10919522 -0.53555274 0.67229044 -0.7749068 3.0702195
-0.69381666 -0.3337463 0.4377262 -0.9060946 0.7229342 -0.35429546 -0.7594627 -0.25823426 2.833755
2.6959927 -1.0565658 -0.19832107 -1.0181371 0.091828935 -1.5854892 0.90051407 -0.6449018 0.0
0.08722108 -0.2956735 -0.374436 -0.5878524 -0.31337273 -0.5929851 -0.4046008 -0.41099325 3.0757973
-0.6509628 -0.36136705 -0.47932136 -0.7973198 -0.18691708 -0.35407853 0.42664745 -0.2290472 2.9039667
-0.5242352 -0.3791142 -0.44991213 -0.31510943 -0.5729475 0.290119 0.5512711 -0.15012869 2.1569874
0.47584274 0.608857 -0.9711382 -0.703822 -0.1757591 -0.53347725 1.4435062 0.29456577 0.0
-0.3993257 -0.6494799 -0.53612214 0.13458414 0.5357042 -0.6488194 -0.6490523 -0.33029044 3.1028945
0.16626066 -0.8709159 -0.042222477 -0.3676632 -0.4626545 -0.3892377 -0.21184961 -0.46092457 2.8988552
-0.447465 -0.03396736 -0.08366244 -0.5921246 -0.2969324 0.052873652 -0.46451306 -0.7134643 3.263536
0.000101186015 0.04894493 -0.49822715 -0.2574705 -1.3442708 -0.6612373 3.0412514 -1.2745167 0.0
0.039556697 -0.097781636 -0.3011305 -0.40549964 -0.32245627 -0.7867284 0.09070774 -0.44043577 3.008447
-0.74832237 -0.20866805 -0.10238929 -0.869135 -0.33932704 -0.11342503 -0.21795274 -0.37259996 4.0016737
-0.5771985 -0.22751606 -0.65616596 -0.7872912 -0.020063357 -0.53874 0.10281755 -0.038778804 3.426504
2.585768 0.16721886 0.61485267 -1.252259 -0.7242967 -0.28846595 -0.7513405 -0.12022384 0.0
-0.86903334 -0.4144775 -0.55896974 -0.74521834 0.2564642 -0.3455387 -0.2854354 -0.710586 3.5963354
-0.35729828 0.14094564 0.020361606 0.1861332 -0.84989053 -0.46975482 -1.0457345 -0.8083991 3.4817264
-0.24102505 -0.4653508 0.024526263 -0.5736308 -0.14218196 0.017383311 -0.3151563 -1.0726418 3.212542
-1.6535828 -0.33129486 -0.86487764 -1.278754 4.114046 0.8670536 -0.93652666 -1.1085176 0.0
