4.420512 0.02433355 -0.67774534 -1.7602979 -1.1564751 -0.71375495 -0.7808015 -0.6817444 0.0
-0.4031506 -1.9109906 -0.82754207 -1.2919245 5.3987255 -0.8952196 -0.69772774 -1.3411393 0.0
0.010337319 -0.83824337 -0.12550627 -0.47499368 -0.10726992 -0.57692367 -0.80758435 -0.1347577 3.033085
-0.2658956 -0.32597238 -0.62311906 -0.6163291 -0.06291191 -0.2772248 -0.26227522 -0.70861256 3.2495675
-0.32916194 0.19210438 0.3978782 -0.55184364 -0.008446412 -0.46081638 -0.85560966 -0.64228857 2.7570834
2.0768204 -0.73862064 -0.06486857 -1.0783794 0.006701224 -1.2729942 0.9850038 -0.33246884 0.0
-0.6873543 -0.45550603 -0.33631998 -0.07759325 0.04818084 -0.9048281 -0.19115324 -0.24228683 2.9518013
-0.5548862 -0.25465372 -0.5416742 -0.2037938 0.10250019 -0.55627334 -0.44642714 -0.38634056 2.9797547
0.020223565 -0.36491364 -0.15580396 -0.7829903 -0.10791986 -0.39026442 0.036372855 -0.53639364 2.5996675
0.21061762 0.11530444 -0.7687946 -0.63986105 -0.08603378 -0.117184415 0.75928295 1.1785661 0.0
-0.5774944 -0.7839347 -0.3812811 -0.5486582 0.10234189 -0.303354 -0.4241114 -0.22719502 3.4473019
0.0734908 -0.43365228 0.037237782 -0.1431499 -0.478162 -0.56862986 -0.6808286 -0.30023187 2.8697038
-0.18056726 -0.3993478 -0.504078 -0.80981374 0.023213303 -0.24755138 -0.122910105 -0.53605753 3.3474555
0.5119828 -0.51464504 0.10816672 -0.5036382 -1.2683202 -0.4973121 2.4907267 -0.97365123 0.0
-0.39441916 -0.10337305 -0.58529294 -0.7875066 -0.65504354 -0.54057753 -0.21842821 -0.4795694 3.4935539
-0.5702869 -0.3337622 -0.63670176 -0.31731078 -0.040039126 -0.4673646 -0.43662786 -0.37169316 3.488182
-0.09999063 -0.28500238 0.071590595 -0.42557073 -0.36174476 -0.36408982 -0.17958546 -0.2349698 2.8759596
2.3339753 0.044054523 0.40527648 -1.147316 0.28808072 -0.30301696 -0.7021224 -0.49446714 0.0
-0.48062974 -0.6914464 0.02436507 -0.44728145 -0.18138535 -0.4913793 -0.60947895 -0.26817876 3.2675004
-0.3250214 -0.0183099 -0.53977215 -0.34283355 -0.62882096 -0.42456907 -0.5862709 -0.72484964 3.4383514
-0.14835429 0.0066767675 -0.13994338 0.18013582 -0.47170874 -0.112655774 -0.5248244 -0.65430295 2.6949773
-0.92140937 -0.06027998 -0.5425562 -1.1002624 3.3124363 0.5017162 -1.1300756 -0.890162 0.0
