3.5901115 0.4611852 -0.17813075 -1.3707626 -0.33634833 -0.80646175 -1.077836 -1.5540287 0.0
-0.63167036 -1.1438804 -1.0632126 -1.0049676 4.5296507 -0.36384988 -1.1631433 -1.0138772 0.0
-0.48056385 -0.33687985 -0.6733967 -0.6062234 -0.27661026 -0.3866776 -0.11178176 -0.8463878 3.2304387
-0.41240567 -0.26885834 0.06862471 -0.7503868 -0.3349955 -0.40905625 -0.6194118 -0.6068308 3.1536698
-0.57028115 -0.51897234 0.2780798 -0.3080592 -0.30533254 -0.84724766 -0.7910958 -0.16135664 3.207895
1.3849511 -0.4037565 0.19073899 -1.39419 -0.03451759 -0.6352549 0.39233568 0.2634493 0.0
-0.587489 -0.553581 -0.7194804 -0.18436587 -0.5173168 -0.5843982 0.039040335 -0.6880241 3.1688147
-0.6689292 -0.5916402 0.3760309 -0.0922623 0.60629094 -0.64633334 -0.24320985 -0.76591074 2.0525212
-0.09465759 0.17512095 -0.49326587 -0.5344486 -0.4071053 -0.3076957 0.021161228 -0.19384992 2.1106515
0.21435204 0.21089341 -0.17623854 -0.44932505 0.5556991 -0.5178877 0.553996 -0.16243696 0.0
-0.42654893 -0.29635558 -0.47826415 -0.553371 -0.2358321 -0.59560746 -0.58022374 -0.28848904 3.3173866
-0.3711033 -0.5335419 -0.65856546 -0.73696035 -0.49223283 -0.62656087 0.028590169 -0.13547644 3.2495403
-0.32069123 -0.37977016 -0.69194865 -0.64831364 -0.40473697 -0.27195752 -0.8018461 -0.5034293 3.648023
0.50125253 0.51441675 0.46746215 -0.6487252 -0.5347362 -0.23458298 0.63203263 -0.7092215 0.0
-0.6642443 -0.335921 -0.27593964 -0.6834857 -0.18711019 -0.4416202 -0.28919867 -0.53701675 3.192916
-0.3770087 -0.41704917 -0.09167447 -0.6681498 -0.41588455 -0.51151776 -0.3276344 -0.45887247 3.2496092
-0.68751657 -0.6830181 -0.27654183 -0.47356257 -0.5447918 -0.33862424 -0.7536293 -0.23075607 3.592715
2.1936262 -0.10816076 -0.6293077 -0.79366547 0.21357155 0.03465409 -0.45055515 -0.7352088 0.0
-0.51817733 -0.29743543 -0.31342906 -0.5024282 -0.37109417 -0.21714203 -0.36421913 -0.779339 3.3984914
-0.28896275 -0.40026537 -0.39454162 -0.8194875 -0.33618224 -0.5500196 -0.33222982 -0.5785896 3.5486965
-0.5756902 -0.3096417 -0.28883803 -0.6328805 -0.28023034 -0.25404033 -0.5451548 -0.6486546 3.4756196
-1.3186188 0.21308541 -0.35386744 -0.99848944 2.3047838 1.484618 -0.29450127 -1.1788967 0.0
