4.377228 -0.23839062 -0.46316543 -2.0431268 -1.3226566 -0.36849675 -0.32898164 -0.44953352 0.0
-0.90637696 -1.4470578 -0.28110084 -0.6321233 4.8817015 -0.7423432 -0.18472011 -0.6477815 0.0
-0.38358384 0.1656932 -0.4764595 0.29888737 -0.8355034 -0.6118435 -0.28858155 0.107631855 2.314114
-0.2685274 -0.4086737 -0.8104884 -0.43271774 -0.119047105 -0.5238622 0.61113614 -0.7951639 3.0866747
-0.55446637 -0.34825838 0.46948326 -0.9363964 0.36977974 -0.3753041 -0.7601945 -0.5648938 2.998442
2.570209 -0.98328805 -0.06768742 -1.0379157 0.09373828 -1.6010531 0.9717774 -0.64520985 0.0
0.08853193 -0.3135882 -0.3871007 -0.45007437 -0.35960436 -0.6469719 -0.2850486 -0.4154772 3.098597
-0.64085925 -0.36590374 -0.5128727 -0.72070915 -0.18004854 -0.36995625 0.45662293 -0.2354171 2.802538
-0.42507994 -0.38743943 -0.287177 -0.34495005 -0.42053017 0.22711658 0.3266355 -0.16660087 2.1716354
0.2660704 0.61439055 -1.0386378 -1.0281782 -0.33845842 -0.42697996 1.703552 0.34346837 0.0
-0.39395338 -0.5558028 -0.5968459 0.15272073 0.57306916 -0.681316 -0.68251616 -0.33393142 3.0839021
0.10365577 -0.66962147 -0.0444171 -0.46139303 -0.46998638 -0.4081003 -0.3261722 -0.47355723 2.9554048
-0.47015503 -0.07099878 -0.10633565 -0.61967725 -0.30435947 0.04513065 -0.3820523 -0.5294842 3.1889598
-0.03988795 0.00042889125 -0.3678999 -0.25892043 -1.3540598 -0.50927335 2.9753387 -1.2861599 0.0
0.06734787 -0.07950628 -0.169022 -0.42363793 -0.33373463 -0.8044616 0.06314564 -0.4861959 2.9512575
-0.5216672 -0.21589178 -0.3123928 -0.59856194 -0.43150693 -0.12605903 -0.21555851 -0.405349 3.7911332
-0.63078904 -0.22448601 -0.67273694 -0.7932411 -0.27093065 -0.486695 0.12699379 -0.027630858 3.489006
2.489225 0.21247815 0.56065935 -1.2606181 -0.56765413 -0.29063243 -0.69205135 -0.08684408 0.0
-0.89998645 -0.44243804 -0.5838077 -0.7810426 0.2651141 -0.34914738 -0.30636227 -0.6737673 3.6090784
-0.15094186 0.106879175 -0.07733641 0.17630179 -0.5111195 -0.22147137 -1.0698822 -0.57560736 3.0050228
0.16692495 -0.4920567 0.04572134 -0.54522586 -0.14415747 0.12925929 -0.3688932 -1.087421 3.0598488
-1.5872599 -0.3364694 -0.88368505 -1.1972052 4.1556544 0.65762806 -0.7753385 -1.1178797 0.0
