4.4142466 0.041938845 -0.65310293 -1.7860354 -1.148044 -0.7183238 -0.7863061 -0.6794319 0.0
-0.41050646 -1.9047263 -0.8176038 -1.2714453 5.392101 -0.8933323 -0.69222987 -1.3346541 0.0
0.00620967 -0.87589794 -0.111719556 -0.35391364 -0.09448569 -0.5926194 -0.8011855 -0.1445603 2.9804378
-0.2722764 -0.3223405 -0.60185367 -0.74857694 -0.089412205 -0.26765764 -0.27467167 -0.70545924 3.329465
-0.34730932 0.25697315 0.36327928 -0.55576915 0.026587147 -0.47748262 -0.8503876 -0.68622595 2.7759125
2.0765245 -0.7925686 -0.072541885 -1.055641 -0.0120048765 -1.272674 1.0367073 -0.34937033 0.0
-0.694743 -0.4473606 -0.33249953 -0.10416363 0.025829956 -1.0269802 -0.2484806 -0.22370267 3.030168
-0.5687889 -0.24039122 -0.5348549 -0.19464989 0.11332159 -0.58268374 -0.40717402 -0.36604762 2.950638
0.0015090152 -0.41660285 -0.1803193 -0.77812845 -0.1339365 -0.37154856 0.077386126 -0.5157458 2.6140313
0.22402482 0.1426096 -0.80332434 -0.6663808 -0.07724732 -0.12312545 0.7778052 1.1400189 0.0
-0.56842375 -0.7849826 -0.35203725 -0.51381886 0.1363745 -0.3127019 -0.4080392 -0.2927282 3.4173706
0.078890756 -0.4850213 0.064278916 -0.14509116 -0.45682937 -0.5695264 -0.6961601 -0.26140988 2.8528404
-0.16212627 -0.3916471 -0.4924847 -0.8018111 0.02667097 -0.24922933 -0.13163674 -0.5247039 3.3294451
0.4318282 -0.4769229 0.08652977 -0.5385807 -1.3041018 -0.50597346 2.559917 -0.96506083 0.0
-0.21724631 -0.08835603 -0.57848585 -0.78106433 -0.6431288 -0.5091899 -0.2104777 -0.47026855 3.3253486
-0.57229114 -0.24067664 -0.6267479 -0.3362747 -0.028065804 -0.43781072 -0.42242435 -0.3391817 3.4173353
-0.15395038 -0.28763688 0.03833198 -0.4193563 -0.36696658 -0.3599162 -0.1953534 -0.16615285 2.9038463
2.3059802 0.05393122 0.3502113 -1.1095116 0.38509777 -0.26605576 -0.70226914 -0.51105374 0.0
-0.48104507 -0.7383129 0.054695405 -0.44705486 -0.17583567 -0.4808305 -0.6646178 -0.24137281 3.2849362
-0.32672533 0.004523628 -0.5338054 -0.3210724 -0.6007965 -0.4114995 -0.5826852 -0.7455589 3.4080408
-0.11912258 -0.022219714 -0.13562956 0.20930839 -0.4773142 -0.006530108 -0.5205643 -0.62896013 2.6323497
-0.9096539 -0.013680073 -0.5398416 -1.1427275 3.293276 0.5151329 -1.1551616 -0.87589306 0.0
