4.2588334 -0.10467334 -0.46228206 -1.8440859 -1.2250934 -0.4877631 -0.6923828 -0.58546495 0.0
-0.6237941 -1.6889967 -0.3766229 -0.99177384 5.1940055 -0.7757279 -0.6779182 -1.0337628 0.0
-0.28097183 -0.3009169 -0.007839926 -0.44436243 -0.1500006 -0.94506204 -0.3487596 0.12310933 2.6665616
-0.46862265 -0.38015014 -0.62084424 -0.8366113 -0.20298341 -0.52428573 0.10007739 -0.54338354 3.411517
-0.29268295 -0.22419363 0.23814708 -0.8634302 0.33535242 -0.38926533 -0.84969586 -0.9417457 3.1322343
2.1833558 -0.70901895 -0.011664284 -1.3023139 0.12804513 -1.6404951 1.1600404 -0.43355522 0.0
-0.2209814 -0.5125863 -0.12617493 -0.4361923 -0.15394683 -0.8140312 -0.2686842 -0.48187634 3.158104
-0.30080047 -0.25216827 -0.5352611 -0.20942748 0.21419938 -0.5367152 -0.028989907 -0.75249064 2.7288454
0.051229335 -0.5928511 -0.29007298 -0.34039047 -0.09754978 -0.16690755 -0.017873678 -0.6090988 2.5049257
0.57158756 0.324277 -0.8616443 -0.7222702 0.14211306 -0.23815261 0.85662407 0.45005536 0.0
-0.052331887 -0.9544651 -0.65692043 -0.4887638 0.57700914 -0.70215845 -0.34868807 -0.17847157 3.3010182
-0.23745665 -0.6979304 -0.11201706 -0.1754542 -0.72792166 -0.30565494 -0.74945045 -0.5182834 3.3707285
-0.4011647 -0.2305723 -0.33191714 -0.62119085 -0.013968112 -0.04502351 -0.1840131 -0.8186401 3.2703724
0.24914514 0.17308828 -0.052351803 -0.06992248 -1.18297 -0.57709736 2.362309 -1.1943387 0.0
-0.0412169 -0.16971916 -0.44379237 -0.97531575 -0.21469116 -0.44311905 0.24016944 -0.60575265 3.0894227
-0.54902554 -0.3695047 -0.35932216 -0.6432919 -0.5206692 -0.35217124 0.019442042 -0.43045264 3.7449167
-0.2731468 -0.29716268 -0.3576144 -0.45101592 -0.47571358 -0.3674899 -0.38074487 0.17122215 3.1751502
2.4850526 0.16599332 0.47312474 -1.4451967 0.013324079 -0.5015496 -0.58692914 -0.28608945 0.0
-0.79262674 -0.5403036 -0.31373778 -0.56058335 0.5583959 -0.3153341 -0.26784793 -0.47638154 3.047528
0.048267916 -0.29695854 -0.56360185 -0.38036138 -0.04237539 -0.26902068 -0.69214416 -0.7098396 3.1886504
0.29162663 -0.34431002 -0.41699237 -0.047305312 -0.2700535 0.13925968 -0.6242342 -0.6309084 2.8116
-1.3866707 -0.15204726 -0.6586713 -1.3694812 3.864259 0.41559136 -0.63202417 -1.170552 0.0
