2.620561 1.1167096 -0.10751437 -1.4669582 -0.09672897 -0.3964199 -1.0392983 -1.1928902 0.0
-0.26560706 -1.2624118 -0.98050886 -1.1413956 4.2187753 -0.21605891 -0.93833435 -1.1543694 0.0
-0.22892487 -0.15198582 -0.32973766 -0.47595185 -0.24319449 -0.16966207 0.034905072 -1.0053699 2.6199014
-0.44537115 0.00288681 0.0007989805 -0.42116168 -0.2587306 -0.61413634 -0.33740225 -0.5750826 2.8760397
-0.686832 -0.47806954 0.09960869 -0.4129814 -0.2092862 -0.6923049 -0.6315123 -0.2698535 3.1951082
1.3039162 0.0127533125 0.049318537 -1.1201311 0.04848999 -0.6255539 0.41594255 -0.21361375 0.0
-0.28964 -0.36114714 -0.5590511 0.15701684 -0.6744839 -0.54332215 -0.1451851 -0.6294553 2.7086866
-0.7516896 -0.6892925 0.085531466 -0.046865113 0.6125102 -0.48363245 -0.005447121 -0.4054018 1.9243401
-0.32601333 0.11801971 -0.3081559 -0.34706324 -0.5298692 0.10087954 0.12572521 -0.12647647 1.7457954
-0.14243229 0.31555393 0.42484483 -0.46910247 0.22047529 -0.56247634 0.43872935 -0.19875345 0.0
-0.6645442 -0.51774746 -0.38842022 -0.33851475 -0.07057184 -0.5565425 -0.41079035 -0.8292725 3.3573728
-0.17830043 -0.67505616 -0.4742606 -0.46981624 -0.3305568 -0.56146944 -0.22768974 -0.2898318 3.087927
-0.303559 -0.15441276 -0.80658484 -0.8180519 -0.56895596 -0.02613701 -1.0076025 -0.33472273 3.5917058
0.64583075 0.6081332 0.053365115 -0.6493663 -0.30752793 -0.031983107 0.38921064 -0.740072 0.0
-0.6270058 -0.14250179 -0.22832851 -0.7066015 -0.23271349 -0.5005786 -0.1784113 -0.44397223 3.0558307
-0.2215891 -0.64388996 -0.09117291 -0.27983943 -0.28678864 -0.45639542 -0.33924893 -0.7293434 3.0935469
-0.2887939 -0.51780516 -0.39893407 -0.47498363 -0.2548955 -0.5372269 -0.45636657 -0.35717526 3.2907107
2.1600661 -0.38743028 -0.5953953 -1.0213137 0.35852408 0.061770793 -0.6944912 -0.37547266 0.0
-0.63406867 -0.19403917 -0.35175034 -0.34899753 -0.55560946 -0.4125305 -0.1845261 -0.8378797 3.3140543
-0.21456562 -0.34744594 -0.32155317 -0.88264626 -0.414372 -0.5031094 -0.60323143 -0.2976729 3.3938375
-0.5638122 -0.23159285 -0.32877684 -0.7041707 -0.4356769 -0.18619855 -0.63531417 -0.5949991 3.442244
-0.95314986 0.37503716 -0.32611552 -1.4637036 2.1402984 1.4989026 -0.46426332 -1.2553196 0.0
