4.616997 -0.39758646 -0.5486391 -1.3216343 -1.2888238 -0.60402554 -0.99025714 -0.7645955 0.0
-0.38443717 -1.8192942 -1.0396364 -1.1729258 5.3194413 -0.9116483 -0.7418401 -1.3427087 0.0
0.035553228 -0.78573453 -0.3178916 -0.43406874 -0.058870062 -0.34002045 -0.6331974 0.009174072 2.7868156
-0.25067425 -0.39774188 -0.65818936 -0.44707558 -0.13040075 -0.1787188 -0.14007133 -0.67130077 3.091649
-0.47067657 0.09578058 0.6342869 -0.34280205 0.07077971 -0.3138759 -1.037715 -0.7451901 2.656039
1.5739188 -0.81271523 0.3185848 -0.9661048 0.26923284 -1.1323812 0.9658112 -0.23585753 0.0
-0.57739943 -0.20374817 -0.50292957 -0.24382359 0.17296442 -0.50446415 -0.13385074 -0.42421123 2.8518584
-0.627021 -0.43188995 -0.5225727 -0.40512347 0.015562236 -0.7506196 -0.6009192 -0.12517366 3.2124453
-0.001020613 -0.30435175 -0.26651654 -0.65334606 -0.3835915 -0.52596205 -0.19231056 -0.20572698 2.6846561
0.12540065 0.26860574 -0.5543662 -0.6661998 -0.0855233 0.048349924 0.7349115 0.924724 0.0
-0.39877534 -0.88150626 -0.69382167 -0.66615033 0.23582266 0.052270748 -0.4020243 -0.43880185 3.525957
0.10825043 -0.43656325 0.19290236 -0.53480923 -0.4009313 -0.69950116 -0.5526982 -0.064162344 2.8310282
-0.259103 -0.627967 -0.3924729 -0.75585693 -0.3272963 0.02142047 0.048991304 -0.28871775 3.2170851
0.30365402 -0.6501621 0.20242876 -0.60596025 -1.3820841 -0.5960853 2.8293264 -1.2356452 0.0
-0.09864052 -0.31091616 -0.50808525 -0.47773236 -0.6700989 -0.5271266 -0.22965455 -0.5805077 3.2751274
-0.48971096 -0.58909005 -0.5622416 -0.33184823 -0.049211904 -0.5240841 -0.53760195 -0.29298666 3.5564067
-0.15199135 -0.38914713 0.24014746 -0.22831081 -0.47480303 -0.27459234 -0.23113908 -0.35586104 2.848684
2.2750432 -0.33962247 0.7019876 -0.9884895 0.121357076 -0.41029835 -0.84176487 -0.33498693 0.0
-0.4416939 -0.38401 -0.04275022 -0.46358874 -0.47034016 -0.6032919 -0.7545545 -0.37647402 3.3706403
-0.3700122 -0.13680585 -0.28344792 -0.3709174 -0.53723305 -0.2239869 -0.2047289 -0.70223045 3.140715
-0.28361523 0.019534498 -0.07781347 -0.1989963 -0.35027328 -0.14642857 -0.60942686 -0.47792435 2.8959122
-1.0146761 -0.14651869 -0.5116871 -0.7237419 3.2935727 0.28863668 -0.9986177 -0.85727125 0.0
