2.089925 1.0025605 -0.47315362 -0.76374155 0.22216003 0.010338417 -0.543124 -1.0988029 0.0
0.8757363 0.19200654 -0.08470693 -0.6283418 1.4628972 0.062183004 -0.3518875 -0.7812188 0.0
-0.35914585 -0.35700634 -0.23246752 -0.4039132 -0.23198864 -0.37691712 -0.3927303 -0.58405244 2.8612428
-0.28606012 -0.07783326 -0.29778254 -0.579566 -0.18665405 -0.27265927 -0.5284852 -0.65817076 2.894459
-0.092168905 -0.2671085 -0.21765138 -0.53367627 -0.3856622 -0.25468376 -0.45871824 -0.63846755 2.8269603
0.111774616 0.4924222 0.08634172 -0.8019968 0.5109188 -0.01299718 0.5377921 -0.5582499 0.0
-0.31182218 -0.35371235 -0.3696738 -0.41924778 -0.12961498 -0.38186112 -0.16762154 -0.42979765 2.5343783
-0.3757207 -0.20099242 -0.23307315 -0.18534043 -0.3135132 -0.31645998 -0.21305111 -0.34077042 2.1548402
-0.33808285 -0.27918446 -0.38712856 -0.39162433 -0.18688375 -0.38718915 -0.25633824 -0.19825612 2.4128773
0.26143715 0.20046003 -0.1126779 -0.373495 0.14632273 0.038762562 0.47740102 -0.42312753 0.0
-0.4680235 -0.2890518 -0.38838965 -0.4428758 -0.19027038 -0.3123578 -0.38575462 -0.36496785 2.797907
-0.34902567 -0.37006006 -0.33181646 -0.46953943 -0.49902225 -0.3596708 -0.34967908 -0.40732828 3.0157542
-0.39121476 -0.3320504 -0.3459679 -0.47411284 -0.4684326 -0.20389414 -0.39129034 -0.4120864 3.0007505
-0.23689212 0.32889703 -0.1436969 -0.5688615 0.4471319 0.37229794 0.14373815 -0.1870129 0.0
-0.4117806 -0.25211447 -0.33704898 -0.43799952 -0.16848537 -0.25237602 -0.39175662 -0.5642061 2.8372183
-0.34446013 -0.39987317 -0.33142814 -0.46363503 -0.32177186 -0.34066057 -0.38508722 -0.4365513 3.030654
-0.29934224 -0.2686155 -0.43026626 -0.47630852 -0.34006974 -0.34308654 -0.35159183 -0.4509822 2.9533017
0.66326684 -0.17753476 -0.058716133 -0.42689055 0.24598563 0.2493792 -0.01360344 -0.40606028 0.0
-0.19578934 -0.32683864 -0.3495952 -0.59996283 -0.2525545 -0.34201977 -0.36653447 -0.57253623 2.9983106
-0.2537483 -0.22245845 -0.37705663 -0.579528 -0.2807799 -0.23332264 -0.3744405 -0.5480516 2.9136894
-0.19531341 -0.27510285 -0.38579652 -0.5822739 -0.2400376 -0.28728178 -0.45788503 -0.49908686 2.9329343
0.2041303 0.44451582 0.18102825 -0.6812254 0.47818017 1.0315983 -0.03984417 -0.7725374 0.0
