4.4297376 -0.26024687 -0.35433978 -1.4825921 -0.9313084 -0.99769133 -0.7873107 -1.3107744 0.0
-1.0378754 -1.2448968 -1.3161367 -1.211546 4.9829106 -0.5189925 -0.67666334 -0.86846083 0.0
-0.34867346 -0.4606113 -0.71913767 -0.4482238 0.18771651 -0.3520194 -0.60607255 -0.34751543 3.1535027
-0.46585518 -0.10299597 -0.1668419 -0.6420943 -0.3806078 -0.50379497 -0.44817707 -0.40655476 3.2133234
-0.16759235 -0.27810934 -0.12615058 -0.74010503 -0.13672152 -0.19632038 -0.64781195 -0.23107773 3.0417533
1.3163499 -0.74998605 0.27853978 -1.2121956 -0.12597959 -0.8162408 1.1959777 -0.05423154 0.0
-0.79150695 0.13042276 -0.96968865 -0.26717463 -0.02061953 -0.22864954 -0.26533368 -0.68442947 3.0196166
-0.5007742 -0.6238561 -0.25972253 -0.4340404 0.37005737 -0.7799241 -0.3967512 -0.4093673 2.8292136
-0.08613606 -0.19628797 -0.67301035 -0.60377187 -0.19872025 -0.41874635 -0.29938743 -0.42146033 2.821639
0.26755443 0.13763933 -0.88910633 -0.7258516 0.4209714 -0.15541926 0.8777897 0.4574665 0.0
-0.41185737 -0.5980752 -0.5066747 -0.4845251 -0.44396695 -0.4070794 -0.6220663 -0.46874955 3.619312
-0.051818322 -0.6056708 -0.4861263 -0.26848304 -0.30474794 -0.47099322 -0.17601523 -0.26738226 2.984308
-0.25258186 -0.5698813 -0.74271417 -0.3059445 -0.78361267 -0.16118126 -0.6022892 -0.129476 3.489667
0.177612 -0.3514169 0.10006973 -0.82079905 -0.72379225 -0.5374045 2.609564 -1.2254076 0.0
-0.61303216 -0.155875 -0.1933078 -0.40019566 -0.07249171 -0.73061895 -0.42658344 -0.48062754 3.1493154
-0.4248658 -0.7427365 -0.07487963 -0.540991 -0.2472782 -0.5836943 -0.60021025 -0.29539934 3.5178246
0.08055394 -0.97993857 -0.20353997 -0.57470167 -0.48946914 -0.21031855 -0.3463338 -0.42572558 3.2551599
3.0337114 -0.12977582 -0.2888974 -1.2844305 0.15168783 -0.68398577 -0.8265848 -0.88120437 0.0
-0.5083629 -0.3835637 -0.12709461 -0.4124853 -0.23775293 -0.36954138 -0.677061 -0.59428245 3.3481503
-0.025148164 -0.4829012 -0.5743757 -0.69947946 -0.4939617 0.009425625 -0.14556454 -0.5814244 3.2148502
0.019672696 -0.4388988 -0.46641353 -0.5306148 0.0015148896 -0.50472194 -0.5681169 -0.48864982 3.2084239
-0.99196136 -0.24614075 -0.52781284 -0.78402793 2.8625243 0.854331 -0.5771288 -1.1311333 0.0
