3.3925579 0.6015132 -0.13367112 -1.3963224 -0.28498173 -0.7433418 -1.1652554 -1.4263011 0.0
-0.6230524 -1.0639782 -0.8648212 -1.2393991 4.61224 -0.35604152 -1.262445 -1.1384888 0.0
-0.3277938 -0.35263878 -0.7201126 -0.5875058 -0.1006861 -0.4344732 -0.14922658 -0.8227573 3.1264822
-0.12613541 -0.09039624 -0.028302334 -0.62602043 -0.33293778 -0.34986424 -0.5142707 -0.6578483 2.897792
-0.6666138 -0.5751589 0.41698846 -0.35501468 -0.40393838 -0.89516765 -0.8194567 -0.095473945 3.22617
1.3484732 -0.33760932 0.2845485 -1.3105488 0.09667267 -0.65882057 0.2092879 0.18855241 0.0
-0.38966438 -0.43581542 -0.71089643 0.0020986404 -0.52889997 -0.5990712 0.12778394 -0.7734383 2.903696
-0.70312595 -0.45408848 0.40697062 0.03515324 0.56754804 -0.4104479 -0.123151965 -0.77963656 1.7832066
-0.047898956 0.071011156 -0.511296 -0.4902657 -0.5010954 -0.29622427 0.21359834 -0.11044983 2.0118465
-0.22001186 0.42253044 -0.06309316 -0.41112506 0.70563406 -0.4758616 0.3674424 -0.16184583 0.0
-0.45825627 -0.20431858 -0.38725278 -0.35719645 -0.15923661 -0.43715435 -0.49739024 -0.2609616 2.9858913
-0.20833167 -0.6311248 -0.7607686 -0.5856806 -0.38150057 -0.6658147 0.1344029 -0.14596534 3.085603
-0.23210195 -0.25891435 -0.6913563 -0.6837511 -0.3609601 -0.27872035 -0.84287614 -0.4133511 3.513794
0.4895416 0.5212007 0.42286128 -0.58266145 -0.40607572 -0.17540187 0.50839156 -0.73470503 0.0
-0.48520976 -0.1559642 -0.34654224 -0.6499906 -0.22883308 -0.32130724 -0.2398926 -0.49443775 2.9834154
-0.43932626 -0.60607904 -0.061283246 -0.5488604 -0.31849292 -0.47582734 -0.51806986 -0.36411124 3.2402518
-0.8909624 -0.5696302 -0.3954073 -0.5315481 -0.37819433 -0.4653491 -0.35362333 -0.30621782 3.5693786
2.2806342 -0.32812843 -0.61766356 -0.9386512 0.27183226 0.04498216 -0.52239317 -0.6364808 0.0
-0.4697407 -0.29897475 -0.27960205 -0.481862 -0.49233675 -0.25373057 -0.17942074 -0.90326333 3.3743129
-0.32795334 -0.27708584 -0.44763523 -0.6368264 -0.39111385 -0.55616015 -0.26647756 -0.42909184 3.3710818
-0.5520942 -0.2646247 -0.37696078 -0.6240633 -0.45091623 -0.28643775 -0.528032 -0.7114163 3.5279596
-1.3372128 0.35962078 -0.4245459 -1.1397575 2.3499062 1.4867101 -0.39578837 -1.2759497 0.0
