1.7402816 1.1513891 0.121402375 -0.446528 0.5148477 0.36134517 -0.30968562 -0.65813863 0.0
0.63686347 0.44325912 0.21467756 0.16402125 0.9172499 0.44011545 0.3013555 -0.3214946 0.0
-0.1091586 -0.021834504 -0.035040412 -0.37454173 -0.039222784 -0.1994572 -0.25138175 -0.542704 2.5888567
0.0075977063 -0.08717323 -0.23821205 -0.3411491 0.008249064 -0.13811092 -0.22631899 -0.47561914 2.3458526
-0.10393575 -0.111578636 -0.063710324 -0.3983066 -0.065656446 -0.18000458 -0.3194058 -0.49333137 2.674921
0.40074223 0.41739848 0.28231737 -0.13373564 0.4463209 0.09639136 0.323667 -0.18213987 0.0
-0.09648316 -0.27476993 -0.18349841 -0.12852259 -0.04806298 -0.23464783 -0.09030684 -0.3322781 1.8551496
-0.12720841 -0.036459357 -0.092298046 -0.20384592 -0.039859094 -0.24510665 -0.005051347 -0.17563608 1.3509074
-0.07714655 -0.21074015 -0.11237888 -0.22796193 -0.061298076 -0.17619272 -0.12542857 -0.18905243 1.7607162
0.33781868 0.11433233 0.21119145 0.006966498 0.3339184 -0.0034683724 0.3183825 -0.04104107 0.0
-0.22297837 -0.21390392 -0.29604173 -0.23623464 -0.21757656 -0.21797785 -0.2505772 -0.39207932 2.480946
-0.20563495 -0.3056845 -0.23598519 -0.3706021 -0.21752949 -0.29364055 -0.31582946 -0.32478324 2.7072082
-0.23986392 -0.2815407 -0.2974387 -0.3259632 -0.27393374 -0.2508946 -0.3520328 -0.36956376 2.738599
0.23054448 0.3288552 -0.03672154 -0.03760734 0.30422214 0.2909962 0.24147844 0.01499912 0.0
-0.2784396 -0.228215 -0.3014215 -0.33626667 -0.08491654 -0.24758914 -0.28029108 -0.4394618 2.5567527
-0.37550977 -0.2831012 -0.31496698 -0.40382233 -0.1958811 -0.2860856 -0.28018278 -0.36034998 2.9697814
-0.26649338 -0.3272404 -0.27938467 -0.38526672 -0.28054455 -0.29863238 -0.31732434 -0.4064911 2.9789844
0.38283896 0.087503575 0.19265169 -0.13102895 0.34550214 0.34827405 -0.0037104595 -0.1978022 0.0
-0.1729106 -0.18880503 -0.30039957 -0.48285136 -0.2537968 -0.19121763 -0.32650095 -0.5092465 2.932223
-0.16960546 -0.13527963 -0.32253417 -0.50525045 -0.13290825 -0.24564646 -0.33466017 -0.4870065 2.8810453
-0.22287272 -0.062646426 -0.21019281 -0.3963892 -0.02206669 -0.04413423 -0.32578486 -0.43229166 2.6917317
0.5299481 0.5592925 0.6176976 0.0728592 0.7377267 1.1200399 0.35680526 -0.13155778 0.0
