4.681444 -0.33007818 -0.4612306 -1.5090888 -1.0628146 -1.0066048 -0.96457875 -1.2589841 0.0
-0.7506206 -1.6057594 -1.3537673 -1.0056462 4.9795547 -0.71868294 -0.45653638 -0.92648566 0.0
-0.2729878 -0.3554217 -0.6384625 -0.41614202 -0.025113203 -0.28740662 -0.616749 0.11499388 2.8369908
-0.3444514 -0.3973673 -0.12101505 -0.5967287 -0.38103208 -0.24201418 -0.123875715 -0.3785787 2.968067
-0.4098137 -0.17579728 0.18375741 -0.45399567 -0.36922696 -0.54787767 -0.5767839 -0.45142737 3.0232406
1.5428737 -0.8610114 0.41473588 -1.2337003 -0.15659042 -0.8553719 1.0466883 -0.13053311 0.0
-0.7145362 -0.029694507 -0.73418593 -0.40864408 0.07658169 -0.34688368 -0.31267896 -0.55791634 3.0814178
-0.48166278 -0.6345291 -0.29799324 -0.55077755 0.43977568 -0.82437235 -0.42269474 -0.3151574 2.8806236
-0.118085384 -0.19857153 -0.6123893 -0.5694196 -0.2569642 -0.49310955 -0.24766196 -0.21477999 2.7212684
0.1516964 0.10416057 -0.9813767 -0.59255606 0.5194806 -0.10264724 0.98337483 0.2932591 0.0
-0.43239626 -0.62709934 -0.284864 -0.58452445 -0.2725952 -0.33937472 -0.5368903 -0.56568944 3.5863
-0.032911777 -0.44405624 -0.4857593 -0.4123135 -0.14885727 -0.5789296 -0.20645589 -0.20320696 2.9297671
-0.35601068 -0.58191675 -0.7957099 -0.2566147 -0.6811621 0.003394551 -0.52051556 -0.5568099 3.569275
0.22111104 -0.40634957 0.29775795 -0.78767365 -0.83228064 -0.41406894 2.4367888 -1.0753102 0.0
-0.49110746 -0.19244163 -0.44309297 -0.34760723 -0.4135893 -0.51700944 -0.44946474 -0.43666732 3.2633898
-0.4422871 -0.6181838 -0.13761778 -0.32255128 -0.2757739 0.035592146 -0.74637705 -0.16125351 3.1758497
-0.39807248 -0.8600746 0.2815111 -0.605453 -0.22121602 -0.2769405 -0.5659359 -0.5605496 3.2839866
2.8017821 -0.45514917 0.050856553 -1.046508 0.41498393 -0.764739 -0.7953496 -0.7446547 0.0
-0.60859245 -0.46890834 0.04704643 -0.403926 -0.39153257 -0.22160421 -0.4221038 -0.66743827 3.284254
-0.26143298 -0.5130797 -0.5132041 -0.29055908 -0.6108515 -0.024638105 -0.14548923 -0.7472041 3.2659843
-0.25415853 -0.5344609 -0.36412585 -0.3699076 -0.19580536 -0.3164061 -0.656085 -0.43818635 3.2792997
-0.8781048 -0.059020583 -0.6584558 -0.835066 3.0381413 0.4158605 -0.6241069 -0.9880067 0.0
