4.5561213 -0.38158765 -0.3883873 -1.400359 -1.0060936 -0.9342395 -1.037023 -1.1468297 0.0
-0.73426837 -1.5287722 -1.3760016 -1.1723657 4.9994264 -0.77534115 -0.6228233 -0.827763 0.0
-0.27438962 -0.41245088 -0.65783155 -0.5463305 0.12098598 -0.33979926 -0.5617174 -0.3208809 3.106532
-0.32303497 -0.37075356 -0.09168795 -0.5591293 -0.3825746 -0.28208697 -0.33923608 -0.3824117 3.038125
-0.36679316 -0.27803135 0.037840538 -0.5889405 -0.3101727 -0.39299726 -0.6040692 -0.42479387 3.1253285
1.4635124 -0.7167249 0.28601506 -1.1978148 -0.1586858 -0.93685675 1.1214979 -0.062200554 0.0
-0.76607823 -0.015854912 -0.8151382 -0.4401287 -0.03071852 -0.3666147 -0.21699539 -0.56406707 3.1446457
-0.5349817 -0.6508099 -0.23960343 -0.5438829 0.44499323 -0.8372044 -0.4418299 -0.3552565 2.8953109
0.013069219 -0.19687527 -0.61989844 -0.67125267 -0.27536857 -0.49269676 -0.22016947 -0.30962953 2.7590613
0.12046048 -0.06196535 -0.94414777 -0.68077517 0.5364378 -0.14840361 1.2223412 0.20312168 0.0
-0.41201404 -0.56550044 -0.41417682 -0.60488844 -0.37521785 -0.3294884 -0.47340816 -0.5827272 3.6194859
0.12446559 -0.4891387 -0.54138076 -0.32738778 -0.16176192 -0.55377483 -0.25587252 -0.19385691 2.8813715
-0.30128434 -0.56468743 -0.81496596 -0.25558665 -0.7285482 0.015222379 -0.61106735 -0.41127893 3.534373
0.2784023 -0.41006252 0.1546379 -0.725971 -0.86281776 -0.47219735 2.4794035 -1.0361198 0.0
-0.5729437 -0.2988429 -0.25633398 -0.37019038 -0.11867388 -0.541054 -0.5138853 -0.52706647 3.2431698
-0.4912755 -0.74865466 -0.08375115 -0.47065187 -0.34419656 0.023803022 -0.6849126 -0.2742533 3.3239388
-0.23064522 -0.92995507 0.1644549 -0.58009535 -0.24643843 -0.33022666 -0.5905149 -0.6282014 3.3219056
2.9876118 -0.32658762 -0.08821861 -1.2574711 0.2810826 -0.7864691 -0.74987227 -0.88929415 0.0
-0.5022486 -0.41450053 -0.01199782 -0.47807798 -0.21045756 -0.3237881 -0.59791404 -0.64213437 3.295018
-0.22321865 -0.5524714 -0.49729007 -0.34809548 -0.5180235 -0.009433027 0.08541831 -0.6418124 3.1137156
-0.22322373 -0.48384193 -0.4231125 -0.36349952 -0.2234516 -0.3093549 -0.61488694 -0.43797666 3.2593513
-0.9248215 -0.27150914 -0.7441027 -0.7514869 3.109722 0.612311 -0.70203567 -0.9350507 0.0
