4.517254 -0.47890776 -0.7022319 -1.396824 -1.2605644 -0.59316254 -0.6759114 -0.71521443 0.0
-0.31343472 -1.8133216 -0.9254344 -1.1997666 5.2969184 -0.9006067 -0.7146338 -1.3890913 0.0
0.0533135 -0.80117244 -0.32692912 -0.44497934 -0.18562597 -0.3568218 -0.67858595 -0.026875036 2.8641474
-0.18412627 -0.3263161 -0.570542 -0.55419314 -0.01786184 -0.18562138 -0.20925069 -0.7249569 3.0917068
-0.41833556 0.09745657 0.68107235 -0.51183176 0.1234112 -0.37647885 -1.0209738 -0.6660508 2.6497579
1.7470418 -0.6972232 0.23975267 -1.0561417 0.22197212 -1.2989448 0.88959795 -0.21668126 0.0
-0.5303248 -0.16213526 -0.5828693 -0.0791063 0.10298167 -0.5203137 -0.18033071 -0.37766126 2.7828631
-0.68105483 -0.39204898 -0.5484912 -0.24646047 0.12717631 -0.63636374 -0.5556554 -0.19441539 3.0695343
0.096331924 -0.23982544 -0.18178123 -0.72429633 -0.41133875 -0.54254234 -0.25136662 -0.3203893 2.7139797
0.081084974 0.33136722 -0.5911343 -0.67298424 -0.12873447 0.04657032 0.75386494 0.93077165 0.0
-0.61422855 -0.81898 -0.5116566 -0.60543483 0.10950352 -0.33211243 -0.40950134 -0.34146 3.618098
0.06361841 -0.38904738 -0.00378378 -0.3562212 -0.3883568 -0.6196299 -0.58185923 -0.2345773 2.9150643
-0.28358406 -0.5739245 -0.5146974 -0.91522557 -0.17034619 0.036061782 0.1368449 -0.33631265 3.257484
0.27394083 -0.40713775 0.12955272 -0.5491344 -1.3595107 -0.5624602 2.689831 -1.0811487 0.0
-0.24725473 -0.30233467 -0.4453946 -0.5122323 -0.64130324 -0.69457424 -0.03327935 -0.51397574 3.3016984
-0.4371559 -0.51648736 -0.60467625 -0.5128418 -0.0835946 -0.5119421 -0.5208768 -0.37839067 3.6540313
-0.11682391 -0.32732254 0.2274701 -0.34963456 -0.44922107 -0.35216263 -0.0820334 -0.45013207 2.8379576
2.3852596 -0.18370101 0.5891872 -1.0877715 -0.058514774 -0.1555533 -0.81135213 -0.4810264 0.0
-0.47560337 -0.33439997 -0.11026728 -0.53376776 -0.29152635 -0.5853634 -0.7232965 -0.30036142 3.3089721
-0.533183 -0.11176373 -0.34098583 -0.3320901 -0.4220029 -0.010974003 -0.3856329 -0.7133055 3.1239035
-0.34271705 -0.15739349 -0.28201443 0.07716404 -0.41086468 -0.2955224 -0.5346874 -0.57420707 3.0302973
-1.0061024 -0.13743518 -0.66050494 -0.9497609 3.4031665 0.28315073 -0.9970607 -0.77395433 0.0
