2.5912714 1.1282167 -0.0861272 -1.5128736 -0.083236285 -0.37461522 -1.0437562 -1.1633933 0.0
-0.26021966 -1.2375599 -1.0013428 -1.0622329 4.178459 -0.24190773 -0.8644065 -1.2110711 0.0
-0.31804624 -0.13483453 -0.25305107 -0.44754207 -0.29796284 -0.16131043 0.017204715 -1.0272754 2.6422853
-0.47942042 -0.09271012 0.034948483 -0.38761067 -0.2799915 -0.5645794 -0.33608904 -0.5544953 2.868898
-0.6291973 -0.50374264 0.054970823 -0.5569431 -0.2035308 -0.6575221 -0.6193761 -0.3144103 3.2588265
1.3024267 -0.0418859 0.031826146 -0.96780103 0.0759952 -0.5854095 0.39884314 -0.34269923 0.0
-0.31449002 -0.24435578 -0.5518378 0.14710146 -0.77260625 -0.5803567 -0.003412529 -0.53412235 2.6135628
-0.68058854 -0.6596247 0.09271059 -0.06805782 0.61784166 -0.45868796 -0.14684708 -0.35617396 1.9327021
-0.41657305 0.17242384 -0.18406877 -0.36852798 -0.52326536 0.11003944 0.07844267 -0.103859656 1.672047
-0.2072107 0.38181397 0.52960265 -0.5570849 0.28068888 -0.6101646 0.41590065 -0.2776091 0.0
-0.65325016 -0.5285952 -0.39024535 -0.33432674 -0.11661197 -0.44621947 -0.36828047 -0.74118316 3.2555833
-0.21941413 -0.69977415 -0.5405313 -0.49904326 -0.32760984 -0.49701315 -0.24602522 -0.26031324 3.1285925
-0.3217108 -0.28601298 -0.65497726 -0.76015645 -0.59561604 -0.075712174 -0.99047697 -0.35542232 3.5797834
0.69628394 0.68998563 0.025834572 -0.6814179 -0.40123957 0.031029673 0.27114704 -0.71712834 0.0
-0.64188874 -0.115001455 -0.1572584 -0.66988915 -0.25555372 -0.5536135 -0.21361737 -0.37017423 3.0284514
-0.2941914 -0.61817276 -0.17844763 -0.2539636 -0.20869112 -0.5178119 -0.40262234 -0.61732894 3.1132653
-0.2992009 -0.49448422 -0.4218051 -0.50470966 -0.2549631 -0.48305315 -0.5191032 -0.35576248 3.2951105
2.1920848 -0.41865575 -0.6031141 -0.98888993 0.32863694 0.067070425 -0.68388796 -0.41359988 0.0
-0.6564629 -0.16946287 -0.36314315 -0.30906677 -0.5699547 -0.44720578 -0.23392567 -0.7871911 3.303251
-0.16751991 -0.35284418 -0.38647932 -0.90981376 -0.40091994 -0.5008046 -0.5861842 -0.27228165 3.38677
-0.5274761 -0.27135473 -0.36253062 -0.6531218 -0.4812867 -0.19385615 -0.7125734 -0.6187056 3.455805
-0.95615333 0.3299784 -0.32684866 -1.4491961 2.1342933 1.5188087 -0.41838908 -1.275028 0.0
