4.380294 -0.2883595 -0.45962438 -2.029439 -1.3125212 -0.36663508 -0.27442443 -0.3338779 0.0
-0.9010902 -1.4091271 -0.26815557 -0.6281553 4.786414 -0.6528526 -0.1828235 -0.34346533 0.0
-0.36443016 0.14964542 -0.47081333 0.27122575 -0.8531033 -0.608068 -0.4243299 0.15308341 2.3965914
-0.2538496 -0.6143202 -0.8780001 -0.39441046 -0.11081227 -0.5338817 0.6748657 -0.7800077 3.1115136
-0.69005203 -0.33616665 0.45953038 -0.9113279 0.70449525 -0.3577717 -0.76343733 -0.2894078 2.8370898
2.7431953 -1.0566981 -0.19826327 -1.0214585 0.09026683 -1.5881232 0.8417082 -0.6455098 0.0
0.08763183 -0.27133408 -0.37686485 -0.43950143 -0.33148196 -0.6009345 -0.3970418 -0.40518174 2.9997535
-0.65436935 -0.3630454 -0.4833147 -0.8071025 -0.18804052 -0.35656062 0.4361421 -0.23010638 2.910173
-0.5139176 -0.37404794 -0.34128347 -0.33008152 -0.5602747 0.2346721 0.48079854 -0.15151756 2.1680796
0.47382304 0.6384927 -1.0165488 -0.7228443 -0.18958068 -0.53322345 1.4677157 0.2678431 0.0
-0.39162007 -0.64455616 -0.5489579 0.13254157 0.5387931 -0.65421593 -0.65434325 -0.3330111 3.1046991
0.16662258 -0.8673239 -0.04268665 -0.3712127 -0.46392894 -0.39237514 -0.21605217 -0.46310654 2.9025757
-0.44944456 -0.03687758 -0.08419974 -0.5967064 -0.2981081 0.05323398 -0.41909888 -0.7164107 3.2542005
0.018513655 0.047529966 -0.49385253 -0.25772077 -1.345925 -0.6596827 3.0325508 -1.2734113 0.0
0.039763756 -0.09803264 -0.2995865 -0.40485817 -0.32498604 -0.7897865 0.09193146 -0.44420648 3.0109289
-0.7385058 -0.20986897 -0.22676553 -0.8644766 -0.3416726 -0.11544685 -0.2182128 -0.37768513 4.0238442
-0.5847232 -0.22285387 -0.6585474 -0.78127813 -0.021687195 -0.54300475 0.10309964 -0.037851747 3.4263337
2.5754385 0.15420575 0.62842625 -1.2529985 -0.7241885 -0.28883132 -0.67984176 -0.12001305 0.0
-0.8742036 -0.4190886 -0.564036 -0.75117123 0.25753295 -0.34733525 -0.2888838 -0.7134436 3.6046138
-0.21436386 0.13106824 0.020013152 0.1699738 -0.8262495 -0.4695767 -1.049734 -0.8110672 3.3853536
-0.20915566 -0.46824846 0.023823924 -0.54165643 -0.14301385 0.062555045 -0.32306194 -1.0751729 3.1852336
-1.6546378 -0.33220887 -0.8680423 -1.2821635 4.1159396 0.8674945 -0.93805736 -1.1101009 0.0
