1.6877972 0.32837197 -0.19913504 -0.8143941 0.6622782 -0.21439806 0.080232605 -1.3773974 0.0
-0.3543987 -0.034383796 0.22726107 0.71406 -0.4769123 -0.8598207 0.3603959 0.4416969 0.0
-0.08008034 -0.6863989 0.5149743 0.21163052 0.8114925 -0.65724444 -0.28942785 -0.21947291 0.44323644
0.10003197 -0.13468778 0.62908447 -0.6770678 0.4612965 -0.303179 0.578015 -0.11876686 -0.5564312
-0.20427257 0.2748297 -0.044137236 0.03297473 -0.056315266 -0.04405242 -0.12199051 -0.8323551 1.0629334
-0.7381926 -0.8286711 0.08299962 1.4615626 -0.17436902 -0.77554804 0.40427902 0.5815464 0.0
-0.008200586 0.04324541 0.12486943 -0.1002221 0.9163673 -0.47212684 -0.101760685 -0.27671313 -0.11315537
-0.05804755 0.32574534 0.26740658 -0.020253941 0.07675987 -0.23485562 -0.00054627616 -0.1989574 -0.12877706
0.57957137 -0.12670137 0.18427226 -0.2583759 -0.48396137 -0.25277165 0.22596392 -0.45904243 0.59126395
-0.46786255 -0.6717797 -0.36066386 1.3250114 0.520489 -0.81551576 -0.22365312 0.8992792 0.0
-0.34059268 0.11583498 -0.0007186947 0.33782977 -0.043003052 -0.1309451 -0.14461124 -0.15403701 0.32486337
0.013686497 0.3787377 0.031321164 0.06207882 0.042931456 -0.39191043 -0.15749696 0.02932139 0.05269542
0.46701083 0.27160287 0.1584839 0.41212267 -0.28261107 -0.42826864 -0.5110781 -0.20814146 0.12529276
1.2211008 -0.65178007 -0.10806473 0.340799 -0.60402596 -0.65655446 0.20722905 0.27515447 0.0
0.25739613 0.12833044 -0.14383632 -0.16834998 0.0535093 -0.08327381 -0.4816432 -0.26236928 0.6541714
-0.030885272 -0.12603684 0.047000248 -0.43584237 0.08270992 0.049691416 0.018227465 -0.3291135 0.7441147
-0.07414451 -0.19450447 0.34271792 -0.25576556 0.04785917 -0.21546392 0.002956741 -0.38225803 0.7517173
0.30522364 0.18982281 0.3343033 0.3915773 -0.20871115 -0.6986612 -0.15141216 -0.26895574 0.0
0.3949657 0.16856237 -0.26358458 -0.540413 0.004014723 0.036385026 0.033428445 -0.79629904 0.9821844
0.073971935 0.15899372 0.032953776 -0.4401026 0.041854598 0.019490669 -0.15741315 -0.7704393 1.1248991
0.1807518 0.12426788 0.037301827 -0.70634514 0.21950896 0.0465354 -0.34275523 -0.57172614 1.0239617
0.17263408 0.3966564 0.59850705 -0.39413986 0.0058539044 -0.14104696 -0.09472113 -0.7028432 0.0
