1.7904665 0.36632693 -0.2649571 -0.9920544 0.80196667 -0.1838112 0.033457167 -1.4657369 0.0
-0.495511 -0.0041741654 0.31281212 0.7171072 -0.3393879 -0.8925979 0.4453048 0.24529053 0.0
-0.0026974452 -0.7029117 0.5918508 0.41808218 0.9463225 -0.75991684 -0.3915032 -0.35560212 0.3423192
0.102613375 -0.13151477 0.661619 -0.5805556 0.39974108 -0.3087921 0.53004307 -0.043474596 -0.63979733
-0.184768 0.38747185 -0.055504 0.19754334 -0.08974088 -0.11636113 -0.117364824 -0.98692995 1.0600927
-0.754472 -0.9250676 -0.012364993 1.4258751 -0.05517742 -0.74090195 0.47137734 0.6138779 0.0
0.112956 -0.074663416 0.073191926 0.009962243 0.78812695 -0.4452464 -0.036200974 -0.21340393 -0.21799004
-0.04736388 0.27100903 0.119976796 -0.007112091 0.15038072 -0.066861324 -0.15008678 -0.0770757 -0.18967119
0.7602315 0.054015074 0.14403011 -0.27296028 -0.7257416 -0.30607998 0.16012025 -0.3129249 0.47605225
-0.29488933 -0.6618147 -0.4433772 1.3023329 0.64054835 -0.76265854 -0.3860836 0.81250817 0.0
-0.31057012 0.10867982 -0.15188988 0.07902464 0.028650574 -0.053160693 -0.080257736 -0.14547455 0.39455897
0.1569281 0.17957732 0.18766333 -0.12320051 0.022969438 -0.46969447 -0.109185584 0.079261445 0.11093596
0.34997386 0.30931872 0.0942051 0.49681517 -0.38729444 -0.43512663 -0.536678 -0.12898432 0.22140412
1.1427151 -0.686836 -0.05282214 0.4095899 -0.53982025 -0.79261327 0.33109856 0.3872175 0.0
0.23752427 0.090616636 -0.2093765 -0.23178348 0.070746556 -0.06151083 -0.41191468 -0.31549957 0.7620877
-0.1639299 -0.03706026 -0.0953644 -0.2616666 0.14963162 -0.05146194 0.16715232 -0.5122971 0.7869576
-0.06886982 -0.2619888 0.36008668 -0.17996463 -0.042064447 -0.10411073 -0.009033446 -0.5152127 0.8585735
0.2205143 0.2584003 0.23688701 0.20111917 -0.07546381 -0.8283295 0.00913931 0.0016404914 0.0
0.5270492 0.15727474 -0.24670453 -0.6695783 0.102653205 0.15621673 -0.10656222 -0.8622555 1.0175693
0.1483237 0.23785277 -0.08216203 -0.48980767 -0.049520843 0.01900117 -0.08010698 -0.8305962 1.2327764
0.0669912 -0.022719886 0.08326124 -0.7263285 0.32553923 0.1567354 -0.28421786 -0.52799493 1.0817049
0.208736 0.47640494 0.64672875 -0.59604305 -0.0034713184 -0.19462529 -0.16069229 -0.71029264 0.0
