1.6900529 0.00024737715 0.085163265 -0.3911935 1.3391066 -0.26566654 -0.5639732 -1.561226 0.0
-0.048138373 -0.18343621 -0.13537844 0.59806955 -0.39748436 -0.5734853 0.55336565 0.0532531 0.0
-0.31791374 0.037047103 -0.26200026 0.20232032 1.183738 -0.8497725 -0.13895552 -0.66485196 1.3640035
0.19714893 -0.30793703 0.73805887 -0.8650621 0.39379647 0.4023803 0.18426095 -0.36831757 -0.06001222
-0.38554436 -0.012769333 -0.15929766 -0.537454 0.28076902 0.27072033 -0.0029352081 -0.8675659 1.4281756
-0.6529791 -0.69121903 0.67430294 1.229304 0.31097186 -1.1268517 0.061437257 0.19208473 0.0
0.14569677 -0.19101821 -0.11057527 0.101500735 0.7183027 0.3845606 -0.61609036 -0.64739025 0.25800762
0.24786463 0.14119662 -0.24720247 -0.53708816 0.44030386 0.35572913 -0.24810112 -0.46031958 0.32862052
0.49629858 -0.3247966 0.19190387 0.64727473 -0.94160223 -0.16489987 -0.027378695 -0.2732273 0.4533605
-0.55629027 -0.6178541 -0.1752139 1.5932815 0.43470183 -0.24823923 -0.5652991 0.12786473 0.0
-0.45546368 -0.0888673 -0.14098182 0.059900925 0.4678726 -0.047881775 0.052141 -0.10868844 0.32310048
0.24233283 -0.07236747 0.18706262 -0.12665164 0.2905711 -0.46797282 -0.10585914 -0.2243379 0.28788066
0.503263 0.2467567 -0.08037307 0.53650016 -0.45754936 -0.45524812 -0.21577087 -0.39469662 0.3109524
1.3056746 -0.29611546 -0.32519218 0.56877947 -0.76122695 -0.42439514 0.012010554 0.02964867 0.0
0.35155872 0.050023563 -0.251003 -0.024408786 0.17353132 -0.17250301 -0.11417239 -0.5371459 0.57775325
-0.38090414 0.10891174 0.09208241 -0.5038361 0.10065677 -0.24153627 0.1363246 -0.1536947 0.8233648
-0.056021657 0.033020888 0.052094847 -0.26485935 -0.0045215627 -0.09060961 -0.2525742 -0.2895519 0.91999
0.5420726 -0.32282072 0.35077366 0.25901055 0.18853512 -0.39989394 -0.27219173 -0.35177305 0.0
0.49874684 0.30229953 -0.09548413 -0.5735982 0.003870583 -0.08191449 -0.12569048 -0.9637983 1.0994035
-0.098878354 0.18459658 -0.099461205 -0.41743958 0.043556076 0.11156792 -0.014577519 -1.0303172 1.3353854
-0.036591217 0.25015354 0.05261915 -0.7261147 0.12549984 0.17054124 -0.24026336 -0.75690466 1.1931263
0.17848286 0.32009685 0.46378738 -0.5495906 0.11641806 0.3280679 0.25916424 -0.77984154 0.0
