1.4433626 0.44004107 -0.20160738 -0.6160046 0.54383147 -0.33141857 0.01804034 -1.1040837 0.0
-0.4692151 -0.15115592 0.37908524 0.6838548 -0.24193202 -0.9324576 0.4017227 0.3200886 0.0
-0.3167801 -0.4816287 0.53129685 0.06615291 0.84874374 -0.6657264 -0.2724873 0.08025344 0.3177167
0.36020005 -0.21881044 0.73968494 -0.5187235 0.24677289 -0.24330612 0.33671084 -0.20712508 -0.52598286
-0.27951992 0.14784725 -0.119422406 -0.10076937 -0.11283955 0.14708218 -0.18495736 -0.9467543 1.4801815
-0.8293237 -0.6500748 -0.008038783 1.4202344 -0.098338015 -0.71640635 0.552259 0.38578716 0.0
-0.086245045 0.20352733 0.013919707 -0.27531406 0.74356747 -0.18329462 0.12663777 -0.012571375 -0.5406197
-0.17206156 0.57460254 0.3442019 0.0027378113 0.24417005 -0.0028970875 -0.20464605 -0.42354015 -0.4298253
0.44296977 -0.13544028 -0.061401747 -0.19048384 -0.3872858 -0.31163186 0.40854505 -0.26898953 0.55387944
-0.45453924 -0.6717695 -0.32950568 1.4581015 0.28082663 -0.9646621 -0.20008115 0.98437077 0.0
-0.46867648 0.18389992 0.03634241 0.33730957 -0.093876965 -0.12199564 0.22377555 -0.096700035 0.066039674
0.3077001 0.5859863 -0.07337053 -0.1461345 -0.0044293767 -0.37879777 -0.30350205 -0.0050952965 -0.06308572
0.47953886 0.26580036 0.3620679 0.23657739 -0.32468286 -0.49557623 -0.25860277 -0.29034314 0.061229527
1.3356593 -0.76162344 -0.001301005 0.478661 -0.7198683 -0.6482801 -0.15401833 0.3164353 0.0
0.48331854 0.014076947 -0.37786496 -0.047154315 0.16523243 -0.10187154 -0.44849348 -0.26438585 0.51606
-0.0962785 0.039689735 -0.16472384 -0.33163974 0.002339167 -0.27682987 0.12266357 0.05831418 0.6472127
0.04060786 -0.17408323 0.63799757 -0.3559515 -0.13444714 -0.1304328 -0.18786094 -0.2607876 0.5436398
0.6450967 0.10794554 0.2397366 0.57856053 -0.08242939 -1.1058378 -0.19886905 -0.3568852 0.0
0.415476 0.37647206 -0.1888331 -0.6532492 -0.084644996 -0.038776293 -0.05626731 -0.60530084 0.8283285
0.005970038 0.047889836 0.07479256 -0.2879478 0.18251806 -0.13576856 -0.13163944 -0.74236506 0.9824194
0.22895803 -0.031178499 0.065811135 -0.41572815 0.14009264 0.023852315 -0.43362963 -0.63561416 0.99591744
0.08362042 0.006905826 0.6620396 -0.3680815 0.35216942 -0.11412816 0.021224773 -0.6553365 0.0
