1.7205274 0.49673304 -0.5595879 -1.1966953 1.1766975 -0.22598495 0.088471845 -1.5279219 0.0
-0.62016374 -0.017622909 0.6281965 0.6331689 -0.46449625 -1.0429457 0.50263864 0.2400019 0.0
-0.012671428 -0.58483845 0.69029516 0.28947854 0.9787644 -0.77371436 -0.38116366 -0.38228518 0.31187773
0.31527865 -0.0864697 0.60907257 -0.4975412 0.35480303 -0.29687268 0.5751448 -0.13445105 -0.77567637
-0.32185954 0.35312793 -0.02694125 0.2677853 -0.1604373 -0.057259127 -0.19198939 -0.9189994 1.2024925
-0.7571972 -0.88680905 -0.05031284 1.3774999 -0.020334098 -0.7341346 0.53352875 0.6034132 0.0
0.14057145 -0.029574398 -0.098190606 -0.04369687 0.7995428 -0.33517516 0.0117038 -0.12296928 -0.34714472
0.028093524 0.09930392 0.097820446 0.077769086 0.18808706 -0.07630447 -0.271217 0.011127662 -0.14629051
0.7744017 0.022829942 0.08677322 -0.15762267 -0.779089 -0.27873138 0.11569416 -0.21416941 0.32674268
-0.28924376 -0.7872245 -0.5857748 1.4487828 0.54605824 -0.70624226 -0.3349224 0.80486274 0.0
-0.39809114 -0.027712809 -0.060384657 0.1310808 0.0073556905 -0.1124026 0.034174748 0.08375633 0.27917245
0.23311128 0.116488054 0.23734604 -0.24958521 -0.00081407983 -0.47976065 0.0011580641 0.10561378 0.07896108
0.37490824 0.32736167 0.14650707 0.49824384 -0.5537096 -0.56850666 -0.5183302 0.062818184 0.20632622
1.1631615 -0.7342835 -0.088203855 0.59725106 -0.56782585 -0.81434727 0.1705849 0.46073294 0.0
0.13932163 -0.10037144 -0.15093407 -0.117906146 0.18253537 0.008558343 -0.401801 -0.30399558 0.77059424
-0.16550247 -0.024885975 -0.19968581 -0.0815902 0.09382376 -0.12643519 0.14163747 -0.351578 0.7285716
-0.24761799 -0.3557184 0.4177255 -0.10981262 -0.038465906 0.058111243 -0.17433712 -0.32230633 0.78967595
0.40895098 0.25705096 0.16278733 0.2559008 -0.22256556 -0.9332594 0.03990437 -0.015066113 0.0
0.4368314 0.1497315 -0.28295812 -0.77259564 -0.1315783 0.0996233 -0.09604945 -0.7304098 1.3156527
0.136638 0.161989 -0.22130708 -0.47307208 0.018323908 -0.09591548 -0.16401431 -0.87466043 1.5215406
0.00049087964 0.06350899 -0.12930475 -0.54193944 0.14793651 0.14296429 -0.31480983 -0.7192488 1.3669984
0.011405242 0.6260998 0.6606192 -0.6253146 0.07235526 -0.34522122 0.12306063 -0.642262 0.0
