1.1281998 1.1248485 0.9341784 0.87060004 1.1223058 1.1228002 0.8718302 0.8703462 0.0
0.8955533 0.88444877 0.9145795 0.8699862 0.88085884 1.0615258 0.9943188 0.8715138 0.0
0.9501643 0.87349504 0.8924603 0.87094474 0.87766784 0.90907055 0.87357867 0.8715379 1.1289337
0.8723948 0.90596884 0.87258 0.87227654 0.8826087 0.8725304 0.8721469 0.8704947 1.1284215
0.8728479 0.8722021 0.9134533 0.8704318 0.89302826 0.87452996 0.87327945 0.87013024 1.1300004
0.9199382 0.89056176 1.0070118 0.8745491 0.88275164 0.88739985 0.88392866 0.8712808 0.0
0.8719482 0.8706191 0.87085205 0.8723398 0.87188005 0.8720371 0.8719847 0.87275666 1.1298162
0.87125844 0.87127286 0.8737609 0.8724329 0.87167746 0.8710571 0.870747 0.8706894 1.0588557
0.8706425 0.8714208 0.8819822 0.8716904 0.87145555 0.8697526 0.8708027 0.8704235 1.1275634
0.9100095 0.88617307 0.89254177 0.9112546 0.9372991 0.8868225 0.8947784 0.8801401 0.0
0.8701385 0.8713266 0.87131417 0.8716352 0.8699454 0.8759622 0.8704185 0.87072074 1.1279967
0.8714883 0.8727735 0.870604 0.8702873 0.8707303 0.87007654 0.87153226 0.8712064 1.1289876
0.8726439 0.87251997 0.87264264 0.8707219 0.8709562 0.8709703 0.8705094 0.8699447 1.1292156
0.87624025 0.8898899 0.8806551 0.871426 0.88107306 0.9128568 0.8861195 0.8730613 0.0
0.87335163 0.8697711 0.8709076 0.87040347 0.8730523 0.8709022 0.871753 0.8707451 1.1298621
0.87053573 0.871498 0.8710795 0.87010485 0.87223864 0.8726765 0.8719157 0.87024516 1.1300632
0.8703805 0.8701187 0.8713215 0.8701729 0.87196743 0.87015516 0.8706841 0.8709776 1.1301699
1.0172678 0.8794107 0.8757212 0.87597245 0.8762582 0.8747404 0.8781137 0.8702711 0.0
0.88254815 0.871428 0.8704443 0.8697715 0.87124735 0.8740165 0.87124556 0.8704929 1.130117
0.8727095 0.87964153 0.8706762 0.870228 0.8725888 0.87093246 0.8710745 0.87010396 1.1299828
0.87392735 0.87558347 0.87120336 0.8699229 0.8812668 0.8718284 0.8709146 0.8704131 1.1298558
1.0573162 1.019639 0.88266647 0.8714319 1.0517485 0.97064626 0.8733925 0.87178206 0.0
