1.1304295 0.3715091 0.04153146 -0.05238422 0.34361103 -0.31077063 -0.3461945 -1.0534539 0.0
-0.40263313 -0.5212112 0.5477465 0.73491365 -0.4338551 -0.71565217 0.42496523 0.3653204 0.0
-0.21707788 -0.568337 0.21879154 0.6168493 -0.20123106 -0.33199054 0.46342206 0.05934637 0.013545834
0.06687892 -0.08264309 0.48944342 0.07311438 0.013868686 -0.48764542 0.2455031 -0.33767584 -0.012834345
0.03124435 0.07451748 -0.28753704 0.089396276 -0.42524162 -0.08253266 0.34103668 -0.5299343 0.8125273
-0.6007379 -0.5712157 0.39595944 1.1842848 -0.13010412 -0.714704 0.17672393 0.31456903 0.0
-0.14068839 0.207778 -0.0047000777 -0.023748571 0.45509586 -0.3183554 0.04698553 -0.104748785 -0.177583
-0.15735944 0.24053262 0.17307399 0.13112314 0.13620612 -0.20850421 -0.20632826 -0.1485182 0.07017623
0.4235039 -0.07916866 -0.17486696 -0.1542758 -0.013337167 -0.13461456 0.17236117 -0.43790784 0.3967911
-0.3202738 -0.69006586 -0.344354 1.5137714 0.010182911 -1.0010395 -0.0513471 0.824025 0.0
-0.22004862 0.058283653 -0.053735245 0.30206302 -0.0015296531 -0.07456208 0.12858613 -0.14814173 0.0029026102
0.06382517 0.1667 0.0054094573 -0.024583196 -0.0042001666 -0.11305959 -0.1103488 -0.030690424 0.022266496
0.22354895 -0.17617656 -0.066125005 0.15828209 -0.17604347 -0.21888337 -0.066369444 -0.16556762 0.44740096
0.7233237 -0.60916233 -0.1677959 0.7353542 -0.34830528 -0.58218795 0.14249305 0.13815172 0.0
0.11247685 -0.07443278 0.019931866 -0.2576047 0.030034887 -0.030145792 0.050254095 -0.42855594 0.57547283
-0.12643503 -0.22385067 0.07935662 -0.17617534 0.1455482 -0.08503992 0.059902325 -0.17829366 0.5187867
0.0982066 0.009250411 -0.07270824 -0.00547974 -0.1803809 -0.18798563 0.030954726 -0.17538325 0.49962527
0.7841375 -0.37395054 0.47279954 0.31250823 0.06563919 -0.6856087 -0.1908209 -0.4187569 0.0
0.32592317 0.0824673 0.011013266 -0.36463785 -0.053421874 -0.03631589 -0.015683262 -0.5833915 0.6327547
0.14505644 0.22163883 -0.096597426 -0.439088 0.097891696 0.039598 -0.09742862 -0.6060441 0.7394903
0.14864844 -0.11931464 0.025403108 -0.36485988 0.17973159 -0.00059139007 -0.12705147 -0.46205208 0.7331362
0.5320789 -0.23439373 0.5885199 -0.52812284 0.31930313 0.12730366 -0.05097371 -0.86133564 0.0
