1.3525803 0.42155197 -0.12728159 -0.068595245 0.37071848 -0.37822428 -0.39375165 -1.1247903 0.0
-0.28455722 -0.5338085 0.5334199 0.71456033 -0.32967883 -0.7273802 0.4509464 0.25364882 0.0
-0.2731075 -0.5651976 0.20941806 0.50947785 -0.16718411 -0.36468074 0.38504955 -0.09137163 0.3541746
0.07232068 -0.074519664 0.43353933 0.1407327 -0.009065623 -0.48929435 0.13842623 -0.49273726 0.20712022
-0.035864852 -0.15551485 -0.40387967 0.118036084 -0.43560693 -0.03249454 0.351452 -0.4973866 1.0934334
-0.51247364 -0.65868527 0.3516192 1.1882925 -0.09799303 -0.7314246 0.2232811 0.32150126 0.0
-0.12919496 0.08728431 0.03445781 -0.062038917 0.5528857 -0.41501108 0.09457026 -0.13151826 -0.06928301
-0.11187498 0.24766359 0.12018715 0.337084 0.05000412 -0.25413713 -0.07180308 -0.18871994 -0.046458412
0.41884968 -0.23061325 -0.30426866 0.022528261 0.07062321 -0.16160668 0.27336732 -0.70110196 0.531158
-0.20351401 -0.5644423 -0.2910324 1.3712847 0.06057068 -0.9630846 -0.09290184 0.74832356 0.0
-0.20884474 0.16235535 0.075104944 0.25799674 -0.13839336 -0.07532221 0.053111877 -0.21950716 0.06554938
0.18410987 0.09137565 -0.2808833 0.043298226 0.0844896 -0.04962225 -0.036027025 -0.11428378 0.07632447
0.1590428 -0.3270567 -0.059545673 0.1813083 -0.15216416 -0.29319996 0.0786649 -0.24493077 0.7045459
0.73148805 -0.6194894 -0.029987743 0.6405127 -0.13446411 -0.5498323 0.090838864 -0.06875815 0.0
-0.012592922 -0.037274763 0.0017101561 -0.14940886 0.1757419 -0.08459756 -0.04982688 -0.49464378 0.671091
-0.17733501 -0.14547981 -0.05368993 -0.29691666 0.22302021 0.07078406 0.04653035 -0.33391213 0.66853863
0.100295916 -0.04045506 -0.0266479 -0.17290153 -0.026621273 -0.031503607 -0.11044718 -0.3359163 0.6474282
0.7886826 -0.32740226 0.4780471 0.12877114 -0.017470364 -0.55347764 -0.13429628 -0.3033787 0.0
0.3370967 0.12377931 -0.08112737 -0.53042793 0.11723678 -0.11214107 0.05305698 -0.66572034 0.7532885
0.1862175 0.2404903 -0.19621111 -0.4745062 0.2103006 0.092463076 -0.20968336 -0.6336394 0.7838936
0.021283252 -0.079497725 -0.035745725 -0.40575066 0.19264641 -0.010840398 -0.12643223 -0.4016234 0.8495092
0.38233945 -0.18028282 0.6512252 -0.45188615 0.40252113 0.11818664 -0.07400743 -0.9119247 0.0
