2.1602924 0.42250144 -0.07825683 -0.6403603 1.1289364 -0.16696179 -0.7121576 -1.7909735 0.0
0.06150135 -0.015552717 -0.10771808 0.3743714 -0.12673041 -0.55164576 0.5434507 -0.2253204 0.0
-0.22781713 0.02305847 -0.15467632 -0.43259624 1.3192354 -1.0572841 -0.008471272 -0.8387299 1.897895
0.29914826 -0.62155527 0.53429973 -0.6391087 0.5569134 0.22512475 0.15173966 -0.5876332 0.55118096
-0.08766314 -0.26571584 0.24475583 -0.50789285 0.2983584 0.1456178 -0.46135902 -0.7942562 1.5003257
-0.62174463 -0.61658037 1.0124737 0.9906734 0.169035 -1.0934331 0.013308323 0.17739877 0.0
0.042347945 0.05233485 -0.005172838 0.025869373 0.5511027 0.32835707 -0.7213126 -0.69377327 0.27195045
0.37467045 -0.07246378 -0.19561963 -0.24124327 0.47100195 0.36628923 -0.30807972 -0.6552726 0.25431234
0.8049279 -0.27474132 0.16544493 0.56348014 -0.9265763 -0.3116038 -0.15611371 -0.45029894 0.41503072
-0.56304085 -0.55849797 -0.08833026 1.3466927 0.63367707 -0.10858619 -0.43984035 -0.29822645 0.0
-0.3378967 -0.1748136 -0.27813295 0.2040063 0.48182368 -0.018946216 -0.0687472 -0.26552925 0.51177543
0.48124534 -0.16009331 0.18992552 -0.048187062 0.18075652 -0.62580204 0.2357385 -0.49028268 0.33624327
0.49573925 0.47530586 -0.20122808 0.15178388 -0.36800885 -0.40588796 -0.3626699 -0.32205752 0.52655226
1.2469023 0.030009594 -0.287462 0.33780536 -0.98452646 -0.12745345 0.022702761 -0.14634009 0.0
0.6078445 -0.054485086 -0.22964936 -0.15129153 0.24911985 -0.3131668 -0.35909942 -0.4729403 0.71164155
-0.20108168 0.028273022 0.0068326467 -0.48519808 0.21925339 -0.45973626 0.15376456 -0.1931856 0.95324993
-0.13779718 0.037655793 0.034300074 -0.31506193 -0.013822199 -0.0878022 -0.4548701 -0.19713631 1.0810882
0.5508137 -0.26201358 0.49765503 0.14858882 0.16012177 -0.6333989 -0.086877026 -0.3370122 0.0
0.5578243 0.53601086 -0.3961642 -0.74168783 -0.026421698 0.07961853 -0.075820744 -0.9945391 1.0216329
-0.32912093 0.16226557 -0.038937073 -0.354728 0.087124325 0.078965545 0.19980198 -1.1482577 1.2813339
0.19287269 0.35991925 0.25177595 -0.88496244 0.12389848 0.116158016 -0.32801569 -0.91447014 1.0632992
0.47905472 0.06639373 0.6869066 -0.51320696 0.6315296 0.33530295 -0.11582435 -1.19733 0.0
