1.7705362 0.66318846 -0.5265119 -1.3079606 1.0944651 -0.09450566 -0.053273562 -1.6359712 0.0
-0.4657313 -0.020747053 0.32137927 0.61346006 -0.50508946 -0.835159 0.48132154 0.29149413 0.0
-0.21698833 -0.35561317 0.6230115 0.14675796 1.3200556 -0.9512945 -0.43749675 -0.6367994 0.6305673
0.22254403 -0.089892715 0.40690714 -0.454129 0.30582854 -0.29775813 0.20664841 0.22730382 -0.47967628
-0.5757038 0.46308893 -0.073347196 0.2022608 0.20414828 -0.1575157 -0.15808311 -1.0561831 1.1739935
-0.5998994 -0.5723408 -0.17732532 1.4685606 -0.09320607 -0.6845296 0.3079389 0.56079745 0.0
0.089349486 -0.23512053 0.051536385 -0.16100053 0.5868089 -0.3409196 0.02547674 0.15738158 -0.14940153
0.11638725 0.08997935 0.19978976 -0.08354559 -0.009947705 0.07473161 -0.048246842 -0.025192507 -0.24438225
0.46541905 0.19239031 0.24607363 -0.09430668 -1.047008 -0.39918688 0.20910744 -0.2146578 0.6369286
0.11433988 -0.9775897 -0.33341065 1.3087515 0.42755565 -0.38318887 -0.57588536 0.50939214 0.0
-0.54987127 -0.004573342 0.25369078 0.01517022 0.3184111 -0.03359365 -0.1016298 -0.47798255 0.5109884
0.12850797 0.09345783 0.6024126 -0.20697103 -0.010103788 -0.7237468 -0.21630204 0.18596216 0.16628303
0.16671649 0.57613575 0.13708359 -0.016937247 -0.23449917 -0.54363 -0.3970247 0.1622597 0.16053852
1.2159404 -0.70393693 -0.119190514 0.7228295 -0.44484767 -0.9986831 -0.0832563 0.73673135 0.0
0.38305774 0.03837223 -0.1578562 -0.10017921 0.14887457 -0.14802353 -0.3323651 -0.45080504 0.6676985
-0.18963748 -0.017343521 -0.2738504 -0.14974222 0.11159103 -0.10575217 0.15986384 -0.43298128 0.9322613
-0.16384321 -0.23419611 0.20441777 -0.061396975 -0.009546113 -0.038451765 -0.20564339 -0.44134575 1.0050277
0.2767236 0.3999593 -0.20337382 0.19577591 0.19256945 -0.7595645 -0.10354806 -0.08882562 0.0
0.38850734 0.29178166 -0.33635417 -0.79956394 -0.05103068 0.26467207 -0.01609156 -0.8065203 1.0922774
0.066144 0.13157377 -0.25872076 -0.58001065 -0.001868506 -0.093908474 0.121795036 -0.8642004 1.41597
-0.035172615 0.101607144 -0.16184743 -0.7107919 0.1946896 0.24423909 -0.30535227 -0.5996972 1.215282
-0.15547284 0.5117371 0.5187931 -0.303255 -0.008801219 -0.12118558 0.3903866 -0.62462777 0.0
