2.3444357 1.0283955 0.51901644 -0.91678464 1.6181976 1.1356746 -0.584734 -1.436282 0.0
0.21157484 -0.19009571 0.2920351 -0.30701256 0.43213096 0.18245755 0.79502946 -0.054184876 0.0
0.45296207 0.15630966 0.56921506 -0.63992304 0.39856282 0.50061136 -0.09532555 -0.819582 1.2046638
0.63876545 -0.16090122 0.21685642 -0.25603434 0.9735334 -0.35019338 -0.31435448 -0.96567917 1.0695302
0.31778273 -0.050845176 0.82963324 -0.5233331 1.1113286 -0.18910708 -0.6679402 -0.9201583 1.3662869
0.21653819 -0.027344178 0.40348482 0.8707653 0.57674164 -0.27624026 0.12590629 -0.44653353 0.0
-0.090842016 -0.63069355 0.20297521 -0.16408904 0.25563598 0.16311894 0.075226 -0.41110495 1.2007555
-0.21600492 0.15101291 -0.037634566 -0.12955616 -0.19789118 -0.19501011 0.05954822 -0.09699217 0.92357254
0.17090145 -0.22724098 -0.15929575 0.11407339 0.06464845 -0.03516649 -0.14312623 -0.33224675 1.0729449
0.14680524 -0.32719728 -0.10983255 1.0803689 -0.10630893 0.0044021863 0.27903768 0.28618822 0.0
-0.30859387 -0.057351567 -0.32502094 -0.05138029 0.11283954 0.06027164 -0.1940668 -0.48213392 1.5077959
0.13126414 -0.09975659 -0.15609077 -0.35392344 -0.073710084 -0.29650146 -0.3390163 -0.28338063 1.7030568
0.33247316 -0.12924068 -0.2091439 -0.27462468 -0.07093413 -0.08656773 -0.45639265 -0.3846936 1.8376509
1.1237222 0.5095414 -0.22716343 0.038818315 -0.19204254 -0.1712355 -0.106392205 -0.4055842 0.0
0.29244503 0.041410618 -0.3706624 -0.47839636 0.33103186 -0.19931026 -0.21139458 -0.7805201 1.6525719
-0.33938405 -0.016749606 -0.11727679 -0.63163865 0.23984034 -0.14849521 -0.1595653 -0.58122975 2.1752875
-0.079132095 -0.21766083 -0.23287871 -0.5632046 0.07029176 -0.31925753 -0.33892012 -0.595114 2.4687245
0.64153475 -0.39751145 0.4801453 -0.05414457 0.6713546 0.03001953 -0.24136445 -0.7472313 0.0
0.45787382 0.17623697 -0.105847254 -1.0397265 0.11510754 0.13594508 -0.21677244 -1.077057 2.2797909
0.3529948 0.2953214 -0.36183232 -0.8791377 0.39193448 0.012025498 -0.3766115 -1.1086348 2.3589144
0.22010401 0.45795476 -0.28038076 -0.97766703 0.32892266 0.14011183 -0.40175864 -0.99712354 2.2143867
2.0487154 0.8336979 0.062830955 -0.940065 0.34598854 0.39231047 -0.45585844 -1.1618842 0.0
