1.9421041 0.87531227 0.82679456 -0.069056675 1.797363 1.8575163 0.006130326 -0.2695982 0.0
0.06328089 0.09803446 0.43699822 -0.048988465 0.41447052 0.9999029 1.3920541 0.20028295 0.0
0.99906737 0.58370674 0.41971424 -0.2645553 0.46088803 0.8912935 0.27015626 -0.14109087 1.3138822
0.8215627 0.49036327 0.49369535 0.06615771 0.48682338 -0.10692098 -0.03243303 -0.10570732 1.1571394
0.37841842 0.06808992 1.0700208 -0.2054187 1.2354981 0.0843818 -0.16312389 0.05492258 1.290579
0.7982024 0.27434483 1.1815484 0.8259531 0.6115159 -0.04365903 -0.13432808 0.22001168 0.0
0.14341776 -0.42965513 0.3320072 0.044399112 0.8482045 0.50940615 0.24651687 -0.083924204 1.4879518
0.2955104 0.44562313 0.10964989 -0.24360394 -0.24248996 -0.112685524 0.49418068 0.16320108 0.9301279
0.39297432 -0.19100066 0.11643333 0.04889228 0.050103024 0.37349075 -0.1699907 0.23362374 1.0632181
0.7123691 0.10792912 0.20009775 0.76485294 0.20794046 0.6975825 0.68063146 0.008746151 0.0
-0.44324067 0.13617317 0.43710315 0.27392963 0.47873345 0.017913783 0.048439864 0.18365283 1.4363662
0.06855689 0.3103984 -0.31630862 0.24147405 0.08425213 0.25453407 0.14994283 -0.2977194 1.6465176
0.5579045 0.005865911 -0.37716115 -0.1498383 0.6678349 0.5333896 -0.2212127 0.07897682 1.722389
1.2063758 0.89924806 -0.21698909 0.364468 0.52197224 -0.28535166 -0.049186267 -0.27067274 0.0
0.61608475 0.13726214 0.20073293 -0.15935306 0.24565922 -0.15489496 -0.16850299 -0.091489024 1.6472855
-0.08044345 0.47915608 0.11227147 0.035934612 0.04252401 -0.017137563 0.21413036 -0.20290746 1.8844416
-0.14446059 -0.3911014 0.25153458 -0.13060088 0.18753737 0.011851306 0.08023213 -0.07997773 2.1620452
0.42035878 -0.003519231 0.6285294 0.2550447 1.0289772 0.38249207 0.20400591 -0.25804466 0.0
-0.08238213 0.1698904 0.19508575 -0.17486285 0.24690346 0.6240104 0.09770789 -0.23891376 2.128633
0.25109452 0.17463766 0.258634 -0.26200923 0.47017917 0.056057103 0.1448612 -0.25619859 2.1018562
0.47517648 0.87380046 -0.051886007 -0.22909619 0.21312211 0.15504105 -0.09746796 -0.20222533 2.0676258
1.6916504 1.3756074 -0.09926614 -0.2502089 0.7192 0.6608589 0.16081278 -0.25228965 0.0
