0.19297557 -0.056311216 1.8762889 -0.5595769 2.2507575 -0.13501595 -0.12172514 -0.6432784 0.0
-1.3055886 -1.3073139 6.772009 -0.39560443 0.046945933 -0.048569843 -0.03145475 -0.5517855 0.0
-0.044221085 -0.6361992 -0.45146793 -0.39641663 -0.2984571 0.5598967 -1.2163668 -0.1391264 3.0152714
-1.2109244 -1.5628514 -1.4563036 0.48391494 -1.1284533 -0.0658051 -0.33721814 6.696934 -0.058093514
-0.21893148 0.46749306 -0.21763712 -0.32376885 -0.49246675 0.4207768 -0.9202517 0.36362442 1.7788566
-1.5181904 -0.093591884 -1.0208105 0.3154395 -0.62029773 -1.0204386 0.049139854 5.9251595 0.0
-0.15041491 -0.44858137 -0.58436006 -0.15326563 -0.092681445 -0.7210637 -0.4860046 -0.553165 3.2072577
-0.088556774 -0.6581393 0.0028076612 -0.04445036 1.649731 0.22396442 0.10303095 0.52130705 -0.38396645
0.025085298 -1.2323555 0.20831327 0.10980598 0.17335981 -0.23334277 -0.47419578 0.022659274 1.6076069
-1.2975851 -0.061552044 -0.108293824 -0.15220797 -1.1406786 -0.20738584 -0.9602419 6.6994476 0.0
0.04769595 -1.326664 -0.07695254 -0.22814682 -1.31508 -0.31763035 -0.88884795 -0.15806906 3.9633756
-0.3182641 -0.3749459 -0.58100754 -0.59798 -1.2056369 0.1525949 -0.64597744 -0.030741837 3.4820614
-0.10301513 -0.09624431 -0.54198253 -0.24228065 -0.6032093 0.1647279 -0.3656815 0.80499476 1.9178602
-0.012063819 -1.4239473 0.9876891 2.0230255 1.2424006 -0.05263917 4.2289734 -0.40058246 0.0
-0.047258276 0.009911607 -0.23839176 -0.14956114 -0.58422124 -0.15656573 -0.66240585 -0.36786264 2.6645608
0.15415722 -0.166449 -1.2716992 -0.53074074 0.23232868 -0.19145034 -0.2051108 -1.1723735 3.1529143
-0.23040697 -0.22187209 0.01878757 -1.0719029 -1.142108 -0.5349759 -0.81858945 -0.45895693 3.5465167
5.46294 -0.43115768 -0.61022526 -0.435408 0.14333682 -1.4107803 -0.5919448 -0.17079912 0.0
-0.097461075 0.6633293 -0.27641568 -0.35343793 0.17624448 0.09958457 -0.28307933 -0.5658746 1.7877779
0.8720648 -1.5117416 -0.16317797 -0.35469532 -0.26873755 -0.4458982 -0.5406757 -0.9054279 3.0512855
-0.09847327 0.4140823 -0.90406054 -0.09627021 -0.5260108 0.57958084 0.1070142 -1.5569328 2.5262282
0.044008233 -1.8308681 -0.42946303 -0.064719535 -0.9723645 -1.3141308 5.2300596 -0.49177167 0.0
