0.16024622 1.0881047 0.9705639 -0.5099747 1.9074142 -0.12651482 0.74465996 -0.81060344 0.0
-1.3361104 -1.3317242 6.890414 -0.6016719 0.19177683 -0.10463527 -0.0831044 -0.7874116 0.0
0.10398853 -0.59963065 -0.47547227 -0.073653 0.05700041 0.72699296 -0.3757119 -0.52570367 2.2822788
-1.493403 -1.8788896 -1.5945221 0.666413 0.037256405 -0.13492815 -0.3819888 5.8150854 -0.15071228
-0.41004333 1.4696803 -0.12553123 -1.1453487 0.044202898 -0.33335045 -0.52129877 -0.40234587 2.0856962
-1.8389517 -0.18387072 0.39819318 0.389542 -1.293743 -0.8314275 0.084036134 5.1600018 0.0
-0.2752397 -0.32500613 -0.2005855 -0.46973264 0.12974274 -0.15017413 -0.73292077 -1.1076779 3.4052088
-0.41711116 -0.11630197 -0.64874315 -0.4065677 1.2621583 -0.37458146 0.51309115 0.21918687 0.7754527
-0.3339848 -0.48560596 0.31499016 -0.4734521 0.055338744 -0.22875021 -0.63578147 -0.28539425 2.3538895
-1.4583031 -0.11116948 -0.2504867 -0.17745946 0.13048041 -0.3924988 -1.0335569 6.0023623 0.0
0.1501401 -0.4710503 -0.3346851 -0.2186677 -0.90576285 -0.9309996 -1.0903581 0.10729253 2.968589
-1.0649486 0.069115214 -0.5309085 -0.87555397 -0.3270171 -0.6045878 -0.19391291 -0.34411833 3.4192815
0.23645353 -0.2858482 -0.066298306 -0.627512 -0.94593185 0.8189081 -0.6700532 -0.5112486 2.5157452
-0.511199 -1.8402928 1.0534507 2.4068499 1.0603466 -0.05847292 4.218683 -0.42991513 0.0
0.08563223 0.19323188 -1.0615635 -0.15838315 -0.87074554 -0.09534311 -0.6834844 0.08022682 2.8658037
-0.48121783 -0.13243377 0.4926262 -0.13117304 -0.43554226 -0.42850438 -0.7262142 -0.78880453 2.8947315
-0.2924802 -0.8411992 -0.031173304 -0.92535925 -0.3495787 -0.26039845 -0.40837276 0.011825962 2.9516652
5.581911 -0.40650982 -0.85489315 -0.45893076 0.18182598 -1.6545827 -0.548595 -0.36488762 0.0
-0.6263075 -0.44455546 -0.6214592 -0.6144362 0.86277986 0.46307638 -0.23397426 -0.90546775 2.4558372
0.19340067 -0.0970738 -0.503044 -0.27785373 -0.41577238 0.40854985 -0.74709374 -0.44471171 2.69904
-0.32592994 -0.18341325 -0.40510118 0.38013887 -0.49468073 -0.012117593 -0.3520286 -0.5670912 2.3175378
-0.022223469 -2.2459948 -0.5135691 -0.09596022 0.041347053 -0.9170837 5.1779532 -0.8901702 0.0
