-0.0996894 0.0014950264 4.471863 6.751525e-07 0.33698437 0.19631475 -1.2881181 -0.24959527 0.0
-0.51088554 -0.30353346 3.0885065 -7.1520283e-09 8.0834535e-16 -4.7637967e-17 -3.3324915e-22 -1.7011472e-07 0.0
0.007735733 -2.9188623e-05 -1.6028178e-05 -0.015866203 -0.78835475 4.4414694e-09 1.4093028e-10 -6.010154e-05 2.0852742
-6.987913e-05 -0.0007799224 -0.035772752 7.104686e-07 -0.35831815 -1.5613632e-19 -0.0020241018 2.3483882 -1.3334698e-12
-1.6841912e-07 0.0076421537 -1.609335e-05 -0.49159232 0.46184796 -4.9003097e-07 -8.2912806e-09 -0.0018131038 0.067777306
-0.000460246 3.7796537e-12 -0.32118574 0.026282955 -0.029654939 -0.0031187932 -0.000118164215 4.9630747 0.0
3.5067904e-05 -0.09080141 -4.4730755e-06 -0.071715705 -9.844e-42 9.590266e-11 -6.999974e-07 -1.38521125e-14 0.67325634
1.6662953e-13 -0.00034742858 -0.0015894512 -2.989344e-07 0.0025710005 -0.15927042 0.80033237 -0.0012694082 -5.5645013e-09
-6.589348e-05 -7.4067265e-07 -2.6010407e-06 -0.021270381 0.2765764 -0.0004560837 -7.86946e-10 0.8148824 -0.01034221
-0.01082162 -3.8848403e-13 -8.710126e-17 -0.00027431495 -0.19705985 0.08609132 -0.047676113 1.6228555 0.0
-4.6216033e-07 -1.0192291e-06 -1.2633843e-07 2.0519052e-13 -8.3493114e-07 -1.3798711e-05 -1.6476113e-07 -0.027293835 0.23503159
-1.3193445e-06 -1.2425253e-12 -3.0849122e-08 -0.00017895346 -5.846648e-11 -2.4180974e-05 -2.5382555e-16 -5.0388313e-14 0.014830085
-3.2706868e-07 -2.602522e-05 4.927687e-05 1.252427 -1.4752927e-08 2.3526004e-08 -3.9948494e-13 -1.2572144 7.1672956e-05
-0.0009276851 -0.14240335 0.08317298 0.22090088 0.009788576 -0.001438451 4.9609594 -0.043639503 0.0
-1.2627445e-18 6.2500946e-32 0.078686036 -9.906e-42 5.7772887e-11 0.37454516 1.8089271e-09 -0.6781897 0.010308006
-3.975901e-11 3.6683808e-27 0.0036878975 -5.2898453e-11 -5.2546786e-12 -0.4830341 2.6217452e-07 -4.8741595e-06 0.8387647
-4.5118496e-09 -0.002851784 -1.31331e-07 -0.22839531 -0.31747657 -0.64875597 -3.1426622e-23 -0.032989144 3.0699503
1.6407597 -5.8680253e-05 -4.235122e-07 -0.04704882 -0.056672003 -0.0019903383 -0.09423777 0.0016517511 0.0
-5.303461e-13 2.2623673e-30 0.019468773 -6.17238e-05 -0.014749472 -1.1961512e-14 -1.2253415e-06 -8.508696e-07 0.0010821457
4.5915442e-08 -1.6261463e-11 -0.000609879 -5.4520364e-12 -8.058615e-09 -0.0034944394 -1.8013454e-08 -6.766496e-05 0.06870153
-3.4445085e-05 -0.37412414 -1.5659489e-10 -0.0015563384 -6.4885964e-05 -2.6707681e-08 -0.03256195 0.0046186172 1.1165113
0.040184516 -0.00078959845 -0.17007019 0.000374378 -6.173528e-05 -0.006636198 1.3015797 -2.1008033e-12 0.0
