2.2661767 -0.18001968 -0.6001767 -0.49681723 -0.19282463 -0.08894907 0.3095399 -0.8582058 0.0
-1.0933174 -0.48180667 1.9035157 -0.7800239 1.0157534 -1.1152745 -0.15640232 0.45211944 0.0
-0.06782493 0.042943828 0.55503446 0.3494721 -0.12519228 -0.33165917 0.10017952 -0.0033829857 -0.3620759
-0.106725335 0.055744234 -0.21530534 0.49070424 -0.4430056 -0.07057142 0.23390593 0.07761617 -0.1147577
-0.31598607 0.23940744 0.016074404 0.17382276 0.54673606 -0.088715695 0.019845726 -0.24699284 -0.25068823
-0.51829773 0.86418927 -1.8459271 1.772322 -0.113240615 0.04426353 -0.045638718 0.037602052 0.0
-0.24811852 0.037264705 0.29565582 -0.3823946 0.49271044 -0.41707817 -0.3125414 0.5035163 0.17685822
-0.0793574 -0.012601991 0.26086956 -0.026602278 -0.013860362 -0.052872688 0.08778887 -0.09888479 -0.04178364
-0.09270681 0.5419209 -0.22268644 -0.24769679 0.21458326 -0.017935917 -0.18808642 -0.028583035 0.13819519
0.32220316 0.3358916 0.7292247 0.42907026 -0.84722304 -0.5503703 -0.13589245 -0.020870693 0.0
-0.2784249 0.24658358 0.16433342 -0.012963112 -0.051274117 -0.0989063 -0.39957225 0.16332465 0.28618792
0.38557667 0.023199968 -0.099498756 -0.21109837 -0.08535165 -0.14989793 -0.094603784 -0.052301288 0.2842341
-0.32350573 -0.2682881 0.3471729 0.26127693 0.12959245 -0.31396174 0.02028429 0.056514334 0.2085968
-0.42038786 -0.12574364 0.3071672 0.64834833 0.081453905 -0.45790118 -0.29442522 0.2337945 0.0
-0.24227493 0.175932 0.35701278 -0.3418762 0.14438191 -0.31735656 0.0703233 -0.011928978 0.20673506
-0.18190338 -0.09178118 0.28765562 0.059619345 0.2824117 -0.34896934 0.07871217 -0.12276891 0.20081821
0.17155321 -0.13185838 0.02675264 0.05308859 0.05127591 -0.10726909 -0.15617616 -0.33850273 0.36922613
0.22465648 0.0074079805 0.16731033 0.4433966 -0.18872915 -0.16931814 -0.16829684 -0.42466468 0.0
0.41874108 -0.05400286 0.22370306 -0.6992539 -0.054348014 0.20645957 0.09514657 -0.20302582 0.20324506
0.15687357 0.10338579 -0.25688612 -0.20087491 0.20791663 0.07682166 -0.109859996 -0.38386074 0.40481636
0.14706707 0.053265 0.120345585 -0.22060733 0.31528428 0.15426844 -0.1665162 -0.59148806 0.20577522
-0.06396086 -0.035825476 0.29456708 -0.044412047 0.2731376 0.13979392 -0.10710824 -0.2861488 0.0
