3.5302625 -0.280113 -0.4484703 -0.6665483 -0.68476015 0.77236104 -0.58530074 -0.3312625 0.0
-0.30125082 -0.019593364 6.689412 -1.5296807 -1.0737531 -0.9930542 -0.36725703 -0.6527975 0.0
-0.28394672 0.109640315 -0.35390925 -0.4270275 -0.21400405 -0.07961504 -0.29631454 -0.60113174 2.983662
-0.5280378 -0.079053774 -0.31750628 -0.277331 -1.1875061 -0.22883292 -0.49359852 5.3880286 -0.07786717
-0.37603477 -0.20705996 -0.27200854 -0.41785032 -0.37694842 -0.1943784 -0.2513051 -0.42254052 3.1078606
-1.1286958 -0.71467465 -0.24739602 0.1770333 -0.32429165 -0.68416274 -1.1186135 5.392749 0.0
-0.36404058 -0.45286834 -0.4454868 -0.19765355 -0.22116998 -0.29154283 -0.16886975 -0.20645905 2.8198628
-0.08293467 -0.2558065 -0.34499007 -0.53713685 -0.14684857 -0.36088848 0.003949593 -0.13864899 2.4310577
0.6588336 -0.32502824 -0.5274993 -0.44883674 -0.6286469 -0.43449035 0.091258116 -0.1888642 2.19073
-1.278465 -0.116924286 -0.48572508 -0.46488798 -0.72157353 -0.4698828 -0.071312845 6.0001326 0.0
-0.19971362 -0.45004788 -0.3861211 -0.59582746 -0.39132294 -0.20220639 0.038754445 -0.19944967 2.908203
-0.2788698 0.04781637 -0.43336588 -0.52346855 -0.27346748 -0.27780867 -0.43687308 -0.334551 2.8306127
-0.25622207 -0.48706803 -0.7137431 -0.30686542 -0.07816495 -0.28711703 -0.20223203 -0.34485 2.9893582
0.18739621 -0.30747637 -0.480075 4.4630237 -0.32020554 -0.8616397 -0.25715762 -0.07396978 0.0
-0.18675677 -0.19910835 -0.33492818 -0.3973331 -0.13974488 -0.23038407 -0.27806368 -0.43120036 2.3255763
-0.36493853 -0.31933922 -0.3461966 -0.5151659 -0.16957198 -0.32088318 -0.32042137 -0.4773516 2.9363658
-0.40447265 -0.42288604 -0.29618645 -0.5262574 -0.2785346 -0.2942687 -0.3730871 -0.41952726 2.9875958
3.9247084 -0.44766894 -0.44230118 -0.41029975 -0.3769089 -0.1491295 0.318548 -0.18317923 0.0
-0.18763298 -0.2573172 -0.6643454 -0.15354337 -0.18425193 -0.27051842 -0.26369104 -0.22349292 2.7008972
-0.22878839 -0.20676863 -0.3746229 -0.46009317 -0.020688439 -0.28538728 -0.3052716 -0.58756477 2.7588477
-0.25863412 -0.10899269 -0.3951404 -0.48228833 -0.24382968 -0.27220774 -0.35176572 -0.53538615 2.86528
-0.42082486 -0.38129 -0.26656356 -0.39113158 -0.72994244 -0.4683514 5.05093 -0.4960035 0.0
