4.7827744 -0.609282 -1.2038827 -0.40752792 -0.4442652 -0.31058037 -0.76778555 -0.8907422 0.0
-0.9013758 -0.7794126 7.2989125 -0.90134126 -1.4203204 -1.065678 -1.6017739 -0.73901063 0.0
-0.2036142 -0.25313097 -0.38197127 -0.20512271 -0.6959423 -0.47566915 -0.92424816 -0.7702705 4.259908
-0.95132554 -0.72688776 -1.1857437 -0.51990575 -0.07623918 -0.85407096 -0.37882984 5.4921265 -0.6076822
-0.517197 -0.5302435 -0.31783557 -0.23784174 -0.049709488 -0.38477343 -0.41619578 -1.143653 3.821384
-0.8614243 -1.4231315 -1.699707 1.2008526 -1.2384979 -0.95499355 -1.0558244 5.7700934 0.0
-0.72929263 -0.5246938 -0.83021766 -0.36368027 -0.72484565 -0.5396431 0.49788094 -0.44326243 3.6091447
-0.09499314 -0.37982106 -0.35379425 -0.56924903 -0.6773511 0.24321653 -0.45161375 -0.786978 3.1414535
0.21687892 -0.00075627264 -0.28106257 0.012744317 -0.4604996 -0.5409003 -0.26356217 -0.94751626 2.6347606
-0.78288597 -0.9439268 -0.52884585 -0.85100275 -0.9646001 -0.56014097 -0.49553466 5.924382 0.0
-0.4646221 -0.23160566 -0.32640332 -0.84653413 -0.57789475 0.07433487 -0.2717667 -0.29576114 3.242595
-0.6245215 -0.4112974 -0.03897541 0.32499728 -0.78530216 -0.10984727 -0.5520378 -0.61529607 3.158576
-0.5793143 -0.33916703 -0.84193164 -0.344844 -0.29388306 -0.5714331 -0.38067496 -0.41473383 3.705549
-0.55117404 -0.6718531 -0.87579095 5.7955947 -1.1057857 -0.8241775 -1.0557986 -0.48878366 0.0
-0.599368 -0.21969417 0.27690306 -0.21528907 0.008908934 -0.78655756 -0.37056744 -0.16707052 2.5231607
-0.5763861 -0.50229406 -0.55404454 -0.42644683 -0.06600393 -0.032088965 -0.2869671 -0.57985777 3.0046508
0.07066894 -0.9073895 -0.59853756 -0.3137348 -0.14614645 -0.16572791 -0.4882224 -0.05710562 3.0629234
5.961181 -0.675059 -0.7296505 -0.9790956 -0.42935476 -1.4210864 -0.89907235 -0.68100166 0.0
-0.017567806 -0.44718245 -0.85924816 -0.64278436 -0.26813683 -0.4558668 -0.51281935 -0.59434015 3.6758764
-0.19627777 -0.18780263 -0.50664043 -0.63340634 -0.14405493 -0.6016891 -0.49383956 -0.52342254 3.0343559
-0.4260595 -0.39317492 -0.20105839 -0.40818447 -0.34247056 -0.5919039 -0.008088527 -0.91370547 3.169638
-1.168748 -1.0371318 -0.8727778 -1.1532501 0.16207135 -1.7750286 5.652887 -0.6953496 0.0
