-0.8490733 -0.010026667 3.6014712 -0.24445973 1.6514552 0.2864566 -0.5429487 -0.31701463 0.0
-1.2412412 -1.2085322 6.4917283 -0.1577352 0.0059103607 -0.00896741 -0.0036891943 -0.25300026 0.0
1.5190343 -0.6857912 -0.48249698 -0.68215257 -0.4791387 -0.07998537 -0.5808674 -0.045710247 1.7923101
-0.764869 -1.0442345 -1.1942195 0.23993625 -1.0608629 -0.0095003005 -0.25668746 6.3291135 -0.0029450015
-0.47333363 -0.10776534 0.5553929 -0.616918 0.19798313 -0.4576889 -0.8177519 0.3925062 2.0884516
-0.97026753 -0.018965527 -0.9598513 0.30274406 -0.5270024 -1.5429213 0.013126501 5.7531734 0.0
-0.0016218319 -0.27982718 -0.92066854 -0.4764723 -0.011042505 -0.83878136 -0.60025305 -0.117398925 3.4030533
0.26873437 -1.4293178 0.08785198 0.088716745 0.9690009 0.16526388 0.26698944 0.73656064 -0.12340549
0.7518787 -0.27257705 -0.19601318 -0.002060291 1.0768856 0.21657604 -0.29177633 -0.8206694 0.49729028
-1.0049416 -0.016788252 -0.01707699 -0.1087641 -1.0393966 -0.05100597 -0.8174585 6.2180624 0.0
0.018987987 -0.6390763 -0.71144104 -0.019039223 -0.44523627 -0.034030277 -0.39732015 -0.005564673 2.8772395
-0.3858213 0.0044376934 -0.6023436 -0.14863463 -0.30748922 -0.1918934 -0.13672681 -0.9082851 2.7851398
-0.77004284 0.26824635 -0.34772727 -0.67019945 -0.73011225 0.37743312 -0.20347208 0.1629067 2.0802736
-0.010555217 -2.0658734 0.5988726 1.5169084 1.0419781 -0.045498833 4.9180107 -0.35992947 0.0
-0.14763406 -0.021294447 -0.7078892 -0.0012429152 -0.11478123 -0.90138274 -0.18754956 0.14390218 2.9159503
-0.15192334 -0.056337312 -0.29237208 0.018793454 -0.8446829 -0.36603117 -0.52226686 -1.0992001 3.4477394
-0.15605384 -0.3094578 -0.078334704 -0.77021635 -1.1363057 -0.7092585 -0.07679223 -0.43679088 3.591909
5.079121 -0.27128628 -0.29137993 -0.35840362 0.083905764 -0.9951829 -0.53626823 -0.21425562 0.0
-0.52866167 -0.03909097 0.65653604 -1.5905241 -0.42451805 -0.43072006 -0.10788882 -1.5041959 3.590621
-0.97692865 -0.1671826 0.5654136 -0.49966198 0.16285533 1.0597725 0.1726356 -0.7617134 1.4385799
0.22526775 -0.17953792 -0.1411747 -0.031733904 -0.23029438 -0.29592344 -0.113211304 -0.37075827 1.970589
0.36496574 -1.1697376 -1.4564228 0.7919817 -0.6780595 0.11323741 4.8319135 -0.13351223 0.0
