-0.000322799 5.0693437e-08 3.6196136 1.647662e-26 0.0032396626 0.066481784 -1.0381665 -0.0018601968 0.0
-0.039447825 -0.005529194 0.36441332 3.371275e-38 -9.844e-42 9.812e-42 -9.871e-42 -1.7028728e-30 0.0
4.6154588e-07 1.2694207 -1.5670295e-20 -1.96782e-09 -0.09373804 1.4744697e-27 -1.2694209 -2.6368287e-19 0.26634762
-4.71085e-16 1.2702984 -1.0906872e-06 -1.2702985 -0.0155463945 -9.833e-42 -9.440007e-10 0.1360023 9.899e-42
-5.5704364e-35 8.439137e-10 -3.9872483e-22 -0.008080687 0.007484979 -4.8115436e-34 6.722e-42 -6.347874e-13 7.0557894e-07
-5.648466e-15 -9.809e-42 -0.013559344 0.026183657 -6.2098025e-06 -1.7461213e-11 -3.567815e-18 4.9443135 0.0
1.6387794e-12 -9.443472e-06 -1.5472998e-24 -9.023042e-05 -9.844e-42 9.843e-42 3.3629262e-31 -9.844e-42 0.004834009
9.911e-42 -1.331519e-15 -2.6159303e-12 -2.8457396e-26 1.0458477e-11 -0.12101404 0.6081124 -2.707963e-10 -2.3679648e-37
-2.447198e-19 1.4112074e-31 -8.0650854e-23 -0.00019358587 0.046161562 -1.2704557 1.2704557 0.116162844 -4.0105452e-09
-1.3570271e-08 9.902e-42 9.823e-42 -3.188485e-12 -0.0015671867 3.7653183e-06 -1.1129912e-05 0.047217574 0.0
-4.7590092e-32 -2.3204617e-27 2.3336728e-33 -9.92e-42 9.676385e-33 -4.6567365e-23 7.900478e-32 -4.398886e-06 5.6434495e-05
4.542765e-33 -9.868e-42 9.902e-42 -4.4856e-18 9.91e-42 -2.1060694e-22 -9.913e-42 -9.897e-42 1.3890171e-10
1.5275571e-31 -1.8654952e-21 4.8013702e-32 1.1335932 4.958537e-39 -1.6720275e-37 -9.822e-42 -1.1379268 9.652807e-21
-7.456991e-07 -5.508313e-05 0.00026462317 0.12256924 8.003617e-09 -5.17585e-08 2.7369108 -9.185223e-05 0.0
-9.809e-42 9.833e-42 3.1866324e-07 -9.906e-42 9.875e-42 0.024625622 9.902e-42 -0.04233032 2.224255e-10
9.853e-42 9.956e-42 3.348286e-11 -9.855e-42 -9.868e-42 -0.0095193265 -1.1830159e-31 -1.320629e-26 0.019052552
-1.2927388e-36 -6.600537e-13 -2.5584336e-35 -0.008882506 -0.0018473031 -0.04498903 9.833e-42 -1.0894705e-07 0.4533569
0.055953547 -1.4773896e-16 -6.5006024e-28 -0.00012638938 -3.1194725e-06 -1.0750664e-11 -0.00059861963 2.217977e-12 0.0
-9.815e-42 -9.876e-42 1.3556018e-08 -2.471848e-19 -2.5894225e-09 9.888e-42 5.3679034e-31 -9.824591e-31 2.8180392e-15
-1.1562999e-32 9.832e-42 -1.4610268e-14 -9.883e-42 -9.893e-42 -2.0241737e-11 -2.2e-42 -1.9219306e-19 1.5594932e-07
-6.412767e-20 -0.0030026522 -9.827e-42 -2.05463e-13 -6.595908e-20 -1.1370791e-35 -2.105598e-06 8.708772e-11 0.019064594
6.687421e-05 -2.95635e-14 -0.00032066018 1.5581464e-14 -8.24602e-20 -3.4208908e-10 0.022394273 9.851e-42 0.0
