-0.244066 0.007296266 4.624438 0.00026653128 0.69771206 0.233016 -1.3329711 -0.5374931 0.0
-0.7649983 -0.56922287 4.32898 -1.8888946e-05 1.1371036e-09 -3.5822278e-10 -9.911861e-13 -0.00012407226 0.0
0.034698293 -0.0038533544 -0.0020445348 -0.17572443 -1.1032785 1.3588423e-06 2.681298e-06 -0.0064176256 2.8860517
-0.0029734324 -0.021211445 -0.17736994 0.00025683164 -0.5870966 -2.5405091e-11 -0.018531658 3.6797247 -3.279044e-08
-0.00033442542 0.08605593 -0.003119322 -0.9367282 0.8819817 -0.00081379816 -5.6353158e-05 -0.0455518 0.39414847
-0.018103885 2.645576e-06 -0.5285029 0.02630106 -0.11014964 -0.053495068 -0.009985835 4.966057 0.0
0.0004463166 -0.37474358 -0.0013628388 -0.20291832 -5.9652887e-27 8.542942e-06 -0.0006406567 -2.1694081e-08 1.4583845
2.8091569e-07 -0.015912883 -0.032306366 -0.00010355386 0.04610393 -0.16636434 0.8359759 -0.013007983 -8.4502535e-06
-0.00717768 -0.00079199625 -0.0004917945 -0.044412445 0.3669807 -0.022480562 -8.922773e-06 1.1083905 -0.09724457
-0.08583908 -4.1348624e-08 -4.405887e-09 -0.004248368 -0.42012417 0.40451118 -0.17420553 2.8307457 0.0
-0.00038511335 -0.00049865583 -0.00016439473 4.2497157e-07 -0.0011182036 -0.0033193978 -0.00015121198 -0.1054605 0.8552229
-0.0018757185 -9.763525e-06 -2.5516204e-07 -0.015472348 2.501207e-09 -0.005254404 -1.130303e-07 -1.2990131e-07 0.2367336
-0.0002928814 -0.0044813696 0.08272142 -0.08463831 -5.711735e-05 6.675728e-05 -2.0423292e-07 -9.329258e-06 0.011492476
-0.0028103658 -0.48208806 0.20418055 0.24251841 0.08262296 -0.0069582914 5.4515953 -0.11413603 0.0
-1.6597697e-10 -1.5874726e-14 0.5258783 1.7069232e-24 4.4291223e-06 0.57511556 3.0897358e-05 -1.0498911 0.14634198
-1.6937629e-05 6.983346e-09 0.05912661 -5.428323e-06 -1.0936054e-06 -0.8948707 0.0002470409 -0.0023489154 1.5201042
-9.086822e-06 -0.075786114 -0.00027392642 -0.38065606 -0.7102848 -0.987925 -6.7207555e-12 -0.22716199 4.153666
2.792015 -0.002838169 -0.00021432979 -0.11853731 -0.25728378 -0.034310356 -0.2079981 0.03452705 0.0
-4.097865e-07 3.4832846e-13 0.16820472 -0.0066631786 -0.15542713 -1.0231285e-07 -0.0010836623 -0.0006818501 0.052111458
4.7536814e-05 -8.0823265e-06 -0.021962436 -9.2608656e-07 -0.00011218469 -0.059654534 -0.00012006219 -0.0076100114 0.49978632
-0.0040729567 -0.7965217 -7.2628345e-06 -0.04461826 -0.008239064 -4.123609e-05 -0.14430678 0.0668279 2.1153998
0.10894582 -0.026797429 -0.45236987 0.012527926 -0.0075915838 -0.083292186 2.4633377 -2.339737e-07 0.0
