0.11915567 1.1076903 0.45537683 -0.68558174 2.187721 -0.22805001 0.20121075 -0.78962445 0.0
-1.3246049 -1.3370048 6.853121 -0.51434064 0.1475122 -0.078540094 -0.05780972 -0.68934137 0.0
-0.13925382 -0.8723232 -0.46859422 -0.5320706 0.39762214 0.9209231 -1.6751697 -0.9293852 3.238554
-1.3808175 -1.7537717 -1.5413252 0.5912289 -1.0850656 -0.09714193 -0.3645792 6.747566 -0.082734615
0.5998648 0.7613412 -0.048467275 -0.9188904 -0.270856 -0.145709 -1.0611567 -0.320252 2.1011999
-1.7254001 -0.142841 0.11687721 0.35846615 -0.7429525 -1.2371006 0.071505845 5.048426 0.0
-0.4275998 -0.5615776 -0.95630264 -0.33030373 0.037188336 -0.13330926 -0.5757235 -0.8611565 3.5434172
-0.28991896 -0.5796625 -0.51087755 0.011684611 1.9301978 -0.4990727 0.13093798 0.6945534 -0.51363975
-0.5719342 -0.10440664 0.17131855 -0.41749924 0.26393518 -0.2518285 -0.58404815 -0.07275614 2.2031577
-1.3959601 -0.08912279 -0.18309592 -0.1675544 0.10268524 -0.30921823 -1.005487 5.878838 0.0
0.09057572 -0.278312 -0.2023642 -0.051959608 -0.52442193 -0.62577575 -0.94896275 -0.18952361 2.5838137
-0.68834645 -0.3259236 -0.5984291 -0.7471374 -0.4624284 -0.39611277 -0.37383133 -0.23179872 3.5265682
-0.04843195 -0.3965848 -0.19770387 -0.4900769 -0.7905222 0.35168892 -0.47788692 -0.23479307 2.8113208
0.24320795 -1.6718986 1.0572177 2.4271364 0.8736185 -0.056556094 3.8171391 -0.41461757 0.0
-0.23831879 0.088315144 -0.754429 -0.2039234 -0.6583894 -0.05279787 -1.1433269 -0.57452923 3.3174214
-0.2861561 -0.09376266 0.18536851 -0.6386304 -0.043120958 -0.3568012 -0.49834853 -0.4903343 2.6711414
-0.25129798 -0.53428966 0.037869606 -0.48364165 -0.89036876 -1.0260563 -0.6879899 -0.033648293 3.2855
5.5623946 -0.36352402 -0.75359637 -0.44999155 0.16699865 -1.5587769 -0.60883075 -0.30261636 0.0
0.012381767 -0.12884963 -0.42994148 -0.58532685 0.5281131 0.11761056 -0.34456164 -1.2093467 2.4026222
1.1085784 -0.0354324 -0.8971765 -0.1308428 -0.03749437 -0.41842484 -0.6056904 -1.3328173 2.686869
-0.31228176 -0.4145916 -0.06586833 0.03690962 -0.42740682 -0.017831422 0.37196547 -0.26722914 2.2316518
0.030466337 -2.080651 -0.47356778 -0.08361809 0.03265447 -1.4388275 5.160046 -0.71302694 0.0
