-0.14584051 0.0029340677 4.53599 8.744988e-06 0.4590661 0.21112902 -1.3069662 -0.34574977 0.0
-0.6064199 -0.3964547 3.564481 -2.1178182e-07 3.9250284e-13 -4.9999565e-14 -6.3206947e-18 -2.8756344e-06 0.0
0.014645434 -0.00023548801 -0.00012741129 -0.044179462 -0.9092712 5.1517585e-08 9.936218e-09 -0.00044251207 2.3937726
-0.00034635095 -0.0031901756 -0.07068138 8.858082e-06 -0.4419104 -7.010608e-16 -0.005195806 2.8416975 -1.0530851e-10
-4.4030635e-06 0.02143109 -0.00015324312 -0.64645517 0.6079072 -1.1850333e-05 -3.714724e-07 -0.0071684355 0.1433391
-0.002205494 1.3361696e-09 -0.39683336 0.02628966 -0.05180736 -0.01047107 -0.0007866322 4.9643335 0.0
0.00010362622 -0.16591233 -5.1791023e-05 -0.11158038 -1.715554e-37 1.34178615e-08 -1.3059773e-05 -7.063787e-12 0.9349403
8.787979e-11 -0.0017773178 -0.0057387063 -3.6589324e-06 0.0087977685 -0.1622434 0.8152702 -0.0034192062 -1.2941882e-07
-0.0004893391 -1.4786124e-05 -2.4503468e-05 -0.029080411 0.3118608 -0.0024079026 -4.415736e-08 0.9285692 -0.026851967
-0.026128273 -5.884971e-11 -2.2353527e-13 -0.0008816001 -0.2718134 0.16624638 -0.082710415 2.055327 0.0
-8.277978e-06 -1.4488147e-05 -2.7471117e-06 1.1886259e-10 -1.8384178e-05 -0.00014424678 -3.0776334e-06 -0.048490938 0.4070112
-2.9816169e-05 -1.3310084e-09 -1.0770221e-05 -0.0012030834 -9.9967366e-08 -0.00024190865 -1.860936e-12 -3.2278426e-11 0.048282325
-6.044472e-06 -0.00023547033 0.0011972659 1.2608647 -5.1641945e-07 7.188411e-07 -1.2250076e-10 -1.2656842 0.00062883226
-0.0014859276 -0.23914228 0.121817805 0.22983016 0.02426959 -0.0028124023 5.163555 -0.065662 0.0
-5.1153616e-15 1.732662e-24 0.17658308 -7.897298e-36 7.559737e-09 0.44935724 1.2160457e-07 -0.81647426 0.031917803
-1.1227611e-08 -1.7870098e-20 0.0120291 -7.883645e-09 -1.0748349e-09 -0.62764406 4.953705e-06 -6.8832895e-05 1.0797255
-1.1868674e-07 -0.011549769 -3.5079463e-06 -0.28372642 -0.44698143 -0.77559465 -6.1209016e-18 -0.074983686 3.4903417
2.0562694 -0.00030729547 -6.1090755e-06 -0.06967457 -0.10784504 -0.006696695 -0.13191724 0.0060356664 0.0
-1.9608214e-10 -6.977885e-24 0.048753165 -0.00045659835 -0.040205825 -1.3328072e-11 -2.2522758e-05 -1.4983743e-05 0.005656325
9.0382525e-07 -4.9233475e-09 -0.002813854 -1.0180684e-09 -4.949888e-07 -0.011708461 -8.001558e-07 -0.0005094633 0.15985909
-0.00026500592 -0.51574206 -1.6384462e-08 -0.006511508 -0.00051477744 -6.2566886e-07 -0.061331186 0.014417855 1.4646434
0.06139535 -0.0035515237 -0.25773674 0.0016737626 -0.00048305563 -0.019493636 1.7066039 -3.2475547e-10 0.0
