2.1864562 0.4556469 -0.86371607 -0.44401136 -0.19286536 -0.07258101 -0.011196273 -0.6895104 0.0
-0.56479144 0.14157805 1.7586488 -0.7527669 0.56102204 -0.9837561 0.04471057 0.16180842 0.0
-0.3010994 0.48586327 0.67061144 0.6394711 -0.20220792 -0.36339906 -0.40491602 -0.0023822174 -0.33055985
-0.0054858946 -0.083459824 -0.2680154 0.25892842 -0.31876537 0.1302876 0.07981524 0.15070114 0.030314349
-0.315981 0.4710756 0.13911243 -0.043765284 0.2790059 -0.28393453 0.32021788 -0.31647375 -0.23118348
-0.5338914 0.69315904 -1.6330082 1.304557 -0.09012633 0.18510184 -0.06124038 0.55753064 0.0
-0.17692277 -0.28040215 0.19264966 -0.098740585 0.23163822 -0.24520698 -0.0023650809 0.22486953 0.13653898
-0.061696872 -0.11539695 -0.13085036 0.010471975 0.23967388 -0.22237925 -0.045256473 0.12383135 0.036471367
-0.12715058 0.19078968 0.23334634 -0.0986265 -0.05031815 -0.19453782 -0.2098012 -0.031251572 0.14828494
0.67971295 0.5328104 0.68998635 0.3321403 -0.88718647 -0.35930425 -0.38720173 -0.30233604 0.0
-0.22928478 0.16891839 0.04832617 0.06849491 -0.16214879 0.09519668 -0.06148885 -0.1551502 0.19150582
0.27370283 0.21695946 -0.045439955 -0.29404604 -0.005872868 -0.22665921 -0.20752475 -0.061357383 0.35727087
-0.10137594 -0.17183411 -0.096154206 0.18217355 0.10211863 -0.19278622 -0.042169817 -0.009141815 0.2280379
-0.26597852 0.039559003 0.28087774 0.45163387 0.119299226 -0.65121275 -0.2812055 0.23850636 0.0
-0.10339179 0.11808914 0.0019065384 -0.15823193 0.0250484 -0.027817942 -0.02936787 -0.09823845 0.2487872
-0.16149817 0.048043218 0.10949158 -0.17182174 0.18541276 -0.20540066 0.05014983 -0.15200508 0.2456164
0.020346973 0.014393483 -0.11271843 -0.12993073 0.07060126 -0.07231826 0.019728659 -0.24377981 0.3767223
0.27699715 -0.061353944 0.09051433 0.23548402 -0.16977195 0.16223465 -0.026933964 -0.40841883 0.0
0.3566043 -0.14767446 -0.0033526877 -0.30927235 0.049630474 -0.004729832 0.07759805 -0.34805995 0.22951506
-0.004000196 0.12848882 -0.07679266 -0.1419807 0.063427165 0.021461371 -0.022238255 -0.26756987 0.23144053
0.075013906 -0.025464848 0.1034766 -0.17404647 0.08001959 0.011519276 -0.19148064 -0.2813793 0.26064473
-0.06402353 0.037273407 0.30190358 -0.057937555 0.04732492 0.33092764 -0.02142144 -0.20978692 0.0
