-0.07233468 0.00084612466 4.4185896 7.592395e-08 0.2596871 0.1846513 -1.2724646 -0.18964843 0.0
-0.44219753 -0.24236569 2.7373817 -3.9066098e-10 3.4372922e-18 -9.530484e-20 -2.0779906e-26 -1.5178156e-08 0.0
0.004513515 -4.941658e-06 -2.7484114e-06 -0.0066733966 -0.6990868 5.495857e-10 3.5633176e-12 -1.1008534e-05 1.8565484
-1.7974055e-05 -0.00023639773 -0.020130523 8.258148e-08 -0.30029827 -6.655814e-23 -0.0009122713 2.0000021 -3.045064e-14
-1.0263623e-08 0.0031949996 -2.3617865e-06 -0.39028794 0.36638436 -3.1976352e-08 -3.1412212e-10 -0.00056573725 0.036005348
-0.000121849946 2.1737849e-14 -0.2687675 0.026277343 -0.018520512 -0.0011187016 -2.36015e-05 4.9620047 0.0
1.402278e-05 -0.0545953 -5.5435834e-07 -0.049398985 -9.844e-42 1.304187e-12 -5.730894e-08 -5.6197996e-17 0.5104914
6.544909e-16 -8.697828e-05 -0.0005358929 -3.5306947e-08 0.00090737815 -0.15681021 0.78797156 -0.0005492045 -3.7572478e-10
-1.1980607e-05 -5.7160733e-08 -3.8526414e-07 -0.016341737 0.24997896 -0.00011113821 -2.4404307e-11 0.7300121 -0.004616438
-0.0051377197 -4.9124663e-15 -6.90768e-20 -0.000102127706 -0.15027055 0.049396683 -0.029951885 1.3299904 0.0
-3.9206896e-08 -1.0573042e-07 -9.04825e-09 7.3621976e-16 -5.9143844e-08 -1.868176e-06 -1.3474867e-08 -0.01680518 0.14788122
-9.1353826e-08 -2.4355348e-15 -1.7952893e-10 -3.544257e-05 -7.1179255e-14 -3.4005598e-06 -6.0277e-20 -1.6399415e-16 0.005460723
-2.6999762e-08 -3.991535e-06 3.2022795e-06 1.2453684 -6.953624e-10 1.2500517e-09 -2.6269854e-15 -1.2501287 1.12882235e-05
-0.0006234978 -0.09195829 0.06029181 0.2136538 0.0045437505 -0.00081671093 4.7965956 -0.030922046 0.0
-6.053359e-22 -1.4747542e-36 0.03974945 -9.906e-42 8.3516115e-13 0.32128248 4.773227e-11 -0.58005244 0.003961207
-2.824576e-13 -9.091955e-33 0.0013558007 -6.7898465e-13 -5.0397288e-14 -0.3873842 2.1228404e-08 -5.0850866e-07 0.6780074
-2.7346872e-10 -0.0008717357 -7.854041e-09 -0.19024654 -0.23794217 -0.5581595 2.2994364e-28 -0.016485436 2.7555075
1.3566355 -1.4399051e-05 -4.3377216e-08 -0.033788834 -0.032922454 -0.00071262784 -0.07097329 0.00055122527 0.0
-2.9235507e-15 -6.991723e-36 0.008961177 -1.1260024e-05 -0.0063168425 -2.2538093e-17 -1.0163216e-07 -7.3259166e-08 0.0002659661
3.5872294e-09 -1.08222316e-13 -0.00016678417 -5.6882796e-14 -2.3052464e-10 -0.0012556165 -6.8767186e-10 -1.2157762e-05 0.03365615
-6.0749917e-06 -0.2854364 -2.774038e-12 -0.00046271662 -1.11451245e-05 -1.791975e-09 -0.019081432 0.0017626261 0.88827854
0.028108336 -0.00022068016 -0.11978065 0.00010517466 -1.0730948e-05 -0.0026671244 1.0359399 -2.6076399e-14 0.0
