-0.0035019894 3.7802354e-06 3.949476 1.8680741e-17 0.022281462 0.103972934 -1.1347866 -0.014231509 0.0
-0.11386466 -0.029118882 0.8818831 -1.4416758e-23 -9.844e-42 9.812e-42 -9.871e-42 -2.5789054e-19 0.0
2.70572e-05 1.2697486 -6.9782315e-14 -1.647516e-06 -0.22617018 3.9622892e-19 -1.2697487 -5.643572e-13 0.6237835
-3.1760965e-11 1.2702984 -8.5103056e-05 -1.2702985 -0.05702759 -9.833e-42 -4.4432e-07 0.4423373 1.0920187e-33
-1.5974002e-21 7.432571e-07 -1.11720774e-14 -0.044419724 0.04138913 -1.1937377e-20 -5.6366984e-26 -7.124897e-09 8.713709e-05
-2.8936675e-10 -1.78692e-40 -0.050307997 0.026224567 -0.00021366238 -5.699286e-08 -3.0200822e-12 4.952038 0.0
2.1019542e-09 -0.00043716913 -4.0667055e-16 -0.0014562969 -9.844e-42 1.8137803e-36 -3.5001845e-19 -9.844e-42 0.037563596
9.911e-42 -1.16410624e-10 -1.4700745e-08 -1.5110102e-17 3.9322188e-08 -0.13553499 0.68107396 -1.7901883e-07 -2.1584908e-22
-5.6787165e-13 -1.7103943e-19 -2.015643e-15 -0.0013622817 0.09676828 -1.1265478e-10 -1.1379337e-28 0.25996196 -2.04499e-06
-4.163408e-06 5.374269e-38 9.823e-42 -7.537367e-09 -0.011668465 0.0002519256 -0.000365724 0.20453832 0.0
-3.6635248e-19 -1.03675195e-17 -1.0832388e-20 5.2e-42 -6.179807e-20 -3.6524014e-15 -8.126588e-20 -0.00016910769 0.0018324427
-7.190324e-20 -9.868e-42 1.7797592e-36 -4.1498267e-12 9.91e-42 -1.0093012e-14 -9.913e-42 -9.897e-42 3.6116407e-07
-1.821106e-19 -3.0494026e-14 1.1346541e-18 1.1811738 -3.3669826e-24 3.1817212e-23 6.952e-41 -1.1856889 1.1492108e-13
-1.4534894e-05 -0.0014619376 0.0028921138 0.1563011 2.9540306e-06 -3.7632174e-06 3.498216 -0.0011940304 0.0
-9.809e-42 9.833e-42 5.900296e-05 -9.906e-42 4.027579e-35 0.07599156 -2.3966695e-30 -0.13347842 4.004474e-07
3.419391e-39 9.956e-42 8.826456e-08 7.100541e-36 -1.5103272e-38 -0.048513062 1.1353311e-19 -5.3225185e-17 0.09151049
-3.9676728e-23 -8.922586e-09 -9.575395e-22 -0.03410097 -0.015675668 -0.13578828 9.833e-42 -2.2021422e-05 0.99964696
0.2268683 -1.5680804e-11 -3.674314e-18 -0.0014829907 -0.00018925147 -3.5651308e-08 -0.004896525 1.3646672e-08 0.0
9.89e-42 -9.876e-42 5.3635513e-06 -5.5298415e-13 -1.863318e-06 9.888e-42 -7.25418e-19 -8.163536e-19 2.944728e-10
1.2457973e-20 2.888356e-39 -5.5147864e-10 6.324518e-38 -1.4128461e-28 -6.508098e-08 -1.395583e-25 -5.080676e-13 3.704227e-05
-2.0829276e-13 -0.022270868 -1.4713769e-33 -3.576852e-09 -2.8815516e-13 -9.507304e-22 -0.00011928279 1.6636757e-07 0.1031429
0.0009595334 -9.106768e-10 -0.004365706 4.5744733e-10 -3.1507975e-13 -4.2032508e-07 0.12077089 2.8006492e-37 0.0
