0.19305162 1.0641232 0.62492514 -0.6229402 1.8929839 -0.15924211 0.44251493 -0.71194035 0.0
-1.3151907 -1.3222895 6.8123035 -0.45190075 0.11877397 -0.061973114 -0.04282879 -0.61768484 0.0
-0.09278022 -0.7629853 -0.47681475 -0.46421236 -0.32735255 0.66840994 -1.4409021 -0.7382799 3.4140265
-1.2942407 -1.6568595 -1.4987873 0.5356234 -1.1383297 -0.07405201 -0.35081765 6.751229 -0.068640865
0.34153357 0.58941346 -0.28532413 -0.79101425 -0.7267353 -0.06394634 -0.86553675 0.34478742 2.1607318
-1.6199054 -0.11596705 -0.8616367 0.33655718 -0.6355323 -1.1253549 0.059433848 5.82062 0.0
-0.26952657 -0.5614608 -0.76124126 -0.25860262 0.12244892 0.16318646 -0.5408144 -0.69212383 3.201278
-0.21242014 -0.7876635 -0.19252709 -0.01347178 1.8680604 -0.38673902 0.11657447 0.6836456 -0.44091943
-0.14308932 -0.44668356 0.17704499 -0.3508732 0.2141489 -0.25824878 -0.54598224 -0.008810943 1.8769705
-1.3465414 -0.07425715 -0.14133808 -0.15980124 -0.7623445 -0.25394318 -0.9829105 6.4609413 0.0
0.054941386 -0.6447782 -0.12586932 -0.11862563 -1.5093154 -0.44800434 -0.99520737 -0.2192329 3.6121337
-0.47216427 -0.37970647 -0.58997005 -0.5387633 -0.35579064 0.20235416 -0.9017438 -0.05275513 3.2255661
-0.21455543 -0.176512 -0.55159557 -0.54487836 -0.6817287 0.25757036 -0.53147554 -0.118398294 2.876214
-0.002371453 -1.5446401 1.0024382 2.4491324 1.2676637 -0.0522918 3.763747 -0.40760076 0.0
-0.16394494 0.09552501 -0.37689683 -0.11002201 -0.6521593 0.15617366 -0.8802561 -0.47248724 2.8616698
0.21240723 -0.0574324 -1.1745718 -0.78077775 0.3847948 -0.29943463 -0.33026728 -0.74681485 2.9806535
-0.22159751 -0.3460542 0.025390886 -0.2837088 -0.6880024 -0.7487385 -0.69750905 -0.32184914 3.1570287
5.502063 -0.34007013 -0.679116 -0.4427398 0.15487841 -1.4839389 -0.60048157 -0.20055102 0.0
0.30980957 -0.045721624 -0.61622036 -0.46874687 0.44167903 0.066952296 -0.3540417 -0.95989716 2.1552386
1.2922685 -0.77298135 -0.35161075 -0.47310317 -0.050464723 -0.60707694 -0.3139687 -1.1323502 2.4025838
-0.031306155 0.10347279 -0.29168254 -0.09561301 -0.6334069 -0.0053301207 0.4991541 -1.5490612 2.6403816
0.03754594 -1.9534649 -0.45841986 -0.07283853 -0.26515442 -1.462483 5.144579 -0.5936887 0.0
