-0.14141145 0.002778115 4.5307536 7.1139243e-06 0.44770277 0.20988677 -1.305427 -0.33673507 0.0
-0.5980475 -0.38796198 3.5232806 -1.6129276e-07 2.401847e-13 -2.8852287e-14 -2.9589826e-18 -2.2900565e-06 0.0
0.013907394 -0.00019896969 -0.00010778096 -0.04066532 -0.8988087 4.2280444e-08 7.065437e-09 -0.00037664347 2.3671343
-0.0003043235 -0.0028467486 -0.06688798 7.2279345e-06 -0.43445975 -3.6322316e-16 -0.0048140357 2.7980902 -7.421693e-11
-3.3867314e-06 0.019715112 -0.00012776963 -0.63225925 0.5945128 -9.171697e-06 -2.7377422e-07 -0.006414284 0.1349025
-0.0019431406 8.3784785e-10 -0.39008543 0.026289128 -0.049517542 -0.009493758 -0.0006749791 4.9642344 0.0
9.492703e-05 -0.15800433 -4.2510976e-05 -0.1076536 3.5947798e-38 9.041608e-09 -1.0318819e-05 -4.3063465e-12 0.9103797
5.3436835e-11 -0.0015576842 -0.0051726876 -2.9899927e-06 0.0079644 -0.16200016 0.814048 -0.0031556853 -1.004765e-07
-0.0004162133 -1.1619988e-05 -2.044783e-05 -0.028352331 0.30883846 -0.0021049974 -3.1969925e-08 0.91878515 -0.02485612
-0.024328537 -3.9410367e-11 -1.2065499e-13 -0.00080213934 -0.26481798 0.15761608 -0.07909943 2.016325 0.0
-6.561919e-06 -1.1698623e-05 -2.1442274e-06 7.17594e-11 -1.4335225e-05 -0.00011937287 -2.4314731e-06 -0.046284694 0.3892981
-2.3201294e-05 -7.668766e-10 -6.7599995e-06 -0.0010315054 -5.561014e-08 -0.00020090003 -9.307782e-13 -1.9337858e-11 0.043884672
-4.7794874e-06 -0.00019713404 0.0009262907 1.2601784 -3.8811518e-07 5.461058e-07 -7.766245e-11 -1.2649955 0.000527754
-0.0014302648 -0.22930443 0.11810733 0.22909254 0.022549491 -0.0026637292 5.1468167 -0.063523166 0.0
-2.6701833e-15 3.9951316e-25 0.1653945 -6.939036e-37 5.1208473e-09 0.44276983 8.679563e-08 -0.8042792 0.02912831
-7.1635355e-09 -8.866761e-21 0.0109318225 -5.2862363e-09 -7.031472e-10 -0.6144568 3.910082e-06 -5.5609013e-05 1.0578403
-9.1246164e-08 -0.010314656 -2.6936273e-06 -0.27877903 -0.434755 -0.76444346 -2.481285e-18 -0.07016022 3.454196
2.0189698 -0.00026881445 -4.9270666e-06 -0.067491926 -0.10236776 -0.006070616 -0.12836875 0.0054350956 0.0
-1.2252956e-10 -5.212403e-24 0.0452614 -0.00038848622 -0.037071347 -7.656339e-12 -1.7816905e-05 -1.1893654e-05 0.0049487613
7.110863e-07 -3.124358e-09 -0.0024867072 -6.7074984e-10 -3.558229e-07 -0.010617397 -5.901137e-07 -0.0004328514 0.14929286
-0.00022476503 -0.50249267 -1.1294693e-08 -0.0057999687 -0.00043553408 -4.8546957e-07 -0.058264665 0.013149164 1.4327633
0.059321985 -0.0031450496 -0.24919662 0.0014829208 -0.00040914913 -0.017865775 1.6695209 -2.1713802e-10 0.0
