-0.0071621547 1.3662158e-05 4.0550246 4.680205e-15 0.039779946 0.119009785 -1.1657367 -0.026228659 0.0
-0.15673544 -0.048000347 1.151314 -4.7725077e-20 -1.59365e-40 9.812e-42 -9.871e-42 -1.357939e-16 0.0
9.112405e-05 1.2698371 -5.0925744e-12 -1.19968245e-05 -0.29499465 7.416361e-17 -1.2698373 -3.4331538e-11 0.8063579
-7.845286e-10 1.2696327 -0.0003116809 -1.2696328 -0.08435443 -9.833e-42 -2.742485e-06 0.63111275 -5.0221503e-28
-3.3611432e-18 5.4912057e-06 -1.2661211e-12 -0.074167505 0.06922968 -1.9212625e-17 -1.2116717e-21 -1.07805015e-07 0.00036496547
-6.6366184e-09 -7.2386426e-35 -0.07466937 0.02623695 -0.00061514514 -6.106932e-07 -1.4519932e-10 4.9543796 0.0
1.7287908e-08 -0.001373596 -7.5762584e-14 -0.00335153 -9.844e-42 -1.2729338e-29 -2.4683022e-16 -7.071293e-39 0.069552325
1.2041465e-37 -3.0835523e-09 -1.8347046e-07 -3.2563991e-15 4.384529e-07 -0.14025946 0.7048123 -1.2182737e-06 -3.0498845e-19
-3.5252242e-11 -1.48302e-16 -2.2243493e-13 -0.0024488268 0.12098624 -3.200512e-09 -1.23485415e-23 0.33148062 -1.291649e-05
-2.271295e-05 3.6023257e-32 9.22e-43 -7.373708e-08 -0.021331333 0.00088199653 -0.0010387392 0.3180146 0.0
-2.2868143e-16 -3.3438792e-15 -1.22934805e-17 1.4048487e-37 -7.3023286e-17 -5.2326025e-13 -5.7517064e-17 -0.0005030526 0.005186278
-9.244782e-17 8.485843e-39 5.785004e-31 -2.0410977e-10 -1.5829471e-38 -1.2940307e-12 -9.913e-42 -1.6641427e-38 3.6295983e-06
-1.2480833e-16 -3.0458596e-12 1.8553376e-15 1.1959534 -2.1802857e-20 1.1872538e-19 -1.4278398e-35 -1.2005247 1.06455435e-11
-3.5375597e-05 -0.0038984583 0.0059278514 0.16821802 1.6999142e-05 -1.3500186e-05 3.7676182 -0.002576933 0.0
-9.809e-42 9.833e-42 0.0002780524 -9.906e-42 -3.493431e-30 0.1067228 4.2188948e-24 -0.18867742 3.626741e-06
-6.803068e-33 9.956e-42 8.904828e-07 5.482585e-30 3.0181133e-33 -0.07918838 8.3185657e-17 -1.6860365e-14 0.14674766
-8.531954e-20 -1.4213384e-07 -2.1733718e-18 -0.05113516 -0.029796945 -0.189437 9.833e-42 -0.00010645356 1.2690269
0.34581164 -4.375064e-10 -1.2340323e-15 -0.0031045324 -0.000643814 -3.8372423e-07 -0.009206135 1.7468427e-07 0.0
9.450512e-36 -9.876e-42 3.1490126e-05 -3.4015e-11 -1.2992492e-05 2.3617e-41 -4.891435e-16 -4.8459274e-16 8.181821e-09
1.03435974e-17 -8.0635175e-34 -1.1642004e-08 4.2387116e-32 -4.9449336e-23 -6.944088e-07 -2.8590327e-21 -3.25839e-11 0.00018764811
-1.406078e-11 -0.040667366 -1.4293214e-27 -6.1095136e-08 -2.0930138e-11 -1.3759138e-18 -0.0003977066 1.5322929e-06 0.17139937
0.0021324856 -1.81891e-08 -0.009552347 9.017538e-09 -2.2142217e-11 -3.4149953e-06 0.20050153 1.6649877e-31 0.0
