4.6483493 -0.022498174 -0.9769528 -0.54097474 -1.1596885 -0.21224943 -1.1828157 -0.34805286 0.0
-0.7233644 0.11133681 7.3718877 -1.3033745 -1.236142 -1.7727684 -1.2016202 -0.90229416 0.0
-0.6487279 1.1727386 -0.8829221 -0.46694842 -0.39474714 0.7830181 -0.34287068 -1.1840876 3.0188136
-0.23962836 -0.5777795 -0.95694405 -1.1169403 -0.40838912 -0.8025164 -1.1451346 6.4284554 -0.50745016
-0.15103795 -0.77379066 -0.7235861 -0.49168777 -0.11916879 -0.61035395 -0.47794974 -0.85836697 3.7843857
-1.2450862 -1.0524951 -0.51805586 0.52643746 -1.6848172 -1.554825 -0.6280141 6.1608176 0.0
-0.50538343 -0.11406623 0.12391643 -0.8505927 -0.37738162 -0.76217616 -0.35269502 -0.73703045 3.5320935
-0.89185214 -0.2451016 0.17704959 -0.75481945 -0.69069374 -0.36160004 0.21553265 0.07285185 3.0383081
0.013745993 -0.5567418 0.16126725 -0.18609108 -0.39560267 -0.56919134 1.3784292 -0.29445252 1.4021242
-0.7594444 -1.4587532 -1.9405265 -0.9979966 -0.9384873 -0.731488 0.14164549 6.949557 0.0
-0.041410398 -0.6059562 -0.873745 -0.71752673 -0.0856997 0.2437846 -0.27449387 -0.045246772 3.1347709
-0.9236909 0.021431088 -0.2131756 -1.0884216 -0.15809505 -0.5658537 0.13869947 -0.17421304 3.2697816
-0.13501428 -0.76011497 0.22015272 0.80450815 0.8782087 -0.36183918 -0.9239099 -0.95111173 2.1538157
-0.60623133 -1.0146538 -1.220655 6.4077077 -1.1548154 -1.0107237 -0.849094 -0.36152384 0.0
0.12388099 -0.7857019 0.0916282 -0.538404 0.07259906 -0.15094133 -0.56969994 -0.27754694 2.6364563
-0.562712 -0.09531597 -0.45958748 -0.32821572 -0.22747667 -0.5132384 0.17423175 -0.6654479 2.8649292
-0.47696015 -0.40725547 0.11216101 -0.292401 -0.4169328 -0.61926854 -0.5472772 -0.7602759 3.2242317
5.4507456 -1.3730154 -0.082246944 -0.74802256 -0.35832933 -0.63384 -1.0629343 -0.031026889 0.0
-0.10000043 -0.7732031 -0.4123917 -0.48498014 -0.19164996 -0.27717477 0.10758246 -0.32548594 2.94894
-0.41650817 -0.084050864 0.45001706 -0.905982 -0.2991372 0.045904804 -1.0283142 -0.8458316 2.8931303
-0.08962021 -0.40209797 -0.37000456 -0.6232038 -0.54966074 0.009696457 -0.42882875 -0.51892346 3.1302247
-0.97165203 -0.9065453 -0.4168584 -0.5149658 -0.8060693 -0.93130744 6.36006 -1.3410183 0.0
