-0.06270178 0.0006564254 4.395084 2.8449492e-08 0.2312296 0.17968476 -1.2655591 -0.16780674 0.0
-0.41466224 -0.21925008 2.5941908 -1.0526079e-10 2.764059e-19 -5.2350286e-21 -6.3723954e-29 -5.1189186e-09 0.0
0.0035495814 -2.2289432e-06 -1.2468441e-06 -0.004533289 -0.662665 2.1507553e-10 6.7235545e-13 -5.145225e-06 1.7629595
-9.790569e-06 -0.00013863356 -0.015577446 3.141249e-08 -0.27758086 -1.5308152e-24 -0.00063919823 1.8619981 -5.4789407e-15
-2.9079041e-09 0.0021645306 -9.985796e-07 -0.3521653 0.33048046 -9.34791e-09 -7.150874e-11 -0.00033612523 0.027153332
-6.724023e-05 2.0275754e-15 -0.24826615 0.026274806 -0.015014529 -0.00070758525 -1.1470848e-05 4.9615273 0.0
9.312454e-06 -0.043515846 -2.1709643e-07 -0.041837983 -9.844e-42 1.8390199e-13 -1.8584311e-08 -4.4150807e-18 0.45128006
5.0599528e-17 -4.680387e-05 -0.00032966386 -1.3528034e-08 0.00056976156 -0.1557275 0.7825316 -0.00037782613 -1.1157033e-10
-5.580908e-06 -1.8042979e-08 -1.6357619e-07 -0.0145312585 0.23897581 -5.908184e-05 -5.063512e-12 0.6951274 -0.0032206124
-0.0036846243 -6.692308e-16 -2.3014962e-21 -6.568411e-05 -0.13317747 0.03855754 -0.024346115 1.2171904 0.0
-1.2922082e-08 -3.819103e-08 -2.760252e-09 5.4410227e-17 -1.7951965e-08 -7.6154333e-07 -4.367572e-09 -0.013537642 0.12028607
-2.744131e-08 -1.3237304e-16 -1.6842102e-11 -1.7160333e-05 -3.0068429e-15 -1.4102764e-06 -9.307056e-22 -1.1542664e-17 0.003494775
-8.788697e-09 -1.7216818e-06 9.343846e-07 1.2422397 -1.7507809e-10 3.325727e-10 -2.6153855e-16 -1.2469882 4.9278146e-06
-0.0005223073 -0.075671256 0.05224006 0.21050505 0.003225953 -0.00063451164 4.7252 -0.02652177 0.0
-1.4980718e-23 1.4567871e-38 0.029309971 -9.906e-42 1.2121922e-13 0.30007064 9.187445e-12 -0.54105234 0.0025841312
-2.9194048e-14 3.161676e-34 0.0008670735 -9.3157e-14 -6.0182076e-15 -0.3511216 6.8493757e-09 -1.841551e-07 0.616708
-7.728703e-11 -0.0005131706 -2.2060767e-09 -0.17537615 -0.2092555 -0.5220007 -9.3407e-31 -0.012097063 2.6260905
1.246489 -7.67867e-06 -1.5577811e-08 -0.029154854 -0.025841055 -0.0004503727 -0.06255202 0.0003375411 0.0
-2.67102e-16 -1.9454597e-37 0.0063382084 -5.253162e-06 -0.004325966 -1.2000743e-18 -3.3153736e-08 -2.430886e-08 0.00014193614
1.1386851e-09 -1.0837225e-14 -9.338808e-05 -7.0715833e-15 -4.606973e-11 -0.0007948013 -1.570979e-10 -5.6331937e-06 0.024478352
-2.791255e-06 -0.25302523 -4.4313034e-13 -0.0002690134 -5.0599742e-06 -5.3058236e-10 -0.015035464 0.0011463043 0.8022617
0.023969859 -0.00012478099 -0.10245837 5.9608083e-05 -4.8982224e-06 -0.0017752489 0.9357969 -3.521244e-15 0.0
