-7.5737285e-06 5.1474856e-11 3.1619663 -7.762e-42 0.00015730366 0.0331895 -0.90440685 -7.6242584e-05 0.0
-0.00755211 -0.0004100885 0.091992185 9.86e-42 -9.844e-42 9.812e-42 -9.871e-42 9.841e-42 0.0
6.979471e-10 1.268924 6.0037185e-34 -3.2099405e-14 -0.023771726 9.813e-42 -1.2689241 4.296538e-32 0.07077421
-1.4912628e-24 1.2702984 -1.2705336 -1.2702985 1.2617034 -9.833e-42 -4.2188854e-14 0.02158382 9.899e-42
9.981e-42 1.2587825e-14 -2.3139644e-37 -0.0005599799 0.0005138586 -9.858e-42 -9.829e-42 -8.422837e-20 3.0879568e-10
-3.2772393e-23 -9.809e-42 -0.0017488968 0.026120406 -2.2530383e-08 -2.4374308e-17 -9.756411e-30 4.932371 0.0
1.252449e-17 -2.106961e-08 -1.67503e-40 -1.1182682e-06 -9.844e-42 9.843e-42 9.822e-42 -9.844e-42 0.0001932704
9.911e-42 -2.3409824e-24 -1.3187066e-18 -4.128e-42 1.1224787e-17 -0.101517335 0.510148 -6.6925776e-15 9.913e-42
3.81235e-32 9.841e-42 -8.793504e-38 -9.0633475e-06 0.014588209 -1.2704557 1.2704557 0.033141904 -1.5596636e-13
-1.269002e-12 9.902e-42 9.823e-42 -8.061349e-18 -6.707302e-05 4.5761754e-09 -4.353414e-08 0.004769837 0.0
9.813e-42 9.897e-42 9.832e-42 -9.92e-42 -9.878e-42 1.9433686e-38 9.822e-42 -1.3311894e-08 2.250762e-07
-9.868e-42 -9.868e-42 9.902e-42 -8.299001e-30 9.91e-42 1.0980783e-37 -9.913e-42 -9.897e-42 2.949306e-16
9.872e-42 -7.0035285e-36 -9.855e-42 1.0636231 9.907e-42 -9.819e-42 -9.822e-42 -1.0676895 5.2832496e-35
-6.814505e-09 -3.0512723e-07 6.1357864e-06 0.08405781 5.446798e-13 -5.480939e-11 1.8704457 -1.6124833e-06 0.0
-9.809e-42 9.833e-42 7.046808e-11 -9.906e-42 9.875e-42 0.0042447383 9.902e-42 -0.0070529054 9.232148e-16
9.853e-42 9.956e-42 6.932275e-17 -9.855e-42 -9.868e-42 -0.00074370834 -9.817e-42 9.812e-42 0.001634822
9.819e-42 -6.066847e-20 9.868e-42 -0.0010856292 -6.418782e-05 -0.008029567 9.833e-42 -2.0763466e-11 0.13239455
1.3095877 -1.6568856e-25 -1.2705233 -2.6153398e-06 -4.4575468e-09 -1.4571776e-17 -2.2054897e-05 9.411399e-19 0.0
-9.815e-42 -9.876e-42 8.182638e-13 3.951218e-32 -5.5147625e-14 9.888e-42 9.837e-42 9.874e-42 3.278031e-24
-9.903e-42 9.832e-42 -1.6353734e-22 -9.883e-42 -9.893e-42 -2.9055146e-17 -9.854e-42 2.5779082e-32 2.25879e-11
5.896887e-33 -0.00012929324 -9.827e-42 -1.1388536e-20 2.6967378e-33 9.813e-42 -3.3691396e-09 3.2462948e-16 0.0013549076
1.0017025e-06 -5.079663e-22 -5.2261053e-06 2.9600765e-22 5.0698465e-33 -2.8232324e-15 0.0015996193 9.851e-42 0.0
