-0.5158846 0.027337661 3.6007206 0.03483444 1.2826077 0.26903227 -0.17707229 -1.0209705 0.0
-1.0728786 -0.96344185 5.7456512 -0.010850751 6.445415e-05 -6.310022e-05 -6.586821e-06 -0.026262958 0.0
0.121240124 -0.21109368 -0.10897005 -0.03773268 -0.22204544 0.00014521026 0.006882939 -0.29669562 2.2460353
-0.06562017 -0.32520002 -0.6733556 0.031313676 -0.88774264 -3.162835e-05 -0.116652526 5.361749 -0.00010190177
-0.15420443 0.6420968 -0.23205206 -0.14213942 -0.20901905 -0.2266848 -0.0666468 -0.6547915 1.705883
-0.36035615 0.0999508 -0.80199045 1.3628527 -0.32918885 -0.56332004 -0.38269567 3.8928704 0.0
0.0035583654 -1.2159616 -0.14456315 -0.48071605 -0.00794903 0.068504065 -0.1619322 -0.0013240159 2.7787163
0.01804478 -0.37227505 -0.39015856 -0.012207744 0.5034364 1.5783762 -0.59562767 -0.08982377 -0.0051245666
-0.33717304 -0.22599357 -0.035875894 -0.08221567 1.7536757 -0.5580856 -0.015536149 -0.11088157 0.789707
-0.48020878 -0.00037704033 -0.0026623334 -0.04115195 -0.7913732 -0.00084255665 -0.5135937 5.0132194 0.0
-0.05122144 -0.077169 -0.06132735 0.03714328 -0.37793452 -0.29316017 -0.038302615 -0.3256501 2.5132945
-0.6678905 -0.0015156064 -0.008739539 -0.6039636 0.00089415256 -0.4281405 -0.2566899 -0.011148476 2.2974079
-0.074529484 -0.26358032 -0.0007945562 -0.002154471 -0.043997973 0.04052664 -0.0029563939 -0.024255812 0.7353383
-0.0070915604 -1.3341937 0.43254897 0.26227608 0.48647332 -0.025881121 5.9004407 -0.25488186 0.0
-0.00088872726 -0.0012050017 -0.3259582 4.3017203e-06 0.031811044 -0.13191546 0.07316574 -0.2549084 1.3205165
-0.010631779 0.0026436965 0.59005415 -0.0482037 -0.016171664 -0.23424089 0.063876614 -0.35922164 1.2796037
-0.0042359866 -1.1405084 -0.13119477 0.89328295 -0.08519743 -0.011325013 -0.00035260734 -1.131156 2.5491333
4.358519 -0.06938584 -0.034062244 -0.25660205 -0.9080649 -0.36276639 -0.4032753 0.42725262 0.0
-0.01532779 -1.9748181e-07 1.1167351 -0.31020278 -1.0983592 -0.019626137 -0.26667857 -0.15536034 1.2699268
0.013534764 -0.22185808 -0.42290324 -0.011837002 -0.22791289 -0.6257584 -0.13990408 -0.36674732 2.6056716
-0.20431319 -0.06630578 -0.036092773 -0.71265817 -0.43754804 -0.015651634 -0.49923038 0.6123412 2.6681983
0.2506751 -0.49179122 -1.0245266 0.22729397 -0.3929538 -0.6793051 4.202839 -0.0022048235 0.0
