-4.5837014e-06 2.0240306e-11 3.105893 -9.854e-42 0.00010503617 0.030269206 -0.8880431 -4.9758768e-05 0.0
-0.0060620476 -0.00028989685 0.07661883 9.86e-42 -9.844e-42 9.812e-42 -9.871e-42 9.841e-42 0.0
2.9006794e-10 1.2688589 -8.016018e-36 -6.992089e-15 -0.019811144 9.813e-42 -1.268859 7.730583e-34 0.05935106
-7.787448e-26 1.2702984 -1.2705336 -1.2702985 1.2617034 -9.833e-42 -1.0647764e-14 0.016896233 9.899e-42
9.981e-42 2.706023e-15 1.0001385e-38 -0.00039225913 0.00035949846 -9.858e-42 -9.829e-42 -8.684881e-21 1.07925086e-10
-1.931422e-24 -9.809e-42 -0.0013315962 0.026112046 -1.0567612e-08 -3.6639585e-18 6.15905e-32 4.930792 0.0
2.4379951e-18 -9.241321e-09 6.171e-42 -6.205746e-07 -9.844e-42 9.843e-42 9.822e-42 -9.844e-42 0.00012571362
9.911e-42 -1.0805469e-25 -1.6893031e-19 9.812e-42 1.6197568e-18 -0.09918348 0.49842116 -1.5495012e-15 9.913e-42
4.8385887e-34 9.841e-42 2.486484e-39 -6.022202e-06 0.012519561 -1.2704557 1.2704557 0.028057413 -3.857697e-14
-3.5624457e-13 9.902e-42 9.823e-42 -1.327761e-18 -4.4030672e-05 1.8449842e-09 -2.0631484e-08 0.0035146945 0.0
9.813e-42 9.897e-42 9.832e-42 -9.92e-42 -9.878e-42 -2.64495e-40 9.822e-42 -6.089672e-09 1.0695266e-07
-9.868e-42 -9.868e-42 9.902e-42 8.770737e-32 9.91e-42 2.59167e-40 -9.913e-42 -9.897e-42 4.7295974e-17
9.872e-42 6.515446e-38 -9.855e-42 1.0546918 9.907e-42 -9.819e-42 -9.822e-42 -1.0587242 1.0420151e-37
-3.627752e-09 -1.5168263e-07 3.7074985e-06 0.079961345 1.4607988e-13 -2.1677894e-11 1.7784851 -9.3823263e-07 0.0
1.2661594 9.833e-42 -1.2661594 -9.906e-42 9.875e-42 0.0033597774 9.902e-42 -0.005557198 1.6396021e-16
9.853e-42 9.956e-42 1.1073828e-17 -9.855e-42 -9.868e-42 -0.0005294233 -9.817e-42 9.812e-42 0.0011785304
9.819e-42 -5.882643e-21 9.868e-42 -0.0008206499 -4.0967352e-05 -0.0063851746 9.833e-42 -6.452361e-12 0.11243206
1.3095877 -6.925441e-27 -1.2705233 -1.5560978e-06 -1.8380567e-09 -2.1804665e-18 -1.4188187e-05 1.172924e-19 0.0
-9.815e-42 -9.876e-42 2.1569081e-13 5.890449e-34 -1.24927864e-14 9.888e-42 9.837e-42 9.874e-42 1.3814876e-25
-9.903e-42 9.832e-42 -1.0925807e-23 -9.883e-42 -9.893e-42 -4.3865057e-18 -9.854e-42 1.6368493e-34 6.7504305e-12
-8.1831805e-36 -8.494547e-05 -9.827e-42 -1.0131177e-21 -3.3657422e-35 9.813e-42 -1.4112395e-09 5.672268e-17 0.00095232186
5.704086e-07 -3.672942e-23 -3.0102906e-06 2.179776e-23 -3.6104084e-35 -5.5590333e-16 0.0011250874 9.851e-42 0.0
