4.769147 -0.63254064 -1.1198348 -0.687435 -0.46917143 -0.15532885 -0.77056104 -0.7864188 0.0
-0.9023952 -0.781884 7.2001967 -0.9041608 -1.2541728 -1.148554 -1.5313119 -0.7687703 0.0
-0.29169452 -0.32947633 -0.39468947 -0.2908488 -0.8566936 -0.50453365 -0.8767323 -0.67562896 4.381732
-0.88814825 -0.6255981 -1.2078362 -0.5077087 -0.1542723 -0.8662561 -0.45958173 5.5075088 -0.610492
-0.49780726 -0.58502424 -0.2493952 -0.24424632 -0.28387567 -0.41403434 -0.71577495 -1.0058762 3.9454978
-0.577183 -0.9399796 -1.780377 1.3201668 -1.1944188 -0.4546636 -1.171937 5.3294516 0.0
-0.7849308 -0.7400056 -0.7959091 -0.36864245 -0.7799922 -0.57482594 0.766006 -0.286157 3.468555
-0.27346417 -0.31956157 -0.24177413 -0.50765914 -0.68165785 0.36059147 -0.31637028 -0.6422275 2.9527128
0.6085671 0.04262189 -0.45961156 -0.084598534 -0.560626 -0.30726856 -0.15345488 -0.79818887 2.453777
-0.6723751 -1.0289973 -0.3568562 -0.8888675 -0.9566211 -0.46003774 -0.5015629 5.8686194 0.0
-0.51534957 -0.28078035 -0.47314855 -0.779299 -0.65910363 0.01190876 0.041228574 -0.3260226 3.2676208
-0.54953456 -0.44822457 0.1065407 0.09148381 -0.66868275 -0.06674313 -0.56193686 -0.5334453 3.1071913
-0.1997523 -0.32502323 -0.83991873 -0.38024563 -0.32913208 -0.69056994 -0.4487266 -0.28925505 3.581964
-0.50579005 -0.7288227 -0.9166347 5.7401443 -0.88087803 -1.0475376 -1.0913887 -0.25596854 0.0
-0.56145287 -0.50724465 0.17145546 -0.29038972 0.09630516 -0.78876853 -0.46527258 -0.16921183 2.7592437
-0.62516296 -0.3929968 -0.53928643 -0.6212226 0.09841993 -0.080348074 -0.097455196 -0.48279032 2.8982852
0.2790496 -0.8558418 -0.6926076 -0.39979133 -0.24775608 0.021598835 -0.42540026 -0.4973451 3.1687586
6.1250057 -0.6776221 -0.84755 -1.0176154 -0.38820195 -1.574187 -1.0131509 -0.7902526 0.0
0.21804771 -0.44785914 -0.9452935 -0.51926666 -0.2904331 -0.6361502 -0.6448242 -0.6047837 3.6657157
-0.31032184 -0.08916869 -0.48820856 -0.6124822 0.058808982 -0.5425529 -0.34223217 -0.6628757 2.9120958
-0.20301822 -0.5179307 -0.102990665 -0.48780042 -0.42556638 -0.33190802 -0.098519675 -1.1200964 3.121799
-1.2099334 -0.8499906 -0.93762624 -1.2831527 0.30835053 -1.7348346 5.6070642 -1.0426904 0.0
