-0.0014174407 7.405432e-07 3.8204722 1.19109065e-20 0.010714894 0.08770191 -1.0969801 -0.006573467 0.0
-0.076095104 -0.015492277 0.6301398 -8.7096113e-29 -9.844e-42 9.812e-42 -9.871e-42 -5.290373e-23 0.0
5.801199e-06 1.2696184 -2.5789332e-16 -1.3101449e-07 -0.16179305 3.8713085e-22 -1.2696185 -2.6791824e-15 0.4513031
-5.0888867e-13 1.2702984 -1.639077e-05 -1.2702985 -0.034798335 -9.833e-42 -4.3751548e-08 0.28251714 5.22166e-40
-2.7822175e-26 5.8007032e-08 -2.2350883e-17 -0.023252284 0.021617401 -3.5629287e-25 2.4951302e-32 -2.182778e-10 1.413116e-05
-5.116979e-12 -9.809e-42 -0.030565798 0.026208974 -5.596578e-05 -2.743381e-09 -1.9766644e-14 4.9490952 0.0
1.4274645e-10 -0.000102422564 -4.0003817e-19 -0.0005073433 -9.844e-42 -1.7365e-41 -4.4841627e-23 -9.844e-42 0.017248478
9.911e-42 -1.6994036e-12 -5.797888e-10 -1.2023129e-20 1.7969993e-09 -0.12981132 0.65231526 -1.5538829e-08 -8.246522e-27
-2.622014e-15 -1.5526155e-23 -4.18638e-18 -0.0006494498 0.07302233 -1.497813e-12 -5.7941075e-35 0.19135787 -1.9546607e-07
-4.807244e-07 9.902e-42 9.823e-42 -4.0852283e-10 -0.005445296 5.1400497e-05 -9.746923e-05 0.11718312 0.0
-5.725154e-23 -4.5329667e-21 -6.1662373e-25 -9.92e-42 -3.273253e-24 -5.241192e-18 -1.03490765e-23 -4.248552e-05 0.0004905608
-3.26937e-24 -9.868e-42 6.955e-42 -2.6333145e-14 9.91e-42 -1.6960829e-17 -9.913e-42 -9.897e-42 1.8900705e-08
-2.4448314e-23 -7.284652e-17 3.284402e-23 1.162824 -8.189654e-31 1.3774767e-28 -9.822e-42 -1.1672698 3.0502747e-16
-4.7157932e-06 -0.00042223732 0.0011673329 0.14248529 3.1840517e-07 -7.4423787e-07 3.1861675 -0.00045137457 0.0
-9.809e-42 9.833e-42 8.224543e-06 -9.906e-42 -3.5175e-41 0.049513318 -1.1060974e-36 -0.08625966 2.3995186e-08
9.853e-42 9.956e-42 4.595832e-09 2.117e-42 -9.868e-42 -0.026133763 1.3656664e-23 -2.3912365e-20 0.050415605
-6.6007724e-28 -2.5546437e-10 -1.4189827e-26 -0.02045221 -0.00696225 -0.08922175 9.833e-42 -2.9707394e-06 0.7399841
0.1332766 -2.1358334e-13 -1.5112015e-21 -0.0005827285 -4.0057657e-05 -1.7061181e-09 -0.002205182 5.2066207e-10 0.0
-9.815e-42 -9.876e-42 5.633588e-07 -2.5855588e-15 -1.5672863e-07 9.888e-42 -1.0000988e-22 -1.3833551e-22 4.033326e-12
1.2167263e-24 9.832e-42 -1.0885779e-11 -9.883e-42 -1.0963199e-34 -3.1500873e-09 6.631268e-32 -2.2433096e-15 4.705109e-06
-8.571249e-16 -0.010408146 -1.333427e-39 -9.3417586e-11 -1.0718817e-15 -3.473145e-26 -2.5905545e-05 9.753306e-09 0.054318585
0.0003494579 -1.9344115e-11 -0.0016217849 9.887084e-12 -1.2266803e-15 -2.900165e-08 0.063679084 9.851e-42 0.0
