-0.012239928 3.567162e-05 4.1361685 2.5555754e-13 0.061421335 0.13171433 -1.1895419 -0.04147139 0.0
-0.19920285 -0.06982135 1.4063604 -1.36779095e-17 5.925452e-35 4.5996465e-38 -9.871e-42 -1.2218885e-14 0.0
0.00022577737 1.2699115 -1.1801311e-10 -5.2570846e-05 -0.36008617 3.316254e-15 -1.2699116 -6.993822e-10 0.9777112
-8.380815e-09 -2.8528586e-07 -0.0008218487 3.4029276e-13 -0.11314622 -9.833e-42 -1.0639795e-05 0.823967 -2.389336e-24
-7.3320294e-16 2.4320743e-05 -3.997412e-11 -0.10892375 0.10180645 -3.5509415e-15 -9.44286e-19 -8.0705263e-07 0.0010630435
-6.719465e-08 -6.966195e-30 -0.100411914 0.026246255 -0.0013564429 -3.55347e-06 -2.5020086e-09 4.9561353 0.0
8.285331e-08 -0.003232301 -3.3768565e-12 -0.0062550106 -9.844e-42 1.4227976e-24 -2.691723e-14 -1.0595753e-33 0.11035521
1.180381e-32 -3.464467e-08 -1.1935063e-06 -1.6041769e-13 2.6266457e-06 -0.14391667 0.72318804 -5.079066e-06 -5.1953242e-17
-7.2853124e-10 -1.8498236e-14 -6.893405e-12 -0.0038004385 0.14307038 -3.782101e-08 -1.8082808e-20 0.39781445 -5.096957e-05
-8.044219e-05 -2.7094033e-27 1.19643e-39 -4.0137664e-07 -0.03352428 0.0022491722 -0.0022674813 0.44278175 0.0
-2.3021829e-14 -2.167432e-13 -1.8227446e-15 9.020752e-33 -1.1109019e-14 -1.9449622e-11 -6.2872367e-15 -0.0011365816 0.011291624
-1.4837688e-14 9.982592e-34 6.4003946e-26 -3.5746976e-09 -4.927035e-33 -4.4526643e-11 8.7417e-41 -9.363186e-34 2.0150723e-05
-1.3358771e-14 -8.803002e-11 3.4631618e-13 1.2071785 -9.1809645e-18 3.651048e-17 2.1851932e-30 -1.2117927 2.918262e-10
-6.88339e-05 -0.008119764 0.010147163 0.17776276 6.2626605e-05 -3.5055295e-05 3.9835472 -0.004584298 0.0
-6.848e-42 9.833e-42 0.0008837691 -9.906e-42 1.5816099e-24 0.13769375 1.1013503e-20 -0.24461749 1.8655897e-05
2.9441368e-28 9.956e-42 4.9578393e-06 -4.319396e-25 -1.3260579e-27 -0.11434388 9.3010045e-15 -1.079623e-12 0.20910296
-1.8861038e-17 -1.1046619e-06 -4.9656396e-16 -0.06929345 -0.048213866 -0.24319655 9.833e-42 -0.00034479148 1.517948
0.4743947 -5.103136e-09 -8.2202853e-14 -0.005398742 -0.0016071427 -2.24011e-06 -0.014774875 1.1575678e-06 0.0
6.1360213e-31 -9.876e-42 0.00011774288 -6.9840844e-10 -5.5145276e-05 6.31949e-36 -5.1800747e-14 -4.7197343e-14 9.514762e-08
1.2544816e-15 9.516051e-29 -1.11008426e-07 -4.2296757e-27 -9.575703e-20 -4.0280647e-06 -2.1783884e-18 -6.8911654e-10 0.0006291813
-3.0836075e-10 -0.06385824 -2.9580236e-23 -4.995477e-07 -4.8341264e-10 -2.3793505e-16 -0.0009780651 7.979929e-06 0.25082597
0.0038775646 -1.6661276e-07 -0.017168503 8.1818364e-08 -4.9960525e-10 -1.622004e-05 0.29320508 -1.2020346e-26 0.0
