-0.011482257 3.1818e-05 4.126397 1.594938e-13 0.058320142 0.13012938 -1.1866748 -0.039266177 0.0
-0.19358465 -0.06676907 1.3731754 -7.0697365e-18 2.8643827e-35 4.320095e-39 -9.871e-42 -7.1998775e-15 0.0
0.00020264466 1.2699022 -8.1366296e-11 -4.4097236e-05 -0.35161975 2.1180808e-15 -1.2699023 -4.895224e-10 0.95548594
-6.3276935e-09 -2.2321771e-07 -0.00073220656 2.1409e-13 -0.10925081 -9.833e-42 -9.054577e-06 0.79816484 -9.23498e-25
-3.9072084e-16 2.037486e-05 -2.6584573e-11 -0.104043104 0.097229384 -1.927911e-15 -4.374942e-19 -6.3542217e-07 0.000935963
-5.1054705e-08 -1.2515535e-30 -0.09692536 0.026245141 -0.0012344563 -2.8823206e-06 -1.7859079e-09 4.9559245 0.0
6.876546e-08 -0.0029189656 -2.1575933e-12 -0.005806602 -9.844e-42 4.1514683e-25 -1.5515902e-14 -3.7551025e-34 0.104443915
3.5715335e-33 -2.6002636e-08 -9.5541e-07 -1.0131574e-13 2.1232229e-06 -0.14347512 0.72096956 -4.285627e-06 -2.846793e-17
-5.090685e-10 -1.0500879e-14 -4.5943535e-12 -0.0036063546 0.14023621 -2.8218558e-08 -7.84064e-21 0.38924807 -4.3288364e-05
-6.920104e-05 -7.4328565e-28 2.96375e-40 -3.2814634e-07 -0.031764567 0.0020118274 -0.002066045 0.42563915 0.0
-1.3392232e-14 -1.3261964e-13 -1.0145952e-15 1.8179086e-33 -6.1656274e-15 -1.2691653e-11 -3.6231703e-15 -0.0010313796 0.010291711
-8.185293e-15 6.354642e-35 1.2151314e-26 -2.5467322e-09 -5.429883e-34 -2.9317212e-11 2.9577e-41 -8.350064e-35 1.643587e-05
-7.716829e-15 -5.914963e-11 1.8781568e-13 1.205833 -4.5475234e-18 1.872388e-17 6.3829287e-31 -1.2104423 1.9729791e-10
-6.35829e-05 -0.0074398573 0.009517179 0.17659554 5.3623706e-05 -3.1288702e-05 3.9571347 -0.0042800116 0.0
-9.809e-42 9.833e-42 0.000770096 -9.906e-42 4.825504e-25 0.13357066 4.505699e-21 -0.23715518 1.5354599e-05
1.174729e-28 9.956e-42 4.0424848e-06 -1.2011978e-25 -2.1578668e-28 -0.109441124 5.346115e-15 -6.6152156e-13 0.20045394
-1.0035967e-17 -8.659042e-07 -2.632459e-16 -0.06682629 -0.045524728 -0.23605452 9.833e-42 -0.00029977204 1.4858462
0.45683536 -3.813331e-09 -5.013977e-14 -0.0050540613 -0.0014411968 -1.8163145e-06 -0.013964409 9.246179e-07 0.0
8.487094e-32 -9.876e-42 0.00010063991 -4.8839094e-10 -4.6431993e-05 -7.915271e-38 -2.9959626e-14 -2.7559662e-14 7.112442e-08
7.1441035e-16 2.894977e-29 -8.4942776e-08 -8.929867e-28 -4.0354895e-20 -3.268478e-06 -1.011704e-18 -4.8022836e-10 0.00054478605
-2.1397918e-10 -0.06051242 -1.0177171e-23 -3.892399e-07 -3.3342745e-10 -1.301556e-16 -0.000878634 6.5582403e-06 0.23968859
0.0036107695 -1.2809517e-07 -0.016009381 6.297416e-08 -3.4553763e-10 -1.3476427e-05 0.2802097 -3.2396965e-27 0.0
