3.7509136 -0.3502023 -0.5680688 -0.8170145 -0.85106915 0.95961857 -0.70141685 -0.16047569 0.0
-0.39726284 -0.023212038 7.0905323 -1.6781471 -1.2567858 -1.1491392 -0.47419658 -0.8262724 0.0
-0.3757139 0.16797166 -0.45121306 -0.47110876 -0.2391528 -0.046037227 -0.29362938 -0.683744 3.1765108
-0.73991525 -0.15637812 -0.42448843 -0.37721175 -1.3373393 -0.31770062 -0.6354053 5.8396955 -0.15324993
-0.5336805 -0.2299257 -0.3364038 -0.43691862 -0.4955027 -0.21761803 -0.19377644 -0.34637368 3.2668169
-1.3431493 -0.9738218 -0.35394418 0.23233412 -0.4504202 -0.8771071 -1.3338538 5.892211 0.0
-0.43777326 -0.62153983 -0.5406046 -0.111550584 -0.14261861 -0.30631185 -0.1441179 -0.23800156 2.9882987
-0.056763373 -0.37903446 -0.40121254 -0.682275 -0.09496778 -0.46852738 0.1077535 -0.096317306 2.6117353
0.98214626 -0.34767106 -0.7137855 -0.5242729 -0.8026302 -0.47644687 0.16187388 -0.14369595 2.202526
-1.3915473 -0.15114285 -0.6359622 -0.62151456 -0.88855773 -0.56218004 -0.10904024 6.3924 0.0
-0.13126242 -0.6253485 -0.4782425 -0.83275014 -0.5553599 -0.1716781 0.117206626 -0.06645835 3.0669913
-0.33353186 0.20152014 -0.57654613 -0.6086792 -0.3087943 -0.18861386 -0.5062348 -0.44077507 2.975164
-0.33838132 -0.66684294 -0.8584782 -0.35753188 0.045635547 -0.34008926 -0.22409555 -0.4364086 3.246791
0.19007841 -0.40561372 -0.6832583 4.902169 -0.43716648 -1.0311037 -0.37973484 -0.09015503 0.0
-0.042875774 -0.10301227 -0.33137742 -0.39159745 -0.16336317 -0.24091896 -0.294991 -0.44051826 2.3167777
-0.40283775 -0.3215832 -0.3229217 -0.59013605 -0.11225912 -0.4122161 -0.42142648 -0.56586534 3.0696301
-0.49178454 -0.43150756 -0.4273222 -0.46113786 -0.254933 -0.16818665 -0.28218028 -0.3637326 2.9638999
4.168919 -0.61729306 -0.42747682 -0.3228287 -0.50051814 -0.1755775 0.36290678 -0.22815134 0.0
-0.25575256 -0.18526776 -0.83211243 0.011212303 -0.26058456 -0.2526466 -0.29954433 -0.4020697 2.9858503
-0.2606939 -0.21996836 -0.33896616 -0.47428137 -0.28719494 -0.1243928 -0.37495184 -0.48418137 2.8915076
-0.3960299 -0.19912803 -0.3965521 -0.5272618 -0.22714019 -0.16107497 -0.3753215 -0.6398878 3.0633786
-0.38056526 -0.40063205 -0.5513215 -0.35885003 -0.8423413 -0.7161379 5.5294695 -0.7546648 0.0
