-2.501626e-10 1.2008567e-19 2.210499 -9.854e-42 4.123651e-08 0.0052223946 -0.62761545 -1.2379493e-08 0.0
-8.898054e-05 -3.5278975e-07 0.0023016545 9.86e-42 -9.844e-42 9.812e-42 -9.871e-42 9.841e-42 0.0
5.8790865e-18 1.2676127 9.823e-42 -3.948976e-30 -0.0006021881 9.813e-42 -1.2676128 -1.2706037 1.2802079
-1.1226e-41 1.270204 -1.2705336 -1.2702041 1.2617034 -9.833e-42 -9.687886e-28 0.00015221022 9.899e-42
9.981e-42 8.284374e-31 9.848e-42 -3.9851682e-07 3.562373e-07 -9.858e-42 -9.829e-42 8.748e-42 4.334984e-20
9.9e-42 -9.809e-42 -6.9757302e-06 0.025953798 -2.930197e-15 -4.332376e-38 9.822e-42 4.9009094 0.0
-3.4825495e-35 -6.06996e-16 9.83e-42 -5.7836136e-12 -9.844e-42 9.843e-42 9.822e-42 -9.844e-42 2.9249462e-08
9.911e-42 9.892e-42 8.4882e-41 9.812e-42 -8.623987e-39 -0.06373561 0.32030255 -9.135381e-30 9.913e-42
9.876e-42 9.841e-42 9.843e-42 -2.1437876e-09 0.00067075406 -1.2704557 1.2704557 0.0011555444 -1.91709e-27
-6.3088406e-25 9.902e-42 9.823e-42 -2.397971e-37 -1.2309685e-08 1.9118745e-17 -7.128229e-15 9.686966e-06 0.0
9.813e-42 1.2706027 -1.2706027 -9.92e-42 -9.878e-42 9.907e-42 9.822e-42 -9.901597e-16 3.9111523e-14
-9.868e-42 -9.868e-42 9.902e-42 9.825e-42 9.91e-42 9.846e-42 -9.913e-42 -9.897e-42 5.773055e-36
9.872e-42 -1.2705793 -9.855e-42 0.8985531 9.907e-42 1.2705791 -9.822e-42 -0.9019887 -9.844e-42
-1.435048e-14 -1.4379795e-13 1.958874e-10 0.030887267 7.521132e-26 -1.4658134e-19 0.68122745 -2.303533e-11 0.0
1.2705735 9.833e-42 -1.2705735 -9.906e-42 9.875e-42 3.7537102e-05 9.902e-42 -5.6833072e-05 -1.2807642e-34
9.853e-42 9.956e-42 1.246687e-36 -9.855e-42 -9.868e-42 -7.3961746e-07 -9.817e-42 9.812e-42 2.1107307e-06
9.819e-42 9.857e-42 9.868e-42 -3.7330663e-06 -6.5210073e-09 -7.8104335e-05 9.833e-42 -1.5387555e-22 0.0049170395
1.3095877 9.855e-42 -1.2705233 -6.014093e-11 -3.133287e-17 -1.8327409e-38 -2.6466498e-09 2.2038e-41 0.0
-9.815e-42 -9.876e-42 6.860494e-26 9.822e-42 -3.3858435e-29 9.888e-42 9.837e-42 9.874e-42 -9.89e-42
-9.903e-42 1.270606 9.817e-42 -9.883e-42 -9.893e-42 -6.8084636e-38 -1.270606 9.876e-42 6.049407e-23
9.844e-42 -2.414102e-08 -9.827e-42 9.876e-42 9.853e-42 9.813e-42 -3.397764e-17 -1.3339591e-35 1.0346665e-06
9.017912e-12 9.876e-42 -6.0159835e-11 -9.851e-42 9.874e-42 9.0241864e-33 1.2389297e-06 9.851e-42 0.0
