2.1539407 -0.083833694 -0.86240214 -0.7327078 -0.30610883 0.1436582 0.7040261 -0.82200617 0.0
-1.230883 -0.70293176 2.1920438 -0.52802503 0.3481972 -0.9849624 -0.09934638 0.68549913 0.0
0.08368551 -0.15255277 0.77765274 0.1899602 -0.10878932 -0.3371854 -0.13552354 -0.15125094 -0.21097632
-0.07287664 0.29135576 -0.09374543 -0.0815378 -0.14242905 0.0020699997 0.2557011 -0.18268195 0.21252844
-0.333191 -0.34448746 -0.02340417 0.2750858 0.5811651 0.061820317 0.33668724 -0.010330326 -0.3459989
-0.54926234 0.8119151 -1.7678249 1.8951167 -0.32665443 -0.4774954 0.15271814 0.39566028 0.0
-0.19203554 -0.29376614 0.12789252 -0.4380673 0.84889597 -0.3598809 -0.11597742 0.17839588 0.39791343
0.09456275 -0.103249535 0.07452989 -0.107486755 0.11640966 -0.14075814 -0.06471423 0.11594105 0.07899021
0.058679536 0.13974136 -0.08576198 0.16036448 -0.033353783 -0.078818016 -0.15493448 -0.14392924 0.11680315
0.31735688 0.117209725 0.5134419 0.96717453 -1.0383673 -0.5970096 -0.10405097 0.17419416 0.0
-0.2933861 0.26442084 0.026286991 0.04338954 -0.04990717 0.19682632 -0.32867545 0.0015299147 0.16844244
0.5305787 -0.14501524 0.017550502 -0.22676456 -0.24114609 -0.07458822 -0.10299776 0.06546269 0.34893498
0.05052502 -0.14900553 -0.072660215 0.1460981 -0.051791318 -0.15323183 -0.20002717 -0.1024602 0.355194
-0.5878479 -0.39685467 0.48006627 0.7978159 -0.06828687 -0.3131488 -0.1778058 0.26161698 0.0
-0.0891296 0.0072481576 0.11163267 -0.012967033 0.088423595 -0.07850612 -0.1345237 -0.22105812 0.23174861
-0.111867055 -0.07142138 0.1708799 -0.13707413 0.20121424 -0.20297268 -0.01814141 -0.0020559938 0.041271314
0.10849989 -0.0348538 0.06735205 -0.012418155 0.050134026 -0.19793652 0.15067254 -0.35635135 0.26319292
0.26478383 -0.25800228 0.320503 0.4825394 -0.21881148 -0.26654476 0.052414205 -0.45691267 0.0
0.51386476 -0.054110806 -0.009358226 -0.32717186 0.14198366 0.20176244 0.106311224 -0.5205066 -0.12426997
0.12491563 0.31757742 -0.061358407 -0.33777753 0.05531438 0.24974976 -0.010449558 -0.4801023 0.0145238815
0.3401536 0.01693919 0.05617396 -0.4586434 0.19647059 0.05007585 0.0027091054 -0.27305767 0.040397063
-0.09480392 -0.011572796 0.44698015 -0.06382008 0.16272455 -0.09705673 0.22067437 -0.35816422 0.0
