-0.00038142392 6.866302e-08 3.6416574 8.6894446e-26 0.0037072552 0.068585835 -1.0446181 -0.0021446752 0.0
-0.042476 -0.0062097735 0.3875802 -9.35289e-37 -9.844e-42 9.812e-42 -9.871e-42 -2.205279e-29 0.0
6.145339e-07 1.269444 -4.8829056e-20 -3.1714888e-09 -0.09967673 6.6657676e-27 -1.2694441 -7.7333953e-19 0.28263262
-1.0519108e-15 1.2702984 -1.482088e-06 -1.2702985 -0.017022962 -9.833e-42 -1.4592797e-09 0.14767042 9.899e-42
-2.5742502e-34 1.3651261e-09 -1.455871e-21 -0.009102661 0.00843511 2.859508e-33 -4.43018e-40 -1.2381641e-12 9.907304e-07
-1.2351453e-14 -9.809e-42 -0.014859024 0.026186496 -7.961097e-06 -3.1082508e-11 -9.7070075e-18 4.944853 0.0
2.7244053e-12 -1.2364383e-05 -6.979364e-24 -0.00010964576 -9.844e-42 9.843e-42 -1.744366e-30 -9.844e-42 0.0055793812
9.911e-42 -3.0329425e-15 -4.8469527e-12 -1.3805349e-25 1.8811785e-11 -0.12197264 0.6129287 -4.2902346e-10 1.6487796e-34
-7.224947e-19 5.376812e-31 -2.915005e-22 -0.00022188378 0.048606258 -1.2704557 1.2704557 0.12287455 -6.2356467e-09
-2.0340028e-08 9.902e-42 9.823e-42 -5.5429394e-12 -0.001803409 5.0607905e-06 -1.42223025e-05 0.052308027 0.0
-8.148916e-30 -1.4502459e-26 2.4315446e-32 -9.92e-42 1.1930047e-31 -1.8679417e-22 -3.7948454e-31 -5.684005e-06 7.205363e-05
9.494988e-32 -9.868e-42 9.902e-42 -1.2291243e-17 9.91e-42 -8.071683e-22 -9.913e-42 -9.897e-42 2.4316235e-10
-1.4169173e-30 -6.4952076e-21 -2.1963266e-31 1.1368423 8.540404e-38 8.4998415e-37 -9.822e-42 -1.1411884 3.2696676e-20
-9.1831146e-07 -6.933088e-05 0.000312845 0.12466202 1.2157154e-08 -6.9979365e-08 2.7840858 -0.000109925815 0.0
-9.809e-42 9.833e-42 4.606136e-07 -9.906e-42 9.875e-42 0.026640195 9.902e-42 -0.04586256 3.790382e-10
9.853e-42 9.956e-42 5.867444e-11 -9.855e-42 -9.868e-42 -0.010666447 2.3840478e-31 -8.140089e-26 0.021259928
-6.669629e-36 -1.3054389e-12 -1.6820723e-34 -0.009757219 -0.002145383 -0.048594106 9.833e-42 -1.5847206e-07 0.47905338
0.061699178 -3.4157144e-16 -4.1967566e-27 -0.00015017047 -4.1636254e-06 -1.9159488e-11 -0.0006934193 4.1372517e-12 0.0
-9.815e-42 -9.876e-42 2.0694516e-08 -7.275857e-19 -4.1277195e-09 9.888e-42 -7.010265e-30 -2.8312792e-29 6.5074725e-15
-3.2294403e-32 9.832e-42 -3.1216044e-14 -9.883e-42 -4.532e-42 -3.5992216e-11 -1.17887e-39 -5.735287e-19 2.2948434e-07
-1.9464713e-19 -0.0034543143 -9.827e-42 -4.1412582e-13 -2.0520187e-19 6.147058e-34 -2.7967196e-06 1.4905213e-10 0.021451732
8.059202e-05 -6.2201404e-14 -0.00038500916 3.2664548e-14 -2.5368934e-19 -5.669321e-10 0.025192684 9.851e-42 0.0
