6.2660437 -0.4676074 -0.7777587 -0.845558 -0.59435606 -0.8472966 -0.37407514 -0.95982015 0.0
6.9257855 -0.9678224 -0.63069713 -0.74014944 -0.5212799 0.45362547 -0.8098952 -0.44408807 0.0
-0.015713392 -0.39806104 -0.6718054 -0.4988144 -0.07258422 -0.00029660805 -0.3761143 -0.884937 4.796059
-0.17089453 -0.70260775 -0.3116504 -0.50069475 -0.103237554 -0.39656252 -0.25570083 -0.6270146 5.076384
-0.6639303 -0.058617424 -0.27040958 -0.7659159 -0.2439403 -0.5284683 -0.13637349 -0.35402527 4.4580894
-0.35215783 -0.35306203 -0.810814 -0.7214334 -0.8523027 -0.05174389 6.2369885 -1.1519283 0.0
-0.86746234 -0.7605965 -0.27404374 -0.41130406 -0.4514634 -0.36812392 -0.42270905 -0.21069486 4.9563875
-0.15709135 -0.12363187 -0.63517195 0.10758232 -0.551572 -0.15722813 -0.38584095 -0.9236313 4.5724483
-0.6676054 -0.22842127 -0.4834566 -0.34710047 -0.5202167 -0.27597687 -0.4007477 -0.2340698 5.0478883
-1.0495403 -0.3824941 -1.0030334 -0.22037059 -0.8274899 -0.72699976 6.329764 -0.5845874 0.0
-0.24930589 -0.16137114 0.16069973 -0.7330071 -0.46134102 -0.6237682 -0.4994404 -0.4499969 4.333625
-0.28370243 -0.8127658 -0.50815606 -0.56896377 -1.1405568 -0.27906632 -0.1342429 -0.31996566 5.0910378
-0.28770712 -0.32486284 -0.66677654 0.031887457 -0.31063268 -0.70077085 0.024122717 -0.21221101 4.4774694
-0.81202036 5.6579657 -0.519248 0.0026448935 -0.43294042 -0.58919865 -0.49455854 -1.0809731 0.0
-0.53906184 -0.1541487 -0.30982944 -0.48786283 -0.29102865 -0.2158272 -0.726219 -0.49100652 4.287521
-0.37182274 -0.4933278 -0.49356404 -0.67137784 -0.68670624 -0.07962945 -0.46888694 -0.355718 4.7097993
-0.32582408 0.046868872 -0.2543881 -0.79703236 -0.21264881 -0.28795996 -0.36371818 -0.28550094 4.3492293
5.427111 -0.9899489 -0.7534591 -0.7546931 -0.6859039 -0.41526496 -0.161995 0.29207727 0.0
-0.611781 -0.55870783 0.15483181 -0.6115935 0.09025008 -0.48048985 -0.23374967 -0.37329623 3.8488884
-0.4934534 -0.33075857 -0.09999263 -0.67809707 -0.47444218 -0.4383835 -0.10797723 -0.44087124 4.6966677
-0.69695157 -0.14927116 -0.51176864 -0.033157874 -0.73143625 -0.38786536 -0.39132702 0.011608245 4.442882
-0.34478796 5.6165214 -0.09923886 -0.56010604 -0.91451716 -1.0075431 -0.6930004 -0.23735948 0.0
