5.6998425 -0.56707823 -0.7739325 -0.8498606 -0.3172594 -1.1209553 -0.90679824 -1.1251422 0.0
6.0352182 -0.9764775 -0.89120036 -0.9644613 -0.71679187 -1.0353626 -0.8690413 -1.0804977 0.0
-0.3822643 -0.5918591 -0.8900132 -0.73242825 -0.6346132 -0.5805571 -0.74684113 -0.7519196 5.239361
-0.5945108 -0.45194936 -0.71542495 -0.76095515 -0.4479691 -0.6491766 -0.8794768 -0.7212841 5.08914
-0.379838 -0.5088854 -0.6435237 -0.6737243 -0.46901914 -0.92418593 -0.79126716 -0.7635221 5.1378036
-1.1571246 -0.8043856 -0.89096963 -0.84128237 -0.7894687 -1.1448249 5.676604 -0.9582529 0.0
-0.44863287 -0.77831334 -0.67861885 -0.840288 -0.57079476 -0.57625496 -0.5029857 -0.7134537 4.95526
-0.662451 -0.64242554 -0.6801301 -0.6490174 -0.4658297 -0.42434776 -0.83709866 -0.66934395 4.987193
-0.49246156 -0.41295645 -0.45379686 -0.7154821 -0.72569644 -0.89052814 -0.91243637 -0.46935415 4.8656135
-1.1308898 -1.0380731 -0.4276235 -0.86122066 -1.0295331 -1.060606 5.516629 -0.9035767 0.0
-0.76415086 -0.70994836 -0.46781033 -0.6048367 -0.3818435 -0.5659355 -0.769121 -0.5831128 4.8788743
-0.5433882 -0.37241125 -0.9277895 -0.869942 -0.71501964 -0.8698364 -0.46702555 -0.6770311 5.1233296
-0.45390692 -0.6190157 -0.6776082 -0.6293693 -0.50040853 -0.42163908 -0.6705432 -0.8602264 4.9038463
-1.0162088 5.0876746 -0.9041169 -0.40052184 -0.7398625 -1.3603033 -0.9804756 -1.1696118 0.0
-0.3884498 -0.63475287 -0.84703946 -0.81486315 -0.61205125 -0.6023564 -0.4844555 -0.6003292 4.910691
-0.6693775 -0.71076876 -0.63243747 -0.7455173 -0.4905517 -0.4694716 -0.44861645 -0.74770784 4.9719415
-0.6515336 -0.6029885 -0.87679887 -0.6228685 -0.5931208 -0.88947654 -0.45585793 -0.6974419 5.114498
5.4429584 -1.1640993 -0.7928349 -0.69015235 -0.7320126 -0.9795656 -0.645272 -0.7407719 0.0
-0.5319392 -0.57359785 -0.5105721 -0.76838565 -0.54199934 -0.589838 -0.6708787 -0.8960349 4.969095
-0.5189237 -0.5713842 -0.59462696 -0.7653491 -0.75886554 -0.4001324 -0.49074787 -0.6195393 4.7949524
-0.7876178 -0.48674947 -0.85913146 -0.5158124 -0.6724311 -0.4967525 -0.6513336 -0.6052558 4.9395547
-0.802944 5.283931 -0.7973786 -0.8982755 -0.47809443 -0.6767954 -0.79245764 -0.91155595 0.0
