4.4431868 0.7669774 -0.49399143 -1.3677914 2.651071 -0.41303152 -1.1358712 -1.5103074 0.0
4.5184383 -0.6300286 -0.62247014 -1.1574084 1.3190492 -1.0428141 -1.0002873 -1.3505887 0.0
-0.54107666 -0.746307 -0.63851863 -0.8015791 -0.64091456 -0.8496951 -0.6479436 -1.0167295 5.0960145
-0.70965725 -0.5699884 -0.5161464 -0.8610978 -0.37859073 -0.6197459 -0.71555877 -1.0306965 4.9872375
-0.59260577 -0.62812436 -0.51409405 -0.82948756 -0.56435645 -0.759863 -0.73070675 -1.0873097 5.008442
-0.5537295 -0.5146604 0.82020736 -0.4759347 -0.29023507 -0.5489256 2.7357354 -1.0336615 0.0
-0.57172173 -0.64080334 -0.63848555 -0.64890665 -0.46640396 -0.6306538 -0.5713208 -0.7354321 4.841032
-0.6147877 -0.656596 -0.6364615 -0.55047506 -0.5142936 -0.5523213 -0.45489466 -0.6154192 4.6596794
-0.6767775 -0.55666906 -0.64494634 -0.6738434 -0.5045553 -0.5311554 -0.51062053 -0.73483795 4.803074
-0.13062847 -0.67294836 1.3525358 -0.011945738 -0.45169806 -0.97974163 1.4526345 -0.8367902 0.0
-0.7368819 -0.64977866 -0.61916685 -0.6815244 -0.57807076 -0.5383803 -0.6065559 -0.74294466 4.8889036
-0.5797995 -0.62474626 -0.5826723 -0.79084885 -0.6363847 -0.7217073 -0.659349 -0.61629987 4.9517107
-0.55392766 -0.6611357 -0.6151214 -0.74360794 -0.6749229 -0.6149739 -0.6990736 -0.8012892 4.9722333
-0.03787173 0.9943184 0.12343041 0.5966505 -0.008678255 -0.7011403 0.16859938 -1.0205945 0.0
-0.55913395 -0.7047621 -0.6293804 -0.7773258 -0.43574724 -0.57988614 -0.52260846 -0.8515179 4.9176345
-0.75816655 -0.58783317 -0.5736005 -0.9547808 -0.5148218 -0.5334849 -0.63506204 -0.84866077 4.9665112
-0.5852786 -0.699168 -0.70829296 -0.8929257 -0.6103869 -0.73384434 -0.70509124 -0.83425117 4.989117
3.3750393 -0.8441589 -0.25244445 -1.0049185 -0.33447766 -0.12025167 -0.23190491 -1.224359 0.0
-0.5871819 -0.63852274 -0.6840166 -1.0379455 -0.60458416 -0.57815176 -0.69981116 -1.0830436 5.0637503
-0.643753 -0.5123829 -0.7511262 -1.0182436 -0.47765297 -0.5249758 -0.75969666 -1.0761211 5.0382047
-0.6212382 -0.59948754 -0.7070652 -1.0215595 -0.5150888 -0.61489713 -0.7041659 -1.0046543 5.0250764
0.05622932 3.51074 -0.7612311 -1.3464401 2.3656175 -0.5644221 -0.9776203 -1.3898945 0.0
