6.2608995 -0.8374407 -0.5767397 -1.0064378 -0.8384396 -1.0481751 -0.80678135 -0.92112184 0.0
6.7635565 -1.2571533 -0.738107 -0.8993074 -0.6238295 -0.45961088 -1.3910334 -0.39890957 0.0
-0.35983518 -0.9805252 -0.23735535 -0.6499059 -0.6854952 -0.13637836 -0.7663696 -0.91165626 5.291953
-0.17020224 -0.75775963 -0.68782306 -0.58793455 -0.6359278 -0.24636304 -0.33593208 -1.1338702 5.293582
-0.4931318 0.09620031 -0.7778512 -0.95720154 -0.3576947 -0.58642024 -0.8255332 -0.37687123 4.9316816
-0.68883216 -0.6100201 -1.2597096 -0.7752712 -1.1058731 -0.3232266 6.204204 -1.0426414 0.0
-0.7696466 -0.37617862 -0.7493373 -0.056277882 -0.25174034 -0.46529946 -0.5309102 -0.52917534 4.507237
-0.3474776 -0.49707988 -0.7050004 -0.22678857 -0.6210278 -0.6312153 -0.35636565 -0.8366559 4.762312
-0.7155179 -0.44210216 -0.39704758 -0.51373595 -0.7498116 -0.016509809 -0.66922617 -0.57130486 4.843481
-1.2696797 -0.78648037 -0.58056986 -0.6026968 -0.915776 -0.87086535 5.9836626 -0.5629539 0.0
-0.56138784 -0.83453774 -0.46498176 -0.43570527 -0.40930203 -0.9242289 -0.5928038 -0.3503889 4.9145007
-0.6097299 -0.77231985 -0.5780058 -0.76800543 -0.5852889 -0.7946353 -0.73037916 0.24518698 4.865881
-0.42014462 -0.46438536 -1.2048498 -0.26174715 -0.55736256 -0.3023876 -0.7321113 -0.3526984 5.057121
-0.40450895 5.5414476 -0.37343118 -0.6861029 -0.8731628 -1.0492123 -1.0649036 -1.1289675 0.0
-0.756541 -0.41665325 -0.70795906 -0.44766626 -0.26511958 -0.47382385 -0.34641144 -0.5711908 4.4918766
-0.49366516 -0.22961712 -0.17096508 -0.84366566 -1.1369352 -0.25864977 -0.41969633 -0.5419563 4.7736692
-0.44519773 -0.5938491 -0.6414221 -0.3220554 -0.8274775 -0.796895 -0.070063464 -0.36380884 4.791515
5.7554502 -1.1853876 -0.9523862 -0.4512577 -0.67564696 -0.72989184 -0.54053706 -0.49015313 0.0
-0.62153095 -0.67627424 -0.12444696 -0.7636178 -0.17199756 -0.32134742 -0.28044242 -0.7272166 4.501429
-0.68640965 -0.50703627 -0.60155284 -0.8249876 -0.77137953 0.031228935 -0.7922219 -0.5204589 4.853122
-0.32287866 -0.57656103 -0.28088078 -0.54170305 -0.4623261 -0.49748105 -0.40559077 -0.9428747 4.6078243
-0.9329784 5.615608 -0.55824745 -0.20565298 -0.59706116 -0.9965209 -0.92252207 -0.40934148 0.0
