5.52079 -0.49742532 -0.82625985 -0.92621875 -0.21858764 -0.71277595 -1.0013521 -1.1273875 0.0
5.807466 -0.8453591 -0.98834676 -0.91404474 -0.7486636 -1.0611666 -0.5635987 -0.97340155 0.0
-0.68141454 -0.84838325 -0.8037975 -0.71210235 -0.5743457 -0.65648985 -0.528303 -0.87968135 5.3303967
-0.5143724 -0.5115853 -0.6002527 -0.8698175 -0.662554 -0.57290834 -0.7110614 -0.7085923 5.0386076
-0.65040493 -0.7763848 -0.49468303 -0.72474396 -0.6651005 -0.90159696 -0.6510575 -0.74605423 5.230949
-1.0646448 -0.807663 -0.8684651 -0.9302478 -0.8725903 -1.0336642 5.5034995 -0.96194154 0.0
-0.5063427 -0.6657962 -0.8391605 -0.71570194 -0.49909902 -0.5620243 -0.46786106 -0.6797316 4.875321
-0.5935506 -0.5652221 -0.68155336 -0.695633 -0.5820956 -0.42298117 -0.70331705 -0.79035705 4.843592
-0.42078128 -0.5024602 -0.78075165 -0.8268687 -0.7800035 -0.673802 -0.5711087 -0.33223048 4.808833
-0.89754415 -1.0500163 -0.44881174 -1.0153348 -1.1116747 -1.0515532 5.369565 -0.89138484 0.0
-0.72361064 -0.653044 -0.57182175 -0.61204016 -0.57960445 -0.52116436 -0.49095467 -0.7043097 4.888053
-0.4892812 -0.5264928 -0.6768384 -0.9440631 -0.6758009 -0.57532036 -0.52308834 -0.5291224 4.9394317
-0.32962197 -0.7734824 -0.54171795 -0.68822926 -0.7820417 -0.48853454 -0.59467643 -0.722508 4.9146366
-1.0132188 4.8131714 -0.7938972 -0.20586866 -0.7624802 -1.2809979 -1.0107468 -1.4081391 0.0
-0.60815096 -0.61660796 -0.6979594 -0.77929497 -0.35792103 -0.4439855 -0.5875918 -0.6762587 4.7994423
-0.55253065 -0.58909297 -0.6891074 -0.73723364 -0.4639512 -0.5348016 -0.5197592 -0.53422636 4.900828
-0.75133884 -0.594264 -0.56841725 -0.63608015 -0.45791274 -0.5590696 -0.7023816 -0.64616954 4.9323344
5.3852553 -1.1577005 -0.8114331 -0.75335854 -0.6818139 -0.7272797 -0.8090509 -0.90705985 0.0
-0.46956784 -0.58569926 -0.60301626 -0.81996185 -0.4272615 -0.52913904 -0.5573342 -0.6722166 4.8365016
-0.64351493 -0.5834665 -0.7099714 -0.64338875 -0.37335533 -0.6754192 -0.5661229 -0.61291677 4.857991
-0.69423807 -0.6312494 -0.61214685 -0.66314566 -0.5349646 -0.4218989 -0.5020755 -0.6315691 4.8017263
-0.87824434 5.3025675 -0.79473895 -1.0128869 -0.4067576 -0.74760896 -0.7682121 -0.9037211 0.0
