6.2562428 -0.42276922 -0.75176495 -0.8107299 -0.5617895 -0.84573436 -0.32762918 -0.95691043 0.0
6.915915 -0.9266153 -0.629806 -0.7149582 -0.5088275 0.46691233 -0.7400422 -0.44286352 0.0
-0.011054544 -0.34215018 -0.40357763 -0.4638506 -0.07126435 -0.00023584074 -0.3777381 -1.0647695 4.5977707
-0.13941443 -0.6863637 -0.30673325 -0.47490108 -0.10110125 -0.35334226 -0.2531312 -0.61587006 5.0398088
-0.64410955 -0.047594246 -0.23930594 -0.7106968 -0.21506369 -0.49598742 -0.06417175 -0.32155937 4.3277435
-0.31709206 -0.30321 -0.7534025 -0.6999596 -0.8110994 -0.041052382 6.220546 -1.1488712 0.0
-0.83602774 -0.71839464 -0.21709892 -0.3977047 -0.4288275 -0.3389246 -0.3896224 -0.1694947 4.859944
-0.13398388 -0.11220066 -0.68966204 0.103409216 -0.5254257 -0.13391636 -0.35272944 -0.90687025 4.528759
-0.6390379 -0.2042408 -0.4374445 -0.38501424 -0.5100911 -0.26607987 -0.3601914 -0.14235789 5.0297623
-1.0000764 -0.34163812 -0.9980741 -0.17994481 -0.77766675 -0.7018595 6.299384 -0.5629345 0.0
-0.4094959 -0.14220698 0.5456743 -0.6940554 -0.41097713 -0.5652991 -0.48782685 -0.42598876 4.0626726
-0.23045175 -0.7690265 -0.4696598 -0.5252068 -1.1113302 -0.23239845 -0.10412952 -0.29160294 4.9846725
-0.27856418 -0.27290064 -0.6038831 -0.18387505 -0.2829456 -0.6697463 0.021776432 -0.20767018 4.5909753
-0.8030702 5.6056356 -0.49841544 0.0023841672 -0.38459054 -0.53722256 -0.4843164 -1.0198542 0.0
-0.50734013 -0.1258106 -0.040358685 -0.43376532 -0.282938 -0.20314787 -0.6933801 -0.44865173 4.110984
-0.34782398 -0.71759844 -0.4502622 -0.6394864 -0.6297112 -0.37862465 -0.41988796 -0.3053049 5.0492163
-0.32018495 0.1622122 -0.23329319 -0.7604855 -0.18488947 -0.24433754 -0.34830087 -0.25794277 4.2748156
5.6413207 -0.95501053 -0.7263681 -1.0544221 -0.65681034 -0.4084837 -0.12941557 0.33274812 0.0
-0.57544094 -0.5481257 0.15172452 -0.5953186 0.08796117 -0.16827996 -0.23005264 -0.04802375 3.611487
-0.46262255 -0.28794742 -0.10146131 -0.61474633 -0.43763307 -0.43074992 -0.09196351 -0.43273547 4.6690307
-0.6565156 -0.42932746 -0.50060046 -0.026338885 -0.6794605 -0.33191493 -0.38785926 0.011452577 4.697534
-0.2919967 5.5449166 -0.06531141 -0.53514445 -0.905048 -0.95798445 -0.6538478 -0.20759836 0.0
