6.2548203 -0.3844987 -0.7280976 -0.7792658 -0.5899015 -0.8442672 -0.28918642 -0.9541806 0.0
6.907752 -0.8894413 -0.6289679 -0.6920357 -0.49738142 0.45490304 -0.6798135 -0.4417146 0.0
-0.007935624 -0.24628122 -0.37556794 -0.43318447 -0.07014332 -0.00019008458 -0.37004444 -1.0781394 4.5539746
-0.115088314 -0.67142093 -0.3021771 -0.67381305 -0.099131346 -0.3168224 -0.25073695 -0.605564 5.049395
-0.62599814 -0.039114755 -0.5332983 -0.66236925 -0.25114647 -0.4550982 -0.059779093 -0.29372403 4.499355
-0.28727987 -0.262725 -0.7030898 -0.68033594 -0.77414525 -0.032897342 6.2051115 -1.1460019 0.0
-0.8074876 -0.6804887 -0.17432432 -0.38531777 -0.4085619 -0.31355986 -0.36084932 -0.13808662 4.7708225
-0.115336485 -0.64217585 -0.6514874 0.09954604 -0.5019415 -0.11594951 -0.32416275 -0.8913759 4.907778
-0.613271 -0.18382128 -0.39814132 -0.38061112 -0.500743 -0.25709036 -0.32577237 -0.11794273 4.984336
-0.9556597 -0.31485713 -0.9934275 -0.14867821 -0.73352146 -0.6789952 6.2712674 -0.5432906 0.0
-0.6370409 -0.4247594 0.54558676 -0.6483697 -0.36860192 -0.5138342 -0.47714594 -0.4045643 4.211112
-0.18947539 -0.7300176 -0.4360228 -0.48710126 -1.0845122 -0.5071741 -0.08195906 -0.26129374 5.0042334
-0.2702267 -0.2259088 -0.55522907 -0.25520414 -0.2589462 -0.6418051 0.019779056 -0.20349789 4.6101136
-0.80620414 5.273284 -0.47957432 0.31475368 -0.3440204 -0.49249715 -0.47487208 -0.96549785 0.0
-0.47898465 -0.10390133 0.00783324 -0.38934457 -0.27493128 -0.19189554 -0.6638319 -0.41159937 4.01764
-0.31658238 -0.7567448 -0.41297656 -0.61085844 -0.580397 -0.37265137 -0.37830085 -0.26395586 5.038594
-0.3176905 0.13534813 -0.21503763 -0.7274791 -0.16207395 -0.20951061 -0.33438897 -0.23444466 4.2526364
5.630216 -0.92326 -0.70176417 -1.0520905 -0.63055897 -0.4022038 -0.104745366 0.3312631 0.0
-0.5432125 -0.52770996 0.14963381 -0.580399 0.30809003 -0.16356455 -0.22662762 0.13685727 3.3611794
-0.43444082 -0.25271878 -0.10076212 -0.56053025 -0.40560004 -0.4237345 -0.081237495 -0.42629787 4.6418347
-0.62060595 -0.43495485 -0.48688832 -0.019658804 -0.63392174 -0.40931278 -0.15622398 0.011307992 4.6646776
-0.2497008 5.4746513 -0.044022296 -0.51267004 -0.8919536 -0.91357565 -0.6190231 -0.18299744 0.0
