6.072887 -0.7690591 -0.6753473 -0.8840581 -0.79918617 -1.2080487 -0.8924937 -0.933398 0.0
6.4247355 -1.0960596 -0.8070139 -0.4377865 -0.8284787 -0.76464677 -1.4492639 -0.88150364 0.0
-0.6394932 -0.9002776 -0.48296928 -0.8172607 -0.7825863 -0.4747872 -0.51277786 -0.75103533 5.433811
-0.5337225 -0.6829662 -0.86215174 -0.7849337 -0.46368703 -0.46519554 -0.6219391 -0.9029245 5.4136453
-0.18190847 -0.615931 -0.42437106 -1.1337456 -0.712083 -0.33151495 -0.5169223 -0.42795825 4.9059873
-0.27532578 -0.94317645 -0.87743235 -1.0467745 -0.9921624 -1.0572721 5.9826093 -0.97175103 0.0
-0.72645444 -0.27009448 -1.2217412 -0.2729201 0.05808614 -0.6629565 -0.59157175 -0.5676478 4.753237
-0.94190323 -0.90563726 -0.4997007 -0.22370917 -0.48224217 -0.5648851 -0.16767319 -0.7043321 4.8116093
-0.47735438 -0.7019107 -0.60493785 -0.4762441 -0.8024594 -0.4347713 -0.55063593 -0.55105305 4.791483
-1.2043433 -1.1138514 -0.8152894 -0.451896 -0.80711216 -1.0808337 6.0481853 -0.80112344 0.0
-0.88773936 -0.35672325 -0.85375476 -0.42695415 -0.34626436 -0.83966637 -0.28456417 -0.29481474 4.7120657
-0.5998516 -0.66384166 -0.4874721 -0.82558924 -0.57486784 -0.5456416 -0.6404039 -0.14418024 4.7476153
-0.7746608 -0.5135305 -0.8714674 -0.74967664 -0.6414545 -0.6643207 -0.76770824 -0.740523 5.2894497
-0.91157186 5.50702 -0.6647443 -0.6315244 -0.98015827 -0.788906 -1.1675708 -0.79615873 0.0
-0.3511761 -0.6943212 -0.46438736 -0.48115295 -0.59912974 -0.3985994 -0.2419579 -0.51780254 4.464717
-0.52059144 -0.78238654 -0.7152494 -0.8297498 -0.43651783 -0.4252621 -0.19826911 -0.91358256 4.951848
-0.65772974 -0.77169234 -0.4527301 -0.6483653 -0.4294103 -0.9546547 -0.0051314966 -0.53213716 4.796602
5.76431 -0.7460631 -0.94289863 -0.9012272 -0.75708246 -1.1470649 -0.7262294 -0.54497725 0.0
-0.70138216 -0.794606 -0.31390518 -0.5542116 -0.30817795 -0.21963035 -0.6504382 -0.44294015 4.6748476
-0.67576015 -0.7506846 -0.70098007 -0.6899718 -0.4714115 -0.53758836 -0.5183368 -0.695581 4.883696
-0.53239596 -0.36605722 -0.6690358 -0.5224331 0.011377466 -0.90788466 -0.5471794 -0.70520896 4.63391
-0.7360266 5.4661703 -0.7142984 -0.8746065 -0.62536436 -0.74364847 -0.59627837 -0.9602525 0.0
