6.058585 -1.0948309 -0.64012945 -0.7870233 -0.5867152 -1.1390688 -0.88563275 -0.67164105 0.0
6.6803856 -1.0151082 -0.8292671 -0.91914535 -0.75798094 -0.60561615 -1.302455 -0.53826207 0.0
-0.41620636 -1.1901852 -0.5502285 -0.48977065 -0.4563815 -0.17336835 -0.39907652 -0.7026352 5.080288
-0.20528398 -0.59979 -0.64526933 -0.32285404 -0.55368745 -0.33916113 -0.3704653 -0.9698956 4.9655585
-0.54512656 -0.0012993698 -0.6204722 -1.096687 -0.5343385 -0.8010612 -0.57795095 -0.50285727 5.074842
-0.72740245 -0.73956877 -1.077215 -0.9299718 -0.9545032 -0.41719097 6.030678 -0.971626 0.0
-0.74090487 -0.36422616 -0.8754785 -0.2802359 -0.11559524 -0.5767114 -0.47972745 -0.41714114 4.5958705
-0.46812958 -0.70831543 -0.7806155 -0.20685616 -0.538856 -0.40602416 -0.52183515 -0.8685595 4.8607693
-0.59385103 -0.42489392 -0.6398587 -0.55107766 -0.7369204 0.18635122 -0.7490271 -0.677806 4.7781463
-1.0758668 -0.81799245 -0.6432195 -0.6639337 -0.9707436 -1.0094038 5.9328346 -0.6177269 0.0
-0.38560075 -0.8213393 -0.57871467 -0.4475319 -0.39391685 -0.817172 -0.5414777 -0.30911586 4.781567
-0.6015708 -0.88451 -0.6184154 -0.83950377 -0.51890564 -0.75727063 -0.6700137 0.279087 4.8951945
-0.4452451 -0.56890047 -0.8321178 -0.59801054 -0.7035588 -0.43850985 -0.77459174 -0.7488279 5.170417
-0.44045985 5.506781 -0.54365695 -0.80329865 -0.9517796 -0.89384246 -0.98377025 -1.0260019 0.0
-0.5862315 -0.42984858 -0.8683037 -0.38298032 -0.23724899 -0.66575587 -0.18250188 -0.28154075 4.5349474
-0.34149638 -0.23973174 -0.47370815 -0.93639725 -0.99659926 -0.060504247 -0.34191775 -0.77855843 4.7729387
-0.35614663 -0.80628365 -0.68753946 -0.5949906 -0.9484662 -0.72329116 -0.0041899886 -0.55057234 4.9494567
5.6334085 -0.9814309 -0.9176662 -0.4910144 -0.7855432 -0.87148833 -0.45542222 -0.60555947 0.0
-0.56526655 -0.8613747 -0.4959366 -0.5890335 -0.11597656 -0.34060517 -0.54080063 -0.5408138 4.6377435
-0.85532373 -0.47788337 -0.5004305 -0.8933172 -0.37360892 -0.3169415 -0.72021294 -0.46731135 4.8069897
-0.2839105 -0.40136507 -0.59176636 -0.6931941 -0.6231921 -0.5699934 -0.40962848 -1.1098201 4.824463
-1.0459133 5.717608 -0.64415425 -0.30837542 -0.641907 -1.0814203 -0.83977073 -0.6556278 0.0
