6.261785 -0.44745836 -0.7662911 -0.8301583 -0.5808809 -0.84661347 -0.3530221 -0.95854753 0.0
6.9208074 -0.9495948 -0.63030803 -0.72903395 -0.51580125 0.47413406 -0.77859503 -0.4435524 0.0
-0.013476012 -0.3724698 -0.41825092 -0.4832235 -0.071944065 -0.00026834192 -0.37046492 -0.85610056 4.5698028
-0.15635045 -0.6954626 -0.30949205 -0.48925567 -0.10229852 -0.37709403 -0.25457472 -0.62211996 5.06037
-0.655195 -0.05351789 -0.25403577 -0.7412783 -0.23087475 -0.5077403 -0.070439704 -0.3394546 4.3870487
-0.33638272 -0.33034468 -0.78520745 -0.7119698 -0.83404636 -0.0465098 6.229796 -1.1505915 0.0
-0.85358304 -0.74203354 -0.24752417 -0.40530512 -0.4414288 -0.35506782 -0.40791935 -0.19158888 4.9140635
-0.14654598 -0.11846949 -0.71313274 0.105738446 -0.54000163 -0.14597034 -0.37100676 -0.9162691 4.5663295
-0.6549682 -0.21752246 -0.46278492 -0.38748956 -0.51576746 -0.27160758 -0.38249314 -0.2165524 5.0599546
-1.0276313 -0.36290956 -1.0008618 -0.201698 -0.80533713 -0.71590495 6.3164244 -0.57502496 0.0
-0.23455459 -0.1526972 0.1582793 -0.71016604 -0.43861714 -0.5975103 -0.49433175 -0.43934432 4.302528
-0.2590715 -0.79335475 -0.491009 -0.5494122 -1.1276916 -0.25786135 -0.120143294 -0.30525246 5.0439544
-0.28367484 -0.3055074 -0.6385266 0.03146666 -0.2982223 -0.68704087 0.02306628 -0.21021464 4.4504595
-0.808097 5.6350365 -0.51003975 0.002533376 -0.41110852 -0.56589574 -0.4900562 -1.0538269 0.0
-0.52509755 -0.14105694 -0.29318613 -0.46344012 -0.28783688 -0.21019225 -0.7116829 -0.4720254 4.2488394
-0.35816324 -0.48622322 -0.47415593 -0.6572508 -0.66119283 -0.07637342 -0.44681036 -0.3330643 4.6636415
-0.32169953 0.046373997 -0.24494566 -0.7807783 -0.20004135 -0.26813036 -0.35689902 -0.27310902 4.33218
5.5985804 -0.97452676 -0.7414987 -0.99912477 -0.6730354 -0.4122879 -0.14685898 0.33342567 0.0
-0.5956282 -0.54893607 0.15382805 -0.6044279 0.08924261 -0.20775592 -0.23212665 -0.35824114 3.7605374
-0.48035753 -0.3113216 -0.1002594 -0.64964527 -0.45799208 -0.4350029 -0.09906258 -0.4372973 4.6842146
-0.67898464 -0.4289679 -0.5089716 -0.031356897 -0.7082528 -0.36234438 -0.3957651 0.011539969 4.705207
-0.32064041 5.587378 -0.08266653 -0.5490583 -0.9129545 -0.985579 -0.6756113 -0.2238645 0.0
