5.3438497 -0.32280877 -0.6884917 -1.0499455 0.19418508 -0.7933587 -0.87407285 -1.1279309 0.0
5.3918123 -0.8624852 -0.83261305 -0.7053447 -0.21470883 -1.0076729 -0.9535531 -1.0030868 0.0
-0.3253842 -0.5200421 -0.7415235 -0.63225895 -0.44195983 -0.7485769 -0.31918216 -0.9571535 4.9010787
-0.48573837 -0.56568474 -0.60473907 -0.825994 -0.43449178 -0.6152277 -0.7843729 -0.8017583 4.9716563
-0.51243716 -0.77996904 -0.6630562 -0.7748783 -0.5114057 -0.5724072 -0.5213427 -0.8120005 4.9960294
-1.0398629 -1.0373356 -0.19330171 -0.73430675 -0.7916946 -0.84346366 4.8022413 -1.1534013 0.0
-0.46390414 -0.69012254 -0.70132726 -0.5803625 -0.69826496 -0.611721 -0.50423694 -0.70325017 4.818259
-0.3882394 -0.59033275 -0.64770114 -0.6150302 -0.51534384 -0.5956143 -0.6097504 -0.59198886 4.5610967
-0.65690655 -0.49829426 -0.43878886 -0.77636987 -0.54594433 -0.5643193 -0.45474666 -0.673447 4.620456
-0.87359625 -1.0400968 0.15830621 -0.88109905 -1.0800858 -1.0576568 4.5685244 -1.2196193 0.0
-0.9528622 -0.39727077 -0.6341218 -0.5189201 -0.49498427 -0.5483816 -0.56757313 -0.87426233 4.9290137
-0.64337116 -0.49998948 -0.68534964 -0.7324275 -0.70909256 -0.67825055 -0.64772683 -0.5270156 4.953756
-0.5062188 -0.7355703 -0.5698157 -0.7007098 -0.47213036 -0.52434886 -0.6823933 -0.71914613 4.921941
-0.8927223 3.733476 -0.47971305 0.46628103 -0.6085995 -1.5120579 -0.9434985 -1.3543007 0.0
-0.6048465 -0.5795035 -0.3827942 -0.6895318 -0.53985435 -0.5474355 -0.50176686 -0.75559676 4.763151
-0.6124363 -0.7184908 -0.78315973 -0.81843203 -0.3630469 -0.61277676 -0.537356 -0.6164995 5.0347013
-0.63187057 -0.63968444 -0.67327696 -0.60823315 -0.30251148 -0.7183436 -0.5411288 -0.6675438 4.9034634
4.819942 -0.9305024 -0.7009301 -0.91539097 -0.6031366 -0.7680343 -0.78490824 -0.8719868 0.0
-0.4773863 -0.54804367 -0.5250476 -0.78542775 -0.5086261 -0.5735046 -0.56194764 -0.69123864 4.8225093
-0.6030139 -0.52265203 -0.48704472 -0.77704895 -0.38889238 -0.50378025 -0.547759 -0.7576546 4.838774
-0.4872768 -0.50609034 -0.6620856 -0.73474514 -0.32961255 -0.5738335 -0.47339404 -0.7138451 4.790881
-0.5565276 4.7986927 -0.9245041 -1.0358733 0.18183404 -0.7055248 -0.74505913 -1.0317658 0.0
