6.112508 -0.77574915 -0.79455143 -0.88942647 -0.7953527 -1.2202398 -0.8894652 -0.9404014 0.0
6.3345366 -1.0514053 -0.8213885 -0.4491835 -0.6596037 -0.7680189 -1.4709195 -0.8944108 0.0
-0.66568524 -0.8844354 -0.48296994 -0.8300459 -0.80334836 -0.50819117 -0.5062343 -0.7401467 5.444591
-0.5572157 -0.65419513 -0.8761748 -0.80663586 -0.32704186 -0.5253104 -0.6324575 -0.9017758 5.3998666
-0.21749508 -0.6296072 -0.4200163 -1.12085 -0.74215496 -0.33611813 -0.5453119 -0.35266522 4.8965993
-0.3035972 -0.9601189 -0.85309255 -1.0647173 -0.9940165 -1.1309766 6.014525 -0.95211333 0.0
-0.7105802 -0.28198022 -1.1221892 -0.2925849 0.0769733 -0.6441424 -0.6135644 -0.59678876 4.7059226
-0.9105513 -0.88223106 -0.42147702 -0.20117195 -0.4511869 -0.5738213 -0.16487648 -0.7142051 4.752199
-0.46133733 -0.7151228 -0.5940701 -0.58852357 -0.8204829 -0.3863976 -0.5568011 -0.53136575 4.834943
-1.1847959 -1.1313919 -0.8318253 -0.41334847 -0.81202304 -1.0975702 6.049462 -0.8093732 0.0
-0.9144646 -0.36659223 -0.8171418 -0.38024637 -0.30155095 -0.8373269 -0.2784541 -0.30877796 4.6872916
-0.60946536 -0.64421904 -0.4614034 -0.76052916 -0.68966734 -0.53148484 -0.6602763 -0.22423367 4.7838764
-0.76703817 -0.4859926 -0.84316117 -0.77115405 -0.66077775 -0.59877235 -0.72503483 -0.76123595 5.238338
-0.92118734 5.5102816 -0.6529273 -0.64084417 -0.99664885 -0.79858226 -1.1791548 -0.7734015 0.0
-0.37653494 -0.70245874 -0.5145218 -0.54372615 -0.60886824 -0.43715468 -0.27147847 -0.5320351 4.553862
-0.52606755 -0.7962971 -0.728859 -0.8308849 -0.4189978 -0.44758412 -0.21396655 -0.942184 4.9796615
-0.6780198 -0.79316664 -0.52253497 -0.644818 -0.4611128 -0.9674941 0.0047555096 -0.5400312 4.8252115
5.7238584 -0.7570426 -0.9493202 -0.9209405 -0.6605522 -1.0913712 -0.67762166 -0.578148 0.0
-0.70848393 -0.8036724 -0.3139445 -0.60747886 -0.29576954 -0.23185444 -0.6252596 -0.46023658 4.698734
-0.6860096 -0.7636582 -0.6688777 -0.69147116 -0.47645554 -0.55231136 -0.54333156 -0.7067074 4.891256
-0.5436394 -0.37787625 -0.6950755 -0.5408403 -0.03967057 -0.94860834 -0.49996895 -0.733867 4.693026
-0.8114265 5.493067 -0.7345194 -0.8434231 -0.639196 -0.7468042 -0.6279819 -0.9218339 0.0
