6.35568 -0.62180036 -0.77873623 -0.95631063 -0.7067501 -0.39381737 -0.54210126 -1.2966623 0.0
6.4491735 -1.0992442 -0.44193769 -0.8190849 -0.5594563 -0.13741742 -1.0545063 -0.18806079 0.0
-0.041272826 -0.62027603 -0.40941006 -0.6981964 -0.5650873 -0.00045617452 -0.6896792 -1.1041477 5.2183747
-0.22880168 -0.7523905 -0.52670056 -0.5838864 -0.10974968 -0.5559578 -0.30093363 -0.99052095 5.432529
-0.4565703 0.025897378 -0.5405827 -0.9342298 -0.39844555 -0.69079363 -0.40162122 -0.30441275 4.6239424
-0.47858444 -0.5509692 -1.005182 -0.78813607 -0.9852934 -0.10554891 6.2853894 -1.1609253 0.0
-0.96591944 -0.74170023 -0.5608352 -0.5332195 -0.51568836 -0.46874908 -0.5365198 -0.38948065 5.244301
-0.24697176 -0.5150745 -0.63560015 -0.33760655 -0.6358523 -0.56224346 -0.45097375 -0.5135887 4.695857
-0.7587537 -0.31674808 -0.64084166 -0.2539775 -0.5508683 -0.4067458 -0.5218131 -0.3938479 5.10008
-1.2087915 -0.54374826 -0.8343542 -0.39840907 -0.9923784 -0.80582607 6.2410097 -0.65018445 0.0
-0.4312664 -0.56993705 0.15571606 -0.66084427 -0.6670304 -0.5960066 -0.7760826 -0.4109857 4.6341925
-0.51751006 -0.7005916 -0.4767401 -0.7794696 -1.2303685 -0.47960886 -0.2816779 -0.19318272 5.2607794
0.06939956 -0.49734282 -0.89055926 0.03515332 -0.2013794 -0.8280585 -0.2211361 -0.5693285 4.693899
-0.59397894 5.6431165 -0.5853449 -0.32320836 -0.61233145 -0.77195257 -0.52579725 -1.2817063 0.0
-0.6216217 -0.27673173 -0.44531563 -0.66260123 -0.14270954 -0.36909527 -0.7322605 -0.64066607 4.419497
-0.47403166 -0.2438058 -0.41176683 -0.4449453 -0.86129695 -0.30952758 -0.4468914 -0.556274 4.583026
-0.2738338 0.1520712 -0.5056799 -0.9149429 -0.39216307 -0.4669321 -0.059028912 -0.55589837 4.425261
5.5550985 -1.0997114 -0.83862853 -0.47556955 -0.7801261 -0.43576565 -0.31214252 0.028213335 0.0
-0.4877165 -0.34787244 -0.04619669 -0.6064238 -0.09547981 -0.56403095 -0.6332877 -0.49184012 4.2441936
-0.29267192 -0.701867 -0.5395977 -0.9035019 -0.6226352 -0.16987911 -0.3000517 -0.15756507 4.569817
-0.8299901 -0.37535468 -0.18056637 -0.18823916 -0.6032028 -0.49821353 -0.20643052 -0.42122388 4.6606107
-0.56046146 5.7503057 -0.15618889 -0.64003664 -0.75792456 -1.1676567 -0.8215455 -0.35116625 0.0
