4.5946727 0.15567906 -0.4403694 -1.2204016 1.8426145 -0.5609047 -0.9910084 -1.4065324 0.0
5.0018954 -0.8828407 -0.6261848 -1.0441207 0.5946364 -0.9947205 -0.948781 -1.1963352 0.0
-0.68145496 -0.58243835 -0.6095912 -0.73859704 -0.47760335 -0.84872836 -0.48099256 -0.85719866 5.0808396
-0.6302947 -0.5411636 -0.5670459 -0.777553 -0.5293682 -0.5508717 -0.7179182 -0.87933445 4.983158
-0.4639112 -0.6203484 -0.5437718 -0.6870233 -0.49448138 -0.60639864 -0.64153016 -0.9351433 4.9156947
-0.7760077 -0.85695046 0.6822286 -0.72597915 -0.5730935 -0.7327285 3.5468998 -1.039775 0.0
-0.451825 -0.6998718 -0.6198717 -0.5806509 -0.5827017 -0.613285 -0.5078696 -0.7199345 4.774296
-0.6873503 -0.634943 -0.40319195 -0.5397958 -0.5950337 -0.52219933 -0.59705216 -0.61145294 4.617636
-0.5064517 -0.40758938 -0.63918895 -0.699956 -0.39666992 -0.5925631 -0.62120813 -0.66569245 4.70666
-0.3991112 -0.7714666 1.337859 -0.5795231 -0.9538867 -1.0865875 2.586439 -1.0377405 0.0
-0.7407936 -0.5333334 -0.6693274 -0.6280095 -0.5593407 -0.6264539 -0.60462373 -0.5646153 4.8612514
-0.5542766 -0.5715202 -0.58196354 -0.73895746 -0.5041461 -0.6431369 -0.6121856 -0.57879937 4.8737965
-0.49692592 -0.6158175 -0.6049644 -0.67698354 -0.5726279 -0.66877115 -0.6067851 -0.76626796 4.9535694
-0.04023648 1.3470855 0.10866279 0.7555292 0.15210788 -0.96915925 -0.22188663 -1.3664868 0.0
-0.55543995 -0.5711017 -0.6255216 -0.7523808 -0.35833123 -0.77797896 -0.5537743 -0.7538384 4.900545
-0.7510285 -0.7549909 -0.6223106 -0.7629624 -0.44288647 -0.58962435 -0.58535385 -0.6613886 4.991163
-0.6413869 -0.69568586 -0.6120543 -0.68181217 -0.7002178 -0.7026657 -0.5333847 -0.65545183 4.9790797
3.997872 -0.8007434 -0.47305557 -0.95802236 -0.5854499 -0.40383986 -0.47964716 -1.035798 0.0
-0.47895885 -0.46044335 -0.6100455 -0.86689436 -0.6331262 -0.49864492 -0.7992673 -0.9044801 5.006032
-0.65892214 -0.57864493 -0.6240612 -0.8945489 -0.5104984 -0.48995382 -0.61293733 -0.8727459 5.0081754
-0.666501 -0.5830315 -0.59586334 -0.8825255 -0.51817745 -0.56286556 -0.6820167 -0.85227334 5.006087
-0.36293876 4.0261517 -0.73959357 -1.2553992 1.6726382 -0.7352198 -0.9603289 -1.2733052 0.0
