6.280946 -0.5459724 -0.74170446 -0.90204906 -0.6511669 -0.54351795 -0.4586063 -1.2392348 0.0
6.7021794 -1.0347852 -0.3504185 -0.78062534 -0.541024 -0.07933494 -0.93036556 -0.48130292 0.0
-0.026948787 -0.5028636 -0.68937814 -0.63485897 -0.44968283 -0.00042083336 -0.40867904 -0.99433935 5.1060753
-0.2336349 -0.7283386 -0.51219034 -0.54309654 -0.10661085 -0.47387555 -0.2968437 -0.636043 5.2440686
-0.68776536 -0.086397804 -0.44640765 -0.84192353 -0.33332267 -0.60834473 -0.35182106 -0.40392205 4.714011
-0.4137602 -0.44610012 -0.9077297 -0.7557437 -0.9197731 -0.075274356 6.262369 -1.1566453 0.0
-0.9180923 -0.67724323 -0.40596977 -0.43312526 -0.48041403 -0.4179874 -0.47913 -0.29430112 5.055849
-0.20059845 -0.42027405 -0.56235945 0.038295157 -0.5943512 -0.36873484 -0.44267964 -0.9421335 4.7148795
-0.71403915 -0.27127534 -0.5637832 -0.19781636 -0.5361881 -0.29411536 -0.463651 -0.3077035 4.9551787
-1.1304119 -0.46016446 -1.0107123 -0.30084783 -0.91038835 -0.7674229 6.37693 -0.6195153 0.0
-0.29723755 -0.44756037 0.14557865 -0.81919104 -0.5543046 -0.713694 -0.52412957 -0.45482767 4.47589
-0.39105418 -0.8860896 -0.42137858 -0.58987796 -1.1870047 -0.37095857 -0.19827887 -0.15621476 5.1709228
-0.30239806 -0.37459522 -0.7764398 0.03369825 -0.359005 -0.74627537 -0.25464502 -0.219394 4.6081104
-0.82520515 5.7588716 -0.55298907 -0.2591468 -0.51936346 -0.6790709 -0.51073164 -1.1821727 0.0
-0.5848781 -0.2031351 -0.37824693 -0.56328565 -0.24312456 -0.23679577 -0.75718457 -0.564452 4.370734
-0.41244844 -0.50704074 -0.34684175 -0.67072785 -0.76348513 -0.26464403 -0.55553395 -0.44892937 4.8221326
-0.29599988 0.12667017 -0.3077368 -0.8569598 -0.26384982 -0.37010473 -0.38863719 -0.33424222 4.4069247
5.7234898 -1.0461775 -0.79704624 -0.76657546 -0.7331694 -0.42591262 -0.22869715 0.026504831 0.0
-0.66772836 -0.28195608 0.15439934 -0.6037263 0.11617607 -0.5501833 -0.23956668 -0.43146595 3.8098075
-0.53181213 -0.40927616 -0.45264387 -0.78846645 -0.5307688 -0.4511249 -0.14098969 -0.45368055 5.030998
-0.76388514 -0.22494765 -0.26254272 -0.12061462 -0.7025795 -0.49140975 -0.40260357 0.009332576 4.363244
-0.44509053 5.550865 -0.18777207 -0.60077375 -0.678879 -1.0887505 -0.7578163 -0.29161644 0.0
