6.273305 -0.50888544 -0.80021375 -0.87594515 -0.62472856 -0.84740686 -0.41809037 -0.9622894 0.0
6.9197216 -1.0038236 -0.58888507 -0.7619793 -0.5319677 -0.06015853 -0.8735911 -0.45747983 0.0
-0.021099627 -0.45224157 -0.68138087 -0.5311192 -0.3993282 -0.0003587008 -0.40142968 -0.94308084 5.04453
-0.20271797 -0.7165401 -0.31619686 -0.5234108 -0.10506567 -0.43706477 -0.25794703 -0.63651556 5.1075096
-0.6808849 -0.074718654 -0.40500978 -0.7990213 -0.27254266 -0.57068276 -0.3297033 -0.38378412 4.6296673
-0.38455892 -0.401159 -0.86236614 -0.7399666 -0.8884994 -0.06349858 6.250831 -1.154501 0.0
-0.8947597 -0.647476 -0.33349422 -0.42307767 -0.4713764 -0.3945617 -0.4526358 -0.2528789 4.988153
-0.17952347 -0.3794049 -0.52484715 0.11120032 -0.5745306 -0.32755733 -0.41591826 -0.9379398 4.6431975
-0.6925681 -0.25090674 -0.5257861 -0.1734288 -0.5288712 -0.28456813 -0.43828347 -0.27177516 4.9021745
-1.0929453 -0.42311856 -1.0072181 -0.26120394 -0.87176526 -0.7487967 6.3554683 -0.60340434 0.0
-0.28058523 -0.35624662 0.16549632 -0.7789613 -0.5083376 -0.6774978 -0.5151744 -0.46843085 4.4200745
-0.3377493 -0.85252273 -0.3960295 -0.60847676 -1.1656836 -0.32599306 -0.16611119 -0.1403891 5.1072206
-0.29565817 -0.32482427 -0.72458947 0.03272208 -0.3361741 -0.72771925 0.025807755 -0.21609518 4.52727
-0.81961095 5.7221875 -0.5374051 -0.23189373 -0.47817314 -0.63668174 -0.5033228 -1.1350967 0.0
-0.5618659 -0.18271188 -0.3445017 -0.51885164 -0.2379038 -0.22707738 -0.7333034 -0.52963233 4.307344
-0.40435207 -0.5063944 -0.31775996 -0.6986906 -0.7384899 -0.08688319 -0.5143909 -0.40304232 4.7466598
-0.59564364 0.053723376 -0.2735574 -0.8292101 -0.23912954 -0.33024463 -0.37718457 -0.31140485 4.6261954
5.6924825 -1.0202591 -0.7769604 -0.76115745 -0.7113171 -0.42104432 -0.19556277 0.025947317 0.0
-0.63987917 -0.379286 0.1567165 -0.61590594 0.0922181 -0.51591295 -0.23690796 -0.40400842 3.8304482
-0.50958526 -0.37155265 -0.41525546 -0.7362874 -0.501675 -0.4456703 -0.11998644 -0.44781867 4.9883175
-0.7326694 -0.13692993 -0.23122568 -0.025224375 -0.7780668 -0.44199994 -0.40396366 0.011738455 4.3391533
-0.39637366 5.449754 -0.14090288 -0.5819546 -0.64230764 -1.051117 -0.7276672 -0.26559752 0.0
