6.2543087 -0.6709446 -0.7999875 -0.9876845 -0.7372361 -0.4073234 -0.6000965 -1.1072737 0.0
6.263772 -1.1365722 -0.50236416 -0.84091663 -0.17620729 -0.18602772 -1.1300749 -0.23602389 0.0
-0.05396733 -0.69695073 -0.43145072 -0.4882056 -0.4551186 0.0017988262 -0.70907384 -1.1602582 5.2003336
-0.2685496 -0.76601815 -0.53474617 -0.5344931 -0.11045671 -0.48248723 0.0076547326 -1.0584917 5.196277
-0.47520193 0.032688066 -0.5369811 -0.9766091 -0.49556142 -0.7390111 -0.62792665 -0.3311654 4.8396873
-0.5186539 -0.61912394 -1.0634525 -0.80662745 -1.0234815 -0.12720528 6.298643 -1.1637938 0.0
-0.9936792 -0.7798991 -0.55941063 -0.41998255 -0.5368032 -0.49834508 -0.51891327 -0.4600239 5.2317057
-0.2810313 -0.568372 -0.6857091 -0.36743397 -0.7609795 -0.662276 -0.4835247 -0.564581 4.889864
-0.71254826 -0.34501305 -0.54733956 -0.28329733 -0.25918898 -0.41848326 -0.56240517 -0.45073318 4.8566194
-1.2540213 -0.5962664 -0.59648347 -0.45893458 -1.0408115 -0.5375256 5.822385 -0.3860265 0.0
-0.48382908 -0.6512202 0.08811706 -0.7430599 -0.7601309 -0.6312232 -0.800571 -0.39013273 4.741985
-0.45520878 -0.7493074 -0.6882912 -0.7503504 -0.9803074 -0.5527162 -0.34203517 -0.09020092 5.1265097
-0.11299727 -0.46503672 -0.96083075 0.03158611 -0.2055581 -0.8444363 -0.4146362 -0.6186304 4.7932453
-0.52714235 5.816567 -0.6040295 -0.3650008 -0.6705204 -0.8286149 -0.83739126 -1.2845085 0.0
-0.7276059 -0.32162443 -0.4798669 -0.74732244 -0.45905906 -0.40021807 -0.26969633 -0.6848411 4.5889773
-0.5884119 -0.26290044 -0.19443198 -0.49266073 -0.9206188 -0.33751288 -0.4940081 -0.6248573 4.6718636
-0.3007566 -0.17792729 -0.5472848 -0.7686832 -0.5558748 -0.5249382 -0.26682875 -0.60420656 4.727296
5.5966387 -1.1304617 -0.8625312 -0.47182384 -0.80651 -0.44153568 -0.3708613 0.037807893 0.0
-0.54290897 -0.40360776 -0.012393565 -0.36313877 -0.10113144 -0.60593283 -0.54783654 -0.6909168 4.1448684
-0.39982143 -0.7699383 -0.7288778 -0.97306734 -0.36674136 -0.17647809 -0.46684828 -0.09138354 4.630454
-0.86894006 -0.42305958 -0.21196659 -0.24536021 -0.6498251 -0.5668423 -0.2714872 -0.5405591 4.821188
-0.63655514 5.7584667 -0.21890801 -0.6628184 -0.80531156 -1.0173892 -0.8425833 -0.3891603 0.0
