0.8547426 0.25381237 0.26225615 -0.41343558 -0.3297245 0.096923664 -0.37117228 -0.2976885 0.0
-0.45018318 -0.9933498 0.1097036 -0.033003304 -0.44858056 -0.8746023 1.4536285 1.7761902 0.0
-0.16438293 0.4233706 -0.06628813 -0.04379827 0.18999484 -0.328881 0.2118042 -0.08668679 0.06274134
0.025663543 -0.07733354 -0.041494228 -0.20415854 -0.2084501 0.27237245 0.06713167 0.033123475 0.6531272
0.29214665 0.013764083 0.14626682 0.43298468 -0.36020863 -0.25491434 -0.2670676 -0.34488446 0.6808782
-1.2138138 -0.49456424 0.115983434 2.4170015 -0.63962764 -0.71421635 -0.17596829 0.6880262 0.0
-0.3951203 -0.2203013 0.105137415 0.4027275 -0.028472237 0.0904332 -0.22776905 0.07303031 0.13587977
0.28342742 -0.033867363 -0.07130022 -0.55906457 0.56900835 -0.10051054 -0.43872863 0.5109076 0.2351448
-0.04713991 -0.4469264 0.2651511 0.19217446 -0.0027042856 0.032511823 0.12192834 -0.078186415 0.095011026
-0.27239034 -0.109801956 0.19074348 -0.19085813 -0.2371485 -0.76548755 0.17292039 1.204491 0.0
0.35628626 -0.3382151 0.21559556 -0.22328052 0.10654843 -0.21554929 -0.14026777 -0.6799167 0.85714966
0.7219113 -0.47567296 0.08320434 -0.044126093 0.004463474 0.04572694 0.051614862 -0.69404215 0.32650462
-0.473379 0.13141915 -0.13658628 -0.3721289 0.10212043 0.39692646 -0.09397396 0.07244269 0.47346625
0.6972848 -0.1278431 0.43175542 0.09164053 -0.5267638 -0.20611393 -0.36190167 0.0018520261 0.0
0.15485662 0.22687708 -0.24302647 0.011353014 -0.20133792 -0.15355237 0.06623373 -0.41308758 0.50907654
-0.38481072 0.1823944 -0.22005787 -0.23664157 0.75708246 0.31435585 -0.47605965 -0.14995694 0.3280562
0.15040022 0.013382644 -0.19140193 -0.52788943 0.11482266 0.23343635 0.07405807 -0.4001808 0.6617349
1.3226417 -0.6027915 0.017463448 -0.11122778 -0.33859473 -0.3036464 -0.091250524 0.13354568 0.0
-0.018689325 -0.22668338 -0.11133018 -0.117135234 0.030249497 -0.22754839 -0.13260509 -0.6294452 1.363321
0.28310007 0.021467285 -0.41153622 -0.0413465 -0.041371148 -0.21171018 -0.16068639 -0.4188288 0.96866417
0.5643482 -0.260705 -0.47186887 -0.7055321 -0.07501586 0.121908605 0.16044582 -0.42993754 1.1021446
0.23974481 0.7039135 -0.20445442 -0.43441543 0.24156219 0.04982369 -0.006065335 -0.57169795 0.0
