0.76053923 -0.8160055 -0.15165666 -0.3138565 0.38548404 0.80032516 0.36096105 -0.9162367 0.0
-0.3779214 -1.097393 -0.57822293 -0.21408068 0.063351825 -0.8420017 1.9092227 2.0049977 0.0
-0.3319897 0.010997628 0.14223236 0.56229025 -0.1937041 0.22447936 0.082897894 -0.25738817 -0.24242648
-0.7762251 -0.35058135 -0.5120036 0.33727306 0.1361395 0.27048486 0.5565998 0.20161772 0.17648377
0.38792396 -0.1931066 0.24203786 -0.3764312 0.064421594 0.11665497 0.057517897 -0.53383654 0.26603267
-1.180167 -0.23088136 1.1300462 1.1311176 -0.33458194 0.02655482 -0.5354308 0.36990026 0.0
-0.5208869 0.48239708 0.2660204 0.053750243 0.28331217 -0.2537911 -0.32761645 -0.011238782 -0.06106931
-0.24505423 -0.22624622 0.19877255 0.08889985 0.30338907 -0.017461278 -0.015232061 -0.1912984 0.14136681
-0.055390008 -0.62715876 -0.13884431 0.040176474 0.16593674 0.33563942 0.19430289 -0.051566355 0.09035001
-0.46813494 -0.08739681 0.5732665 0.19057874 -0.00021218578 -0.62670094 0.39513212 0.4913709 0.0
-0.0062772036 -0.033605404 -0.2088472 0.092870705 0.089792706 0.097241916 -0.2631795 -0.05383428 0.16189787
0.03147719 -0.013340156 0.006774201 0.039453752 -0.00939461 -0.28563237 0.33925232 -0.2859634 0.14595257
-0.2438525 0.25141624 0.053121753 -0.10313499 -0.1548059 0.12934685 -0.4045235 0.18212146 0.3661705
0.8328641 0.093489595 0.6471425 0.10101514 -0.45668283 -0.6471151 -0.53140414 -0.050726462 0.0
0.060988434 0.3245331 -0.3625473 -0.11747742 -0.12066906 0.33549663 -0.043856982 -0.2520568 0.14124084
0.22806744 -0.17647403 -0.07379713 -0.564496 0.13468482 0.046707336 0.006867063 0.06687683 0.38474402
-0.045655414 -0.09841776 0.054208826 -0.052323338 0.0019770276 -0.26415598 -0.069502085 -0.02698782 0.5603495
1.2755753 -0.18361282 0.5318389 -0.07622641 -0.3406453 -0.7082148 -0.007273369 -0.38110417 0.0
0.48148116 -0.08940827 0.35314295 -0.16512355 0.14002188 0.011077476 -0.07472607 -0.5648849 -0.058322437
0.15148447 0.23932582 0.41714695 -0.26503682 -0.023770362 0.13301973 -0.14601144 -0.45849654 -0.05449086
0.027400197 0.44746977 0.0015845482 -0.43397573 -0.12981302 0.12953363 0.22324073 -0.30657992 0.03175669
-0.29860127 1.7402289 0.33277428 0.12898503 -0.5178535 -0.6868675 -0.057173662 -0.68877083 0.0
