0.6943774 -0.7901973 -0.3176702 -0.02772907 0.16098763 0.69262546 0.45475388 -0.81195176 0.0
-0.37811357 -1.1758995 -0.27526557 -0.2975529 -0.17954105 -1.1395146 2.1880226 1.8601089 0.0
-0.005010778 -0.18125904 0.031820893 0.6271845 -0.27031067 0.03265694 0.23166026 -0.081326194 -0.36848626
-0.7893872 0.057661142 -0.5060353 0.22903493 0.44008896 0.02318891 0.39047372 0.111281894 0.15159662
0.49260026 -0.12645127 0.16957949 -0.30664545 0.12643588 0.0038563416 -0.08674596 -0.47009003 0.17958492
-1.1287161 -0.11921979 1.1779661 1.1401358 -0.571269 -0.103000306 -0.5507036 0.36695108 0.0
-0.502465 0.3600221 0.31646016 0.0811367 0.22224946 -0.14749236 -0.4003822 -0.037446182 0.15279089
-0.01936583 -0.02150249 -0.13151619 0.30728117 0.036558546 -0.07859001 0.108618736 -0.25817707 -0.057119623
-0.23320103 -0.5063068 0.10809402 0.057592195 0.18055148 0.24014528 0.17446668 -0.1513179 0.09963502
-0.26625666 -0.10561967 0.10423184 0.5333352 0.12112374 -0.78046536 0.20713963 0.3852588 0.0
-0.043218125 -0.15426764 -0.04457462 0.11440099 -0.030041171 0.065193936 0.016302833 -0.17560029 0.23892699
-0.10058137 0.11033906 0.028581783 0.16727038 -0.06986317 -0.1262044 0.018511998 0.015461547 -0.020998914
-0.2536014 0.16815738 0.064751625 0.08938832 -0.09742347 -0.13189709 -0.2217772 0.056028184 0.27650827
1.0716122 -0.21032955 0.8260745 0.1695378 -0.57373214 -0.57588726 -0.5071317 -0.28230008 0.0
-0.09650861 0.10619016 -0.15547495 0.011120147 0.15998 0.044997066 -0.0030008003 -0.17487897 0.18909281
0.25523764 -0.2992056 0.07783152 -0.36982772 -0.008441928 -0.099479556 0.051186256 -0.0229002 0.40339956
0.036882594 -0.37863147 0.00877676 -0.11488608 0.15984628 -0.0021315443 -0.040543485 -0.09216688 0.49159417
1.2197796 -0.4936856 0.8374415 0.21844058 -0.5317215 -0.72452396 -0.26211166 -0.4009579 0.0
0.34638587 0.06238324 0.16862132 -0.18909624 -0.09198555 -0.13513729 -0.11024619 -0.3399265 0.25219673
0.012315166 0.30157065 0.09952867 -0.23681223 0.106807925 -0.06080392 -0.18738776 -0.3043031 0.26842135
0.11843895 -0.03508687 -0.012667152 -0.38095927 0.021109374 0.14260253 0.25631574 -0.42484623 0.33564973
-0.18915239 1.0849437 0.5699311 -0.057162754 -0.24754947 -0.57726544 0.0006406366 -0.50103766 0.0
