0.6464088 0.6283614 -0.42548698 -0.21564527 -0.02117898 0.3417057 -0.6045403 -0.30047596 0.0
-0.18040024 -1.0050566 -0.14969075 -0.40901238 -1.0349153 -1.2441344 2.2352448 1.9441414 0.0
0.07022233 0.19353738 -0.43368617 0.4433466 0.004471325 -0.4048203 0.28315976 -0.43261525 0.27763578
-0.007988051 -0.19149844 -0.12241235 -0.27812228 0.10129745 -0.047344983 -0.52069145 -0.037549376 1.0741193
0.5650353 -0.30105224 0.103178605 0.28735694 -0.243091 -0.5997475 -0.5471161 -0.29444602 1.051087
-1.0505971 -0.7074971 0.6356495 2.2716372 -0.90666324 -0.39343935 -0.26312387 0.3873809 0.0
-0.62603104 -0.10402428 -0.02728956 0.28173664 0.39145836 0.14876156 -0.34002888 -0.25930366 0.5603724
-0.13548951 -0.41895792 0.4431131 0.2251738 -0.12776217 -0.45507723 0.3721909 0.27503222 -0.31506225
-0.21509242 -0.26731625 -0.33557087 -0.063534476 0.22960828 0.4207456 -0.003926401 -0.27004975 0.5632891
-0.18271042 0.07345873 -0.06743498 0.28744584 -0.11320821 -0.7187485 0.034651723 0.6819279 0.0
-0.13926715 -0.00030909322 0.07226401 0.30806887 -0.39391425 -0.19787064 0.07175423 -0.15548255 0.47368956
0.085208744 -0.02041273 -0.12908688 -0.26323658 -0.29076183 -0.16420199 0.009088265 -0.270835 0.98587507
-0.15133433 0.11432032 -0.18309328 -0.23871678 0.7318439 0.14644337 -0.52350193 -0.3884617 0.51602674
0.77016515 -0.46308327 0.829956 0.5146656 -0.34320912 -0.6333205 -0.44511482 -0.15473211 0.0
0.16517916 -0.06915661 -0.33614182 -0.2564938 -0.15159418 0.2669509 0.04864385 -0.43802044 0.7560959
0.060474932 -0.12462203 0.098026365 -0.25389224 0.06636832 -0.27451673 -0.29599798 -0.32530105 1.0147598
-0.159178 -0.23004146 0.0980905 -0.5806652 -0.12864172 -0.44279426 0.27151892 -0.0060280645 1.2010707
1.0102412 -0.37397566 0.7418194 0.011413067 -0.52784276 -0.38277724 -0.25326663 -0.17891315 0.0
0.19200961 0.15938275 -0.19121723 -0.5963188 0.037356243 0.24478213 0.0063105784 -0.263207 0.498479
0.23829767 0.057214018 -0.19997899 -0.29940593 0.15769213 0.1347274 -0.06407385 -0.31115752 0.2780936
0.22641888 0.19604567 -0.10697128 -0.4537738 -0.04764903 0.049890142 0.076876655 -0.3071252 0.34324008
0.08549825 0.7986089 0.20658842 -0.52054375 -0.17778614 -0.4370373 0.29386944 -0.1370052 0.0
