1.0177673 -0.440471 -0.2995666 0.81984675 -0.32349503 -0.20982982 -0.3629261 -0.32875082 0.0
-0.98947644 -0.96437645 -0.17626084 0.51450056 -0.5007975 -0.8838093 0.9076593 2.2393608 0.0
-0.15576316 -0.5336257 0.14253016 0.9015832 0.20373854 -0.15325028 0.091775134 -0.23400852 -0.25626293
-0.23053052 -0.37952077 0.3575572 0.5433696 -0.23522116 -0.22246186 0.10623373 0.25348514 -0.15080212
0.30339354 -0.035923485 -0.04262118 0.6538703 -0.16654502 -0.008652868 -0.21451773 -0.10429374 -0.35534707
-1.2220366 -0.699815 -0.14008366 3.1711707 -0.6206178 -1.2088848 -0.30329144 0.9784157 0.0
-0.2457863 -0.28000072 0.7015728 0.2535794 0.25426975 -0.14859582 -0.49528113 -0.12537912 0.1184181
-0.24261743 -0.4527749 -0.06807439 -0.2733975 0.019548995 -0.032322954 0.0671831 0.5778692 0.30379108
-0.27590182 -0.1723439 0.0777083 0.36013773 0.0066569573 -0.28501308 -0.2884943 0.3531028 0.1965834
-0.49621078 -0.9518167 -0.3694343 1.6026316 -0.68961924 -1.2591333 0.12099687 1.8960267 0.0
-0.35563958 -0.18256931 -0.22599451 0.68251044 -0.22601938 0.13128877 -0.003159104 0.030453693 0.09177983
0.047738682 0.10904975 -0.018529316 0.03140984 -0.13729721 -0.11838504 -0.102897875 0.076928 0.13401057
0.23634207 -0.09218153 -0.17578954 0.17072226 0.19257373 -0.18099555 -0.11134784 -0.19773799 0.19397943
0.7325273 -0.9393645 0.3163986 1.6356897 -0.293421 -0.8650547 -0.33753666 -0.23129706 0.0
-0.22456847 -0.11392532 -0.35383636 0.02025139 0.4681916 -0.26017356 0.1558323 -0.028614867 0.30153143
-0.051885083 -0.19454542 -0.14127588 -0.2349072 0.028552774 0.15943035 -0.111082256 -0.12439785 0.69163543
0.19290577 -0.20384029 0.25398535 0.08966409 -0.21316214 -0.25308555 -0.033240028 -0.09473879 0.28540403
0.9466423 -0.53745353 0.9568641 0.416071 -0.6516515 -0.7869069 -0.3398887 -0.07472571 0.0
0.021150991 -0.16399272 -0.28126627 -0.30630383 0.053841457 0.13592124 0.16091737 -0.36792454 0.7624496
0.10130778 0.36756104 -0.12697867 -0.46649134 -0.025320118 -0.15995128 -0.011513006 -0.21564618 0.5546568
0.08012828 -0.030030454 0.14392987 -0.2815981 -0.006073206 -0.046054754 -0.29615432 -0.29314768 0.735882
-0.124478504 0.30967245 0.5668395 -0.3320922 0.41106427 -0.42160663 0.25108537 -0.53783417 0.0
