0.8833811 -0.25202346 -0.703098 -0.021991981 0.09483558 0.6801122 -0.03214514 -0.65157527 0.0
-0.40837675 -1.7055534 0.30863458 -0.29219592 -0.7107304 -1.6430602 2.4075327 2.275516 0.0
-0.028423507 -0.332242 -0.09101948 0.48993108 0.59466857 -0.1418087 0.5275341 -0.091588445 -0.79324776
-0.6346648 -0.38079846 -0.47154912 -0.15189557 0.35667485 0.16376086 0.03750263 0.1877606 0.8508881
0.6296889 0.06975455 0.28429446 -0.12419094 -0.45272684 -0.38315737 -0.47133625 -0.13746132 0.55123454
-1.1885277 -0.1909249 1.0853999 1.480043 -0.53991914 -0.24505852 -0.65044904 0.2858984 0.0
-0.51640975 -0.030410431 0.2818353 -0.064420626 0.4357143 0.12744579 -0.58799016 -0.29532644 0.70861787
0.014373069 0.25874516 -0.046980448 0.015452208 -0.14098972 0.09490555 -0.032496236 0.025361191 -0.11334846
-0.79509753 -0.52899396 0.28473687 0.013421278 0.6840054 0.3886173 0.23925574 -0.27616525 -0.0084790625
-0.13009891 -0.15103957 0.04664245 0.38655058 0.15712188 -0.55507636 -0.08368822 0.36234048 0.0
-0.01949003 -0.60819626 0.31618097 0.36289394 -0.33864418 0.062130153 -0.16604988 -0.000952018 0.27844897
0.05672553 0.20424056 -0.1971835 -0.13438915 -0.093186066 0.2838672 -0.0780171 0.21211557 -0.16923892
0.18683325 0.63290083 -0.38443607 -0.19539092 -0.16014126 0.14956316 -0.1854404 0.011298196 -0.008046226
0.9271846 -0.5423225 0.86973995 0.39389113 -0.17185225 -0.80823743 -0.42643186 -0.103717886 0.0
0.0871103 0.13853955 -0.2423038 -0.2593672 0.062400937 0.15800038 0.04331495 -0.1379024 0.19400354
0.20302556 -0.2652725 0.34215727 -0.30190036 0.08400393 -0.45974794 -0.168631 -0.03193051 0.6805931
0.015986878 -0.2473084 -0.018688485 -0.14873348 0.04673605 -0.16056101 -0.07337107 -0.29287833 0.74194217
0.90961254 -0.3674932 0.7185611 0.27804267 -0.5779338 -0.40465486 -0.2765757 -0.15890037 0.0
0.16961664 0.32764712 0.15743956 -0.501448 -0.1956086 0.093739845 -0.090721816 -0.37234324 0.43953803
-0.18038811 0.18750755 0.1434503 -0.26423544 0.22645573 0.121881716 -0.15151231 -0.3636149 0.2694519
0.29409966 -0.3846977 0.15887322 -0.46305844 0.3000427 0.041038547 0.16067478 -0.47261143 0.39022103
-0.112966225 1.0027267 0.19953522 -0.80171555 0.17771415 -0.09187913 0.3104675 -0.6736987 0.0
