0.7389032 -0.8533384 -0.2787212 -0.07139318 0.2381237 0.6484155 0.35731846 -0.7402024 0.0
-0.41878453 -1.32444 -0.2906381 -0.27860874 -0.16496684 -1.228073 2.3144867 1.8401991 0.0
0.10929522 -0.061488345 -0.0118236365 0.61397606 -0.3180474 -0.14096646 0.26651046 -0.0983339 -0.36484104
-0.8093614 -0.007122769 -0.45714727 0.23689404 0.44530347 -0.13678369 0.32991815 0.12033348 0.30308032
0.4573893 0.012161302 -0.0032990158 -0.23839673 -0.072798155 -0.035188183 -0.11638284 -0.3226271 0.3052773
-0.99878585 -0.14581066 1.0452042 1.1222304 -0.42076805 -0.20612262 -0.6622936 0.49773562 0.0
-0.40989995 0.22194463 0.27616405 0.040290404 0.1763872 -0.21719752 -0.43331704 0.07648652 0.45719615
0.15884557 0.12951559 -0.18762997 0.22167513 0.1584294 -0.13638434 0.102947645 -0.40164068 0.045777906
-0.32809314 -0.44589028 0.13443862 -0.05620214 0.25322875 0.29886767 0.14471725 -0.2179342 0.17432484
-0.20425156 0.007544873 0.12402332 0.37260774 0.06164276 -0.65300816 0.12750491 0.23215483 0.0
0.05393463 -0.25401214 -0.041831385 0.0469565 -0.051289525 0.081372574 0.09128681 -0.13588351 0.2362899
-0.23256133 0.17424646 0.025252886 0.197836 0.04359095 -0.14491205 0.0029637585 -0.07908333 0.010349889
-0.16940346 0.33902702 -0.10677843 0.13558944 -0.09101512 -0.28433347 -0.13716352 -0.105194606 0.31933323
1.3481417 -0.58245444 0.8484185 0.26048735 -0.5601977 -0.64160293 -0.46135226 -0.2969625 0.0
0.012043122 -0.03813392 -0.1324221 -0.0067010378 0.044771925 0.10166129 0.102417976 -0.23833402 0.20656268
0.1737917 -0.288221 0.13401389 -0.101221964 -0.08550121 -0.21148142 -0.033932995 -0.16245846 0.5445899
0.08050794 -0.4781111 0.061770044 -0.15772772 0.036194913 0.011356064 -0.072623834 -0.040270742 0.562752
1.2916957 -0.70747864 0.8885614 0.27236024 -0.62021005 -0.5257103 -0.33931616 -0.40930256 0.0
0.41926906 0.12851578 0.02156216 -0.31728032 -0.15817665 -0.14465639 -0.06988917 -0.28162017 0.38837636
-0.024580546 0.42098245 0.014068361 -0.23336521 0.121650115 -0.06067999 -0.23823936 -0.38345242 0.39635134
0.2217803 -0.05679734 -0.011459437 -0.43211317 0.05435959 0.21505018 0.1562317 -0.47494859 0.3750249
0.03404929 0.7899394 0.65054584 -0.19374637 -0.085207276 -0.5074796 -0.021403598 -0.61467236 0.0
