0.8052085 -0.7148137 -0.18844773 -0.23870072 0.62455094 0.5135369 0.2736552 -0.8233599 0.0
-0.40515798 -0.98598677 -0.4414581 -0.24272184 0.4032435 -0.6580308 1.7150133 1.9570252 0.0
-0.51858383 0.18807481 0.3889593 0.4103755 -0.09414303 0.035693962 0.104844645 -0.31560135 -0.2544449
-0.8494322 -0.32588995 -0.47438508 0.19380619 0.3109471 0.07619805 0.6219451 -0.08158002 0.47939405
0.250191 -0.089623 0.14733246 -0.5579487 0.117592946 0.078240275 0.11834479 -0.5690812 0.5988726
-0.88310784 -0.36922187 0.93819904 1.4153725 -0.44156396 0.27348325 -0.5997027 0.35055685 0.0
-0.5629855 0.5941093 0.3042889 -0.13954781 0.51525676 -0.29521838 -0.66627795 0.1398995 0.07406649
-0.1451171 -0.19595917 0.14079757 -0.02778419 0.11714538 0.27991518 -0.14665446 -0.17278133 0.10878956
-0.04817143 -0.9873838 -0.34024227 0.078855455 0.33214924 0.5528507 0.2433523 -0.06004002 0.27260655
-0.3181522 -0.021543583 0.6012349 0.072264515 0.05352088 -0.36374724 0.43223253 0.20903148 0.0
0.12671998 -0.15719816 -0.4379827 0.16391549 -0.11827323 0.17210951 -0.18048945 0.01887099 0.4346555
-0.032411024 -0.020413697 0.20319855 -0.07423058 0.08581877 -0.40655747 0.2988825 -0.29241747 0.15530176
-0.28355792 0.44079685 -0.046122048 -0.21661574 0.14736217 0.039560538 -0.54976165 0.08848818 0.48539537
0.65925276 -0.13583525 0.56047714 0.15030494 -0.33249184 -0.5465908 -0.3807143 0.18237402 0.0
0.011535657 0.031244881 -0.34724325 -0.17478652 -0.027061561 0.3760097 -0.07953237 -0.25622642 0.39697927
0.0614032 -0.092008784 0.019663205 -0.42735815 0.049998723 -0.13510205 -0.046844978 -0.11732846 0.79485613
0.014645021 -0.15214527 0.07067172 -0.19962291 0.0006949564 -0.47163817 -0.07434479 -0.12599985 0.95168394
1.2419521 -0.39432675 0.46719903 -0.03914055 -0.18810071 -0.5184058 0.10607639 -0.32710725 0.0
0.64558053 0.023169724 0.25358483 -0.25695983 0.074362785 0.018051144 -0.18680546 -0.51035887 0.0007995703
0.21244541 0.34746537 0.33349282 -0.34120378 0.03396927 0.16830532 -0.19803575 -0.5773522 0.025528286
0.2179458 0.4070713 -0.04232862 -0.48960713 -0.09123806 0.17012565 0.14935596 -0.30355805 0.04282321
0.023296578 1.7429452 0.10219591 -0.18130316 -0.32332262 -0.46325117 -0.18284708 -0.6258165 0.0
