0.015549395 -0.048638992 -0.024093146 0.9952352 -0.16175742 -0.26787183 -0.37639832 -0.13729465 0.0
-0.7167263 -0.8281965 -0.008117472 0.48819867 -0.5601117 -0.9102527 0.5019788 2.278637 0.0
-0.24532676 -0.44010106 0.1667469 0.97956926 -0.09097245 -0.4222272 0.5974289 -0.19319975 -0.5237164
-0.10191452 -0.46229196 0.32742742 0.6709643 -0.35202476 -0.22467658 0.124686204 0.35155562 -0.42735046
-0.011958614 -0.4504686 0.08860188 0.66573066 -0.17556956 -0.18434706 0.07899568 0.27835193 -0.43672338
-0.95505947 -0.8160101 -0.3083895 3.279065 -0.825229 -1.1244334 -0.3552466 1.0545969 0.0
-0.3454599 -0.3035155 0.5280683 0.32657775 0.13192047 -0.3102676 -0.10351103 0.06282925 0.008548349
-0.17569095 -0.3399783 -0.14068995 -0.016721949 0.013658683 0.03315811 -0.021421026 0.6091272 0.05011519
-0.29853636 -0.25183925 0.092506126 0.63894707 -0.36662877 -0.3205513 0.14664759 0.34439382 -0.029857902
-0.5588811 -0.80465597 -0.46163234 1.5487028 -0.7711591 -1.2751497 0.14895394 2.0658693 0.0
-0.1492604 0.32034922 -0.06729223 -0.05375717 -0.21074606 0.1040603 0.059956923 -0.17608468 0.1714735
0.06799891 0.050210238 -0.087888606 -0.08645667 -0.15526576 -0.1508207 -0.07597529 0.08588685 0.41979814
0.27349758 -0.05588157 0.077892005 -0.041969206 -0.17074081 -0.101158954 0.045194957 -0.2432755 0.27486783
0.5640404 -0.58694875 0.38011038 1.9420112 -0.5931678 -0.9790112 -0.6555184 -0.1339134 0.0
0.1284038 -0.2262822 -0.074522495 -0.05956994 0.04177664 0.12522927 0.024137238 -0.03649818 0.13348638
0.131433 0.046858467 -0.0097291125 -0.22112484 0.2538294 -0.28344864 0.1289032 -0.20133689 0.2065154
0.113399416 -0.33281767 0.225645 0.20575735 0.07220322 -0.54796225 0.22181427 -0.22517626 0.17243321
1.3630494 -0.71674013 0.98893446 0.5080437 -0.6263404 -0.7684111 -0.52233833 -0.5003323 0.0
0.03573019 0.1213177 0.3196248 -0.4153205 0.083449826 0.13258074 0.1591474 -0.74081784 0.3734692
0.17186859 0.42561504 -0.0055019124 -0.2383455 -0.19831644 0.07852646 -0.2574605 -0.38242716 0.3556025
-0.07569466 -0.045886252 0.089067094 0.063860364 0.18910983 -0.07976187 -0.10124977 -0.4558185 0.462011
-0.0017502366 0.12053876 0.6202561 -0.1607857 0.3631521 -0.25560012 -0.17025088 -0.54808235 0.0
