0.69379234 0.72979015 -0.5360756 -0.29492626 -0.10177353 0.37770507 -0.6186258 -0.22463171 0.0
-0.14200597 -0.951315 -0.18564968 -0.35191715 -1.1655519 -1.2135079 2.214019 1.9422128 0.0
-0.008218669 0.27668676 -0.3503734 0.18757948 0.023804378 -0.2720317 0.17915563 -0.43683568 0.47285908
-0.12122453 -0.28892815 -0.09841939 -0.43790987 -0.10805068 -0.10962994 -0.4320447 0.047742326 1.428043
0.43914172 -0.2845661 0.34384236 0.04014687 -0.2811999 -0.5844945 -0.63582385 -0.497909 1.4260117
-1.0812137 -0.86915624 0.51933813 2.2875793 -0.81246483 -0.33836943 -0.16286989 0.4873753 0.0
-0.43347716 -0.08831434 -0.11070799 0.3633312 0.41884768 -0.15240638 -0.35017934 -0.16772887 0.61840636
-0.20239973 -0.40079618 0.5418889 0.53849345 -0.12420752 -0.5916732 0.27376285 0.19187264 -0.51257855
-0.2694737 -0.48967552 -0.30631217 0.12600027 0.038983233 0.49827805 -0.15829223 -0.30877668 0.97733873
-0.21353456 -0.012290525 0.1380441 0.17336613 -0.034804687 -0.64788765 -0.24624865 0.84455067 0.0
-0.07354187 -0.0013544451 -0.048790585 0.19922833 -0.23524167 -0.082860105 0.052112553 -0.26456037 0.540569
0.16002868 -0.1657968 -0.10089554 -0.16649745 -0.32267508 -0.007871632 -0.01704844 -0.535394 1.0912602
-0.36225852 0.2824453 -0.29870254 -0.629133 0.83361536 0.19282135 -0.39746347 -0.112994224 0.54746634
0.8131008 -0.57708573 0.96314716 0.5685415 -0.33397764 -0.4579253 -0.5329116 -0.4659828 0.0
-0.017403807 0.106663264 -0.6316114 -0.38694102 -0.10637034 0.43520612 0.05445569 -0.33269024 0.89084226
-0.118802294 -0.14980349 -0.011027968 -0.3647014 0.08558076 -0.17558457 -0.31830996 -0.37919727 1.3862267
-0.24547538 -0.19024421 -0.28007254 -0.4676644 -0.31287262 -0.5158112 0.35528705 -0.057853047 1.6250312
1.0039617 -0.32934642 0.5680185 -0.07565785 -0.56812596 -0.26417083 -0.2118529 0.033282187 0.0
0.289912 0.32993653 -0.3707894 -0.69125944 0.042896807 0.13506074 -0.06582399 -0.24078599 0.52384096
0.16154927 0.0004031347 -0.23255228 -0.26336068 0.15219527 0.41513968 -0.046125885 -0.40929154 0.23803838
0.38047218 0.031213481 -0.20885949 -0.5159444 0.06717521 0.10252644 0.13868251 -0.24579404 0.24321724
0.2371931 0.5625885 0.12837449 -0.400769 0.030070828 -0.5334987 0.2258436 -0.0722669 0.0
