0.96895385 -0.45590448 -0.283359 0.82894665 -0.3279614 -0.19878252 -0.32211915 -0.33684054 0.0
-0.9860488 -0.95052165 -0.1652693 0.55998886 -0.46560103 -0.9047418 0.88530916 2.222284 0.0
-0.15669149 -0.5531684 0.121373326 0.914547 0.19826597 -0.14431891 0.13770127 -0.28754517 -0.21760434
-0.23535924 -0.41122508 0.33528143 0.51128435 -0.22440429 -0.25564405 0.11703471 0.32537004 -0.14536591
0.33247814 -0.027213473 -0.002478375 0.573521 -0.15897584 0.06307229 -0.17435811 -0.21197188 -0.34445682
-1.2453995 -0.6489462 -0.1556398 3.1382349 -0.62007904 -1.2091532 -0.28714174 1.0127236 0.0
-0.23723279 -0.27027276 0.70328426 0.28055263 0.2291461 -0.12410621 -0.54422534 -0.11979623 0.10690998
-0.18545556 -0.44616777 -0.06952522 -0.2656669 0.025303014 -0.006976894 0.025562754 0.51718724 0.314749
-0.25610125 -0.21166992 0.077053905 0.34164703 0.004843452 -0.26897573 -0.29753646 0.37649262 0.2033428
-0.50643396 -0.94646263 -0.36307797 1.5610591 -0.67798877 -1.2275012 0.15817103 1.8776587 0.0
-0.36715657 -0.19992302 -0.2610802 0.7572442 -0.25351056 0.16384079 -0.021088481 0.02816588 0.07127497
0.024757007 0.098428875 0.024881853 0.06853509 -0.13730752 -0.095735975 -0.12756282 0.035967242 0.12648326
0.23316787 -0.105294086 -0.18581028 0.22835414 0.17706022 -0.20933025 -0.15944283 -0.15447296 0.2078069
0.70633817 -0.957412 0.25626278 1.7003138 -0.2976888 -0.84751505 -0.34692758 -0.16542476 0.0
-0.20871079 -0.13130239 -0.3388572 -0.0035658253 0.49343348 -0.26433584 0.12066273 -0.001880021 0.30224648
-0.059544157 -0.19657283 -0.104669906 -0.20115934 -0.002273842 0.12026897 -0.14636792 -0.102731295 0.7036946
0.2116884 -0.20037499 0.2585808 0.060693502 -0.22446936 -0.2756307 0.008711059 -0.1086887 0.30536857
0.9906498 -0.53856677 0.97599 0.35039634 -0.70111334 -0.76320475 -0.38591564 -0.053194977 0.0
0.021569572 -0.14742748 -0.280763 -0.34581 0.047436036 0.1438384 0.159331 -0.362716 0.78207165
0.07869476 0.3878466 -0.1093138 -0.505182 -0.019971944 -0.17836852 -0.01863751 -0.20515513 0.589549
0.06387209 -0.03958414 0.1675637 -0.25815827 -0.015148942 -0.052730083 -0.32429975 -0.30754027 0.7675418
-0.060053565 0.31843737 0.5391289 -0.35392866 0.41883025 -0.43899134 0.24613984 -0.55833536 0.0
