1.0792996 -0.4758457 -0.2761162 0.72581404 -0.23729524 -0.14262566 -0.3165889 -0.4036028 0.0
-0.94678795 -0.97670066 -0.20111902 0.3751554 -0.51710296 -0.9046112 0.87544876 2.34799 0.0
-0.19883725 -0.56038254 0.10032418 0.9330236 0.14586174 -0.14794527 0.14531936 -0.16609015 -0.27337334
-0.18800502 -0.3696868 0.3411817 0.5278027 -0.227214 -0.2185174 0.053307515 0.24355733 -0.10584768
0.24566013 -0.03826589 0.017207097 0.74009 -0.089237705 -0.1383002 -0.27629933 -0.0925188 -0.34563676
-1.2074337 -0.7604476 -0.14134209 3.25162 -0.65261817 -1.2298503 -0.28173777 0.8962202 0.0
-0.34252453 -0.2988331 0.7016241 0.25837502 0.19005124 -0.15590571 -0.35522556 -0.13145708 0.17477709
-0.3116788 -0.47103348 -0.11555677 -0.23968521 0.04972295 0.0038638355 0.081049964 0.60149914 0.31542084
-0.28651673 -0.17366304 0.030778458 0.41969064 -0.017335761 -0.2849349 -0.25208414 0.32504392 0.22180134
-0.46165466 -0.96286625 -0.38294986 1.519197 -0.7476756 -1.2492564 0.1320202 1.9928991 0.0
-0.29146063 -0.14144532 -0.12617578 0.4489204 -0.23445514 0.17068224 0.10584758 -0.008485554 0.06885246
0.035951767 0.10552182 -0.013144996 0.06391706 -0.1281834 -0.107548006 -0.13274567 0.061795864 0.1212824
0.19593199 -0.14403567 -0.051584736 0.15212925 0.16771244 -0.11192207 -0.10127711 -0.23865886 0.16279115
0.76152986 -0.9253795 0.22013734 1.6758875 -0.3184558 -0.8869396 -0.28667626 -0.22487935 0.0
-0.19016978 -0.06521299 -0.31994855 0.076485954 0.39245638 -0.32182053 0.15989503 -0.03922504 0.24198665
0.0017537232 -0.20468698 -0.14467172 -0.24182725 0.0074397763 0.16353291 -0.063203365 -0.14633393 0.643328
0.21023165 -0.22999999 0.20827891 0.14497049 -0.2051808 -0.19552298 -0.07325633 -0.111430846 0.26422295
0.901704 -0.5429003 0.9318365 0.50560933 -0.52043647 -0.81941015 -0.3168324 -0.17415947 0.0
0.048934348 -0.16922988 -0.23829627 -0.25903374 0.060419615 0.117962524 0.1996976 -0.41100845 0.66796035
0.103355855 0.29650348 -0.15077554 -0.33196077 -0.018315675 -0.09536419 0.0043631573 -0.27747628 0.4843735
0.12556058 -0.003578652 0.1630908 -0.23726206 -0.053549808 -0.09957743 -0.2816501 -0.27117273 0.65089697
-0.16491216 0.22315927 0.6356513 -0.27157882 0.3610488 -0.33059797 0.1893008 -0.5107956 0.0
