0.8149588 0.9965187 0.6123043 0.7451814 0.64385676 0.8518212 0.6652489 0.66477877 0.0
0.6742177 1.2191188 0.91490483 0.6221222 0.64650923 0.70407695 0.8249736 0.7584203 0.0
0.63382405 0.73934585 0.65111333 0.6501904 0.6467909 0.7645947 0.64226925 0.61483717 0.6607912
0.6424872 0.6431297 0.75241864 0.66021526 0.8958893 0.6267847 0.62737787 0.6406019 0.6151184
1.0393828 0.6759448 0.70193833 0.6313917 0.6146462 0.6175722 0.6287983 0.63908905 0.6379309
0.6537313 1.0076294 0.78170764 0.69453025 0.63782823 0.7736568 0.8618733 0.6321473 0.0
0.61569285 0.6474444 0.6398623 0.62650496 0.6512896 0.66339487 0.6490319 0.6390751 0.63790417
0.62118 0.6527872 0.6538702 0.69005716 0.6359197 0.6324624 0.6296746 0.6114068 0.6301961
0.64139235 0.6311223 0.6226497 0.68217164 0.6293698 0.62869936 0.6424971 0.6561523 0.64167756
0.8951683 0.8145933 0.78764033 0.74014664 0.66772735 0.62744105 0.64919096 0.6246489 0.0
0.61996835 0.6344789 0.6572238 0.6236946 0.6489929 0.6396204 0.629081 0.6384966 0.63812214
0.6718787 0.6375938 0.63472414 0.6238769 0.6403094 0.64222807 0.6614068 0.6217178 0.660909
0.6283213 0.63034564 0.6444152 0.6358169 0.6283694 0.648219 0.6434177 0.6324183 0.6285553
0.7247922 0.72308403 0.6794549 0.7638038 0.7357802 0.66635036 0.6862608 0.67356974 0.0
0.6419853 0.63786334 0.6702078 0.6256628 0.6383757 0.6346822 0.62575346 0.61776745 0.64044696
0.7149858 0.64566594 0.62739575 0.6332054 0.6201157 0.63634783 0.628192 0.6331578 0.6583392
0.62324184 0.6356211 0.62595606 0.63028395 0.6428475 0.627565 0.643259 0.64857125 0.6446597
0.74111676 0.6772059 0.732306 0.65952265 0.67620575 0.6545639 0.6521863 0.63863283 0.0
0.64155346 0.6357958 0.65816253 0.6267411 0.6374677 0.6287012 0.6321396 0.625784 0.6648694
0.6477601 0.64517266 0.63611275 0.62744147 0.6285028 0.6323041 0.62840587 0.6243445 0.6518449
0.63809144 0.64583564 0.64924896 0.6295242 0.6314919 0.63272977 0.625899 0.6260009 0.65151185
0.66820335 0.7005787 0.6962645 0.63538754 0.646384 0.7053393 0.65171194 0.6657082 0.0
