0.7381132 -0.723951 -0.2288017 -0.109286666 0.78592503 0.40216613 0.2591731 -0.7712793 0.0
-0.35823256 -0.9473485 -0.36920306 -0.20990492 0.6009437 -0.57012355 1.6236557 1.876218 0.0
-0.5976406 0.1928721 0.5470687 0.38675755 0.05976135 -0.22444001 0.16588607 -0.36818436 -0.2398395
-1.0129564 -0.23960134 -0.58670676 0.11165598 0.5129035 -0.059485573 0.75951326 -0.33770084 0.7265344
0.15237302 -0.022914391 -0.054636624 -0.74128026 0.23402655 0.03637529 0.18284747 -0.44387883 0.8318173
-0.4451879 -0.48744574 0.9863947 1.3068285 -0.5248123 0.4571502 -0.7162007 0.29886857 0.0
-0.59054804 0.79758894 0.25549915 -0.08586412 0.64436924 -0.32892612 -1.0352397 0.26977608 0.28226557
0.09977186 -0.0863764 -0.01229876 -0.069844164 -0.16736603 0.5332518 -0.42516205 -0.11867664 0.007671054
-0.34544638 -1.285081 -0.1153807 -0.1662556 0.5892499 0.77282053 0.40974072 -0.13836908 0.5252026
-0.1344829 -0.10987341 0.40194222 -0.13317813 0.27018166 -0.050058912 0.273704 0.17762978 0.0
0.4580489 -0.484468 -0.47121394 0.07567647 -0.43878913 0.34873167 0.08744115 -0.0064235 0.9628113
-0.14271389 0.1989829 0.44535288 -0.14478195 0.29689598 -0.44594875 0.02015192 -0.45729682 0.07668982
-0.38967854 0.83110934 -0.33749607 -0.26625106 0.5587295 -0.33945078 -0.7491236 -0.1089134 0.56963414
0.51014787 -0.36361057 0.58693004 0.20798054 -0.2986361 -0.32104135 -0.26424274 0.24192974 0.0
-0.09949116 -0.34345973 -0.24323738 -0.3628285 0.2139749 0.5511555 -0.106021985 -0.13813347 0.7404583
-0.024116328 0.012987554 0.18174152 -0.43474168 -0.008948513 -0.44712216 -0.22527951 -0.38442528 1.2566338
0.12679884 -0.3848782 0.08329562 -0.45570293 0.06996428 -0.4277169 -0.1695925 -0.2696296 1.3329144
1.3416017 -0.80166787 0.35544395 0.1367673 -0.2615724 -0.21465726 0.05101035 -0.28736633 0.0
0.72889227 -0.047567658 0.08591172 -0.38244948 -0.041733094 -0.40675682 -0.43194357 -0.21205983 0.691336
0.1411606 0.5047412 0.014228189 -0.16826087 0.26938823 0.17929022 -0.61677027 -0.78237957 0.5492148
0.49050152 0.04173687 -0.04009901 -0.7426251 0.3036183 -0.09678452 0.13067341 -0.2415881 0.49427304
0.25012895 1.3415699 -0.02856893 -0.2142459 -0.08367756 -0.101251 -0.26512918 -0.5968532 0.0
