1.338806 1.1419262 1.1430559 0.68445635 1.3571928 1.3842545 0.625689 0.5966812 0.0
1.1707186 1.0776056 1.0172851 0.8518031 1.0504405 1.157067 0.9243235 0.63348705 0.0
1.2347672 1.1895752 1.0337852 0.62041056 1.2154925 0.7482557 0.6735508 0.6076921 1.3752898
1.1848782 1.0188825 0.87933564 0.6877179 1.2601825 1.1012275 0.8262249 0.59202635 1.3788929
1.2133702 1.2277135 1.0937079 0.6297354 1.2456998 0.81361896 0.6132097 0.59646595 1.3953774
1.0123187 1.0772765 1.0358216 0.77955925 0.9848014 0.93890357 0.9199543 0.68937874 0.0
0.8920615 0.66911536 0.7305289 0.69793487 1.0331395 0.6361324 0.9018517 0.8337458 1.4071927
0.6208111 0.68971103 0.8438212 0.6561575 0.716926 0.7878313 0.6830542 0.66359043 1.3896437
0.7275887 0.72686595 0.6614684 0.6518107 0.7285612 0.6123629 0.88556886 0.6358077 1.3854852
1.0257941 0.922302 0.8455771 0.7467622 1.0417304 0.8658113 1.0167605 0.6676999 0.0
0.6350354 0.70887107 0.6894786 0.64790994 0.9610138 0.9216562 0.61548465 0.60356534 1.383506
0.6956858 0.836423 0.88952094 0.6005763 0.64085865 0.6177553 0.64050174 0.6262114 1.404433
1.1659902 0.68495196 0.74004513 0.697943 0.64747345 0.6337559 0.6444772 0.61407584 1.3950648
0.7455464 0.9851734 0.79849017 0.86983156 1.0596651 1.0027043 1.0161853 0.65727335 0.0
0.7145687 0.8837622 0.6119233 0.64346457 1.302321 0.66878986 0.6255358 0.6016436 1.4017645
0.65744495 0.6592958 0.6571484 0.6069714 1.0984073 0.89529556 0.85869944 0.6626692 1.4133537
0.7527001 0.8546467 0.6473677 0.6086035 0.9837871 0.65629506 0.6373867 0.65256035 1.4085321
1.2036971 0.97262347 0.79743487 0.6651444 1.0436736 1.2063456 0.72737116 0.6964067 0.0
1.1298003 1.1878457 0.7222624 0.6130735 1.2833694 1.3067983 0.7911274 0.59833705 1.4039699
1.0656631 1.3735611 0.74212533 0.6046025 1.3478584 1.1345179 0.66367584 0.59506583 1.4080824
1.0588557 1.3579072 0.8251857 0.5996904 1.1257036 1.0693766 0.80400044 0.59639746 1.411872
1.3625169 1.080223 1.0322466 0.6258461 1.2992743 1.3376418 0.94846547 0.60442436 0.0
