2.4606552 2.0982783 0.62098676 -0.5480668 1.7602292 1.4433874 -0.637093 -0.6028386 0.0
1.6174482 0.6288337 1.1966625 0.08290877 1.5009985 1.1960396 1.1055789 -0.11786974 0.0
1.1536365 0.6537521 0.22818993 -0.36787638 0.80672866 0.27534497 -0.06140194 -0.4952889 3.2174816
0.6859472 0.6212479 -0.08627503 -0.3875351 1.0244285 0.7979357 -0.31859052 -0.44730166 3.0243037
1.060204 0.40088922 0.28969958 -0.33564058 0.58614755 0.35519552 -0.40048563 -0.41954458 3.103355
0.9065795 0.8338931 1.2778324 0.19175011 1.5573871 0.85365087 0.99043703 0.050030928 0.0
-0.013331521 -0.10911941 -0.2543803 -0.40930703 0.39047194 -0.20409827 -0.15938956 -0.5533435 3.51341
0.07028814 0.20012566 -0.06698051 -0.18285859 -0.020455755 -0.11297325 0.020200185 -0.2707544 2.5934374
-0.5604979 -0.49641266 -0.32912007 -0.65160877 -0.18500622 -0.415983 -0.32526776 -0.61563057 3.174722
1.1930169 0.6944819 0.63277 0.2572295 1.666265 0.42254782 1.467468 0.15306222 0.0
-0.40931487 -0.39975584 -0.38453826 -0.4527382 -0.27006537 -0.12050731 -0.60735524 -0.5656465 3.0896015
-0.078639485 -0.21304478 -0.11426343 -0.66975313 -0.36583465 -0.20210598 -0.549662 -0.04441847 3.331886
1.1207799 -0.14902776 -0.120186895 -0.38732168 -0.52409816 -0.44606483 -0.34566057 -0.71627927 3.4840832
0.31195238 1.1113856 0.24036066 0.2170756 1.3127456 1.0996212 0.8597087 0.27665454 0.0
-0.3077049 -0.53131 -0.48092413 -0.53974664 0.9821779 -0.4566013 -0.45952618 -0.7384556 3.4888048
-0.65008575 -0.31885198 -0.44899395 -0.7118023 0.5332549 -0.37228787 -0.34449124 -0.807385 3.353911
-0.46581364 -0.03740738 -0.24362272 -0.8436179 -0.4437808 -0.7028249 -0.6963369 -0.6545482 3.3354325
1.8769753 0.3199329 0.5108622 0.31568867 1.5760741 1.0953068 0.36659613 -0.041757207 0.0
0.40286714 -0.19261658 -0.4150103 -0.73885393 0.029163027 0.1735247 -0.4499814 -0.7924149 3.340731
0.12735376 0.6467933 -0.54976904 -0.63678133 0.41525868 0.08162229 -0.66709185 -0.75220364 3.3194292
0.26548657 0.4352078 -0.21116933 -0.4984246 0.41225532 0.36901215 -0.6601908 -0.43623677 3.4913046
1.6079323 1.819245 0.9029773 -0.28459793 1.9147626 1.5171089 0.5998113 -0.35309213 0.0
