2.2505455 1.980317 0.830072 -0.33955592 1.5520245 1.6682836 -0.318596 -0.38772383 0.0
1.603312 0.9344788 1.2565538 0.1963435 1.2347528 1.2623084 1.0201235 0.038412746 0.0
1.5494303 0.8217864 0.4992015 -0.120119706 1.3366686 0.62488484 0.11329955 -0.28142026 2.642791
0.80180264 1.1417414 0.28931147 -0.23010755 1.1260831 1.21254 -0.03558496 -0.2610773 2.5157115
1.3956896 0.6674703 0.6438633 -0.009342001 0.7392891 0.74924415 -0.16199413 -0.21152207 2.573224
1.0912627 0.89904404 1.2155412 0.36824352 1.3147466 1.0260879 0.8763978 0.1919301 0.0
0.33318055 0.17718875 0.06365849 -0.20871316 0.72853655 -0.029259741 0.1604759 -0.27796674 3.0102804
0.23914382 0.47228152 0.18933256 0.04787905 0.09123877 0.20021169 0.14102207 -0.015292078 2.257086
-0.248335 -0.19324002 -0.09432959 -0.42937842 0.075559154 -0.013908286 0.03596803 -0.34992227 2.7058694
1.1750218 0.8797697 0.6698939 0.35547468 1.4753984 0.5824822 1.3914376 0.29154384 0.0
-0.0102955215 -0.10325962 -0.16502783 -0.17528874 0.15998283 0.34280986 -0.3482016 -0.3434992 2.6144323
0.24615435 0.2118977 0.13582231 -0.49384308 0.012194545 -0.009207082 -0.31470013 0.29322687 2.8239465
1.4511384 0.18030956 0.054035887 -0.13592671 -0.2512372 -0.21099116 -0.15027036 -0.5082072 2.9386942
0.42731252 1.2597065 0.27901438 0.308095 1.2023679 1.194586 0.78987676 0.39495525 0.0
0.027788127 -0.14386405 -0.26769856 -0.33515784 1.4875424 -0.14302546 -0.22465608 -0.50947297 2.97375
-0.32950637 -0.02713302 -0.15365426 -0.4961915 1.0856397 -0.053743485 0.057037596 -0.5791687 2.8479404
-0.048787232 0.39824438 -0.032607354 -0.5939243 0.107570395 -0.44096422 -0.40753725 -0.39039627 2.8305666
1.7018337 0.5685353 0.57150936 0.38173094 1.5596598 1.1859604 0.625122 0.12018032 0.0
0.8716313 0.28427467 -0.11269526 -0.5008078 0.5489699 0.73449075 -0.18753894 -0.5431484 2.8303616
0.619644 1.205392 -0.2855627 -0.39751112 1.0379332 0.57092184 -0.42397463 -0.516752 2.793769
0.682594 1.0697567 0.083444014 -0.28751087 1.0133712 0.70035386 -0.41224217 -0.16622175 2.9232755
1.6627687 1.6431504 1.1651212 -0.18841457 1.8761376 1.5729877 0.71664524 -0.15292287 0.0
