6.2589145 -0.4972747 -0.9020319 -0.24845752 -0.93794763 -0.1559527 -0.38743028 -1.2770987 0.0
-1.063455 -0.81413096 -0.6709047 -1.190951 6.4038873 -1.138089 -0.38855377 0.0062114443 0.0
-0.2586085 -0.4343976 -0.3961685 -0.2611665 -0.35215276 -0.46332258 -0.4078168 -0.7359856 4.718273
-0.3868695 -0.27548447 -0.3446803 -0.06848056 -0.51387393 -0.45314583 -0.6838111 -0.26322794 4.8180146
-0.60499084 -0.1820473 -0.2917962 -0.9246687 0.001137465 0.055251695 -0.4817364 -0.2954032 4.3571515
-0.40844783 -0.19809641 6.3591404 -0.62779295 -0.81056803 -1.1656911 -0.33088177 -0.744581 0.0
-0.34504864 -0.6368299 -0.5613656 -0.7346733 -0.11903364 -0.21151923 -0.13732816 -0.49333864 4.439972
-0.38435468 -0.24174628 -0.20919271 -0.64580876 -0.97410446 -0.11065447 -0.31894967 -0.8032449 4.6951528
-0.08198601 -0.6192213 -0.42593798 0.16408199 -0.039883085 -0.28142917 -0.64891785 -0.5325976 4.581334
5.4475117 -0.056406803 -0.6739714 -0.83344626 -0.38625953 -0.22883813 -0.6217993 -0.5243956 0.0
-0.15950806 -0.4774942 -0.5401289 -0.26376715 -0.044629555 -0.10651148 -1.0137202 -0.58903056 5.039512
-0.17714225 -0.5799752 -1.1130706 -0.7050723 0.07251857 -0.33407995 -0.32939708 -0.46607476 4.9604106
-0.43943572 -0.052049156 -0.31260678 -0.27178618 -0.4561673 -0.5528179 -0.35092187 -0.6872294 4.7519927
-0.30360287 -0.70807177 -0.5168832 -0.44243145 -0.70790696 -0.8208357 5.8100047 -0.941417 0.0
-0.5292046 -0.29239485 -0.28081384 -0.21726526 -0.6701096 0.043464188 -0.8398428 -0.10657663 4.7405987
-0.49774167 -0.48245618 -0.3431327 -0.47353238 -0.18883166 -0.422087 -0.4684862 -0.14555 5.336247
0.13985842 -0.75207067 -0.31097382 -0.10413583 -0.49415106 -0.068509445 -0.67703485 -0.6783314 4.6538715
6.115965 -0.23319158 -0.33783135 -1.1375053 0.17631999 -0.9367575 -0.40151367 -1.0700077 0.0
-0.17336217 0.27939013 -0.7754033 -0.41208243 -0.3342804 -0.35653743 -0.29309702 -0.42185965 4.426119
-0.17632537 -0.3429417 -0.3928469 -0.8000093 -0.39359865 -0.4725923 -0.5822217 -0.30155784 4.992223
-0.8721996 -0.35453957 -0.3122049 -0.6071034 -0.42167357 -0.5907069 -0.4120226 -0.029462965 5.360372
-0.64534825 5.6289663 -0.24894285 -0.7317901 -0.6417979 -0.14268628 -1.0495456 -0.25510883 0.0
