6.188119 -0.69937444 -0.9508141 -0.37266865 -0.8139908 -0.25670937 -0.42032576 -1.4471555 0.0
-0.8926746 -0.69913006 -0.7411999 -1.2349031 6.33039 -1.2445896 -0.5447314 -0.06132319 0.0
-0.33713877 -0.81058836 -0.84233946 -0.35831 -0.43233383 -0.62666297 -0.47828633 -0.8004598 5.3484554
-0.6110949 -0.29355174 -0.5457283 -0.15488431 -0.6330187 -0.61442614 -0.7001786 -0.3660522 5.3027005
-0.84720504 -0.32903507 -0.42097902 -1.078039 0.027958684 -0.31330338 -0.5157387 -0.44315326 4.8376455
-0.57886 -0.39650646 6.593195 -0.6559436 -0.9605703 -1.2668394 -0.51688445 -0.97759145 0.0
-0.1392545 -0.7892051 -0.69930243 -0.94031584 -0.15171875 -0.35009617 -0.14865287 -0.6386493 4.7651157
-0.4928111 -0.36056837 0.025348485 -0.47692195 -0.81299615 -0.23500888 -0.63404685 -0.79309535 4.7982564
-0.20681222 -0.803644 -0.3390772 -0.1648524 -0.54478645 -0.3367249 -0.47024637 -0.7841715 4.685322
6.121733 -0.1620833 -0.81575924 -0.9484482 -0.8227359 -0.42774042 -0.72852904 -0.7788724 0.0
-0.29898584 -0.6034925 -0.702825 -0.46853662 -0.05873095 -0.21333028 -1.1802795 -0.51068425 5.158523
-0.22319785 -0.77266437 -0.8867658 -0.9478439 0.0854511 -0.12512614 -0.34128535 -0.5611228 4.8120666
-0.5875155 -0.04897499 -0.004029303 -0.0581618 -0.67089516 -0.33974263 -0.34238666 -0.8080906 4.471193
-0.5216779 -0.904916 -0.5808475 -0.61338633 -0.9930551 -0.91271996 6.2098126 -1.0374898 0.0
-0.61794364 0.004774086 -0.45340294 -0.2807692 -0.7686552 0.023677273 -1.001419 -0.28233618 4.602741
-0.19956695 -0.522136 -0.3261208 -0.54049206 -0.3143524 -0.48253918 -0.54465437 -0.310142 5.055611
0.087405086 -0.80444384 -0.39448658 -0.13431454 -0.5494607 -0.088434234 -0.5188935 -0.7796848 4.8165717
5.939907 -0.44292986 -0.491422 -1.3434085 0.18389466 -1.1774435 -0.5606388 -0.7885641 0.0
-0.38824117 0.28910094 -0.61841035 -0.70132226 -0.07278801 -0.28759223 -0.5528254 0.01240664 4.048104
-0.3234814 -0.3690015 -0.62373877 -0.9475903 -0.09188788 -0.30416906 -0.7443614 -0.51283944 4.938696
-0.9874501 -0.45340496 -0.36868015 -0.3800692 -0.5845125 -0.72744703 -0.5470758 -0.12371574 5.432777
-0.7301621 6.0555496 -0.45628938 -0.88280326 -0.77020454 -0.29617533 -1.2011883 -0.43788955 0.0
