6.07602 -0.943277 -1.0128441 -0.39060196 -1.1416919 -0.8915058 -0.14676407 -1.5629902 0.0
-1.2103733 -1.016023 -0.6120733 -0.84864724 6.40042 -1.0379343 -0.9272593 -0.6194668 0.0
0.18563703 -0.42054534 -1.254105 -0.26535654 -0.4843971 0.06719188 -0.79668 -1.020206 4.8553276
-0.5360778 -0.6868602 -0.6076668 -0.93878734 -0.84170514 -0.3449918 -0.87049884 -0.5521242 5.7994323
-1.0472442 -0.3245704 -0.33865455 -0.81762064 -0.14569512 -0.064955674 -0.89924747 -0.6518238 4.9812355
-0.77503765 -0.82322174 6.6011677 -0.8282044 -1.2692593 -1.3488258 -0.9578588 -1.1054313 0.0
-0.65938485 -0.5058527 -0.6926548 -1.050988 -0.4338699 -0.42400166 -0.5215485 -0.5137757 4.855945
-0.68657106 -0.2714436 -0.49265555 -0.47962022 -0.77620465 -0.08877391 -0.55903435 -0.63834006 4.690509
-0.53190255 -0.63778585 -0.65963346 -0.51127553 -0.23903093 -0.29332584 -0.75529116 -0.8511951 4.8527665
6.335458 -0.7117078 -0.73218095 -1.1337588 -0.8221754 -0.96282375 -0.80251044 -1.0020095 0.0
-0.31576395 -0.32153112 -0.88115716 -0.6603517 -0.44698292 -0.76704156 -0.92434597 -0.46853575 5.087216
-0.18973762 -0.76941705 -0.797215 -1.0151284 0.013326524 -0.2678918 -0.24790375 -0.5469088 4.6461673
-0.762082 -0.45947292 -0.7585807 -0.4991683 -0.94009155 -0.4713463 -0.44379947 -0.7091507 5.28723
-1.1018448 -0.9706903 -0.789619 -1.0074993 -0.8981549 -0.9892461 6.176713 -0.9043382 0.0
-0.7946395 -0.64994514 -0.8502843 -0.54846656 -0.45146832 -0.35949168 -0.3367504 -0.8657658 5.0088615
-0.6439735 -0.67131615 -0.76878166 -0.30884266 -0.6235068 -0.45409194 -0.3129091 -0.41837245 4.957366
-0.3575899 -0.8456994 -0.6779292 -0.29519343 -0.38262752 -0.014998175 -0.538414 -0.46055868 4.850481
5.794763 -0.9982171 -1.0049334 -1.6345574 0.60984313 -0.98353165 -0.7213849 -0.93250966 0.0
-0.64075696 -0.075376324 -0.6385345 -1.1088464 -0.38817227 -0.5730722 -1.0374278 -0.43700022 5.3270235
-0.45846558 -0.23875012 -0.670389 -0.48778805 -0.31024545 -0.37863258 -0.7887546 -0.69894814 4.766091
-0.70954627 -0.528987 -0.60915816 -0.8760951 -0.34593755 -0.41860482 -0.40683442 -0.5790824 5.1214647
-0.625874 5.6979394 -0.7886873 -0.5315853 -0.82417953 -0.7538349 -0.93585974 -0.75291157 0.0
