6.258774 -0.5091205 -0.90531605 -0.25552574 -0.93221295 -0.16166885 -0.38961518 -1.2880335 0.0
-1.065379 -0.82033646 -0.6755337 -1.1939394 6.4113336 -1.1451358 -0.39773142 0.0062253894 0.0
-0.2634871 -0.43577868 -0.3984044 -0.2676497 -0.35769302 -0.47311875 -0.3109838 -0.74026847 4.6863112
-0.39927667 -0.2887173 -0.3552065 -0.073504925 -0.5213234 -0.4627199 -0.69697183 -0.26928976 4.8578873
-0.62067276 -0.18786867 -0.3015788 -0.934208 0.0011749706 0.055319164 -0.48400894 -0.30380666 4.3620963
-0.41840062 -0.20782712 6.3749657 -0.62962055 -0.820122 -1.1724036 -0.34123215 -0.75880235 0.0
-0.35110694 -0.6463692 -0.56994355 -0.74730563 -0.12403242 -0.21899347 -0.13983941 -0.50620794 4.4706125
-0.39020687 -0.24863887 -0.21154928 -0.65245456 -0.9802048 -0.115560606 -0.3197191 -0.8064517 4.7040663
-0.088238545 -0.6305134 -0.4266766 0.16469269 -0.04035816 -0.28493536 -0.6555851 -0.5470134 4.5882955
5.4481664 -0.06048758 -0.6829113 -0.84091383 -0.38633 -0.2389433 -0.6286347 -0.5310831 0.0
-0.16657633 -0.48527622 -0.5517943 -0.27444538 -0.04529966 -0.111748554 -1.024418 -0.51838976 4.9856043
-0.17999092 -0.59157467 -1.1159648 -0.7201178 0.07333729 -0.33679143 -0.33075282 -0.47210106 4.9705706
-0.44833314 -0.05238855 -0.31366017 -0.27500278 -0.46848047 -0.5559776 -0.35778403 -0.6980756 4.7638574
-0.3151685 -0.7201615 -0.52707237 -0.4525237 -0.71526057 -0.82686806 5.8339067 -0.94775087 0.0
-0.53489715 -0.2926849 -0.29028147 -0.22111247 -0.67648476 0.04491824 -0.8501057 -0.114051014 4.7452383
-0.496137 -0.48510244 -0.3437573 -0.47787446 -0.19561918 -0.42168295 -0.4733869 -0.1472841 5.339952
0.14175014 -0.7563816 -0.32182285 -0.105887435 -0.4978043 -0.069863826 -0.6846376 -0.6848818 4.6711082
6.1223063 -0.2437592 -0.3466869 -1.1506395 0.17683247 -0.95243436 -0.41087222 -1.0712061 0.0
-0.18128543 0.28050956 -0.7823911 -0.42056188 -0.33798867 -0.3601298 -0.30622986 -0.4124022 4.4221373
-0.18386926 -0.34718907 -0.40559012 -0.8094151 -0.3835836 -0.4771427 -0.59217876 -0.31282222 5.0015893
-0.87970173 -0.3637504 -0.31919333 -0.60976475 -0.43128762 -0.5992518 -0.42029437 -0.032516036 5.379499
-0.6508709 5.657396 -0.25965172 -0.7413268 -0.64992756 -0.15007217 -1.0593655 -0.2648085 0.0
