5.115876 1.5353261 -0.45212406 -1.3034624 0.5956417 0.067271106 -1.2655034 -1.4921652 0.0
0.7767454 -0.77877337 0.24559315 -1.3076082 4.2090173 0.2085775 -0.68037605 -1.6350063 0.0
-0.6084886 -0.68471104 -0.65058666 -0.8697985 -0.6226604 -0.689315 -0.83658475 -1.1423042 5.0471087
-0.59528387 -0.59646547 -0.7457609 -0.96148896 -0.48691264 -0.6085491 -0.854935 -1.1538165 5.130985
-0.688424 -0.6751283 -0.5770118 -0.9646644 -0.6695399 -0.76313156 -0.9536198 -1.1423516 5.2062116
-0.8485761 0.16663364 2.665486 -0.8453232 -0.1284255 -1.21278 1.6582173 -0.9124351 0.0
-0.6829331 -0.7894662 -0.6762967 -0.8035425 -0.46927732 -0.69988966 -0.6392139 -0.73270965 4.9535856
-0.5956007 -0.6017826 -0.6195739 -0.6452443 -0.6200157 -0.5672754 -0.56784457 -0.60948604 4.814881
-0.61488307 -0.70999575 -0.7189704 -0.69868356 -0.45222005 -0.7029742 -0.54022616 -0.7125065 4.9080863
2.6234775 -1.0054251 -0.3917816 -0.63800865 0.39720294 -0.9911584 1.0181841 -1.0872875 0.0
-0.8080867 -0.7133929 -0.77073395 -0.71570015 -0.64445734 -0.4815818 -0.6583676 -0.77111113 4.977771
-0.63525367 -0.7362154 -0.77833647 -0.89496636 -0.6331237 -0.80027425 -0.75740767 -0.7174658 5.0589504
-0.58427393 -0.780122 -0.82070696 -0.8867293 -0.5910407 -0.64170724 -0.8423506 -0.8614731 5.084766
-0.30089885 0.20094182 -0.4969651 -0.38789722 -0.44793487 -0.08445425 2.7124767 -1.0301229 0.0
-0.6999765 -0.6343896 -0.8078884 -0.8153278 -0.48724043 -0.62082016 -0.7475489 -0.9254429 5.1109247
-0.81332874 -0.6965409 -0.7802177 -0.9469732 -0.6929736 -0.6551377 -0.70353454 -0.85343355 5.103285
-0.6954168 -0.8560918 -0.83984154 -1.0116378 -0.7238548 -0.758145 -0.7757697 -0.8940801 5.0931034
1.5252465 -1.2170624 0.12719981 -0.7019004 2.469286 -0.026780136 -0.42911598 -1.3995987 0.0
-0.60856616 -0.64933366 -0.818643 -1.1096578 -0.6659138 -0.66894937 -0.6365785 -1.1506214 5.1345134
-0.6848508 -0.6049249 -0.8033912 -1.0895789 -0.580683 -0.6638562 -0.7703725 -1.1191425 5.2020354
-0.60980535 -0.73487043 -0.794082 -1.1014736 -0.5609558 -0.5499593 -0.8349968 -1.0901892 5.165366
0.26766083 4.254357 -1.0366955 -1.3647591 0.32746708 0.5669689 -0.9979501 -1.4402808 0.0
