5.8032236 -0.9893635 -1.1311301 -0.519262 -0.8177408 -0.9754169 -0.18656544 -1.1674857 0.0
-1.0400846 -0.8074862 -0.74892974 -1.2845148 6.18791 -0.7896578 -0.7139448 -0.7447642 0.0
-0.29476154 -0.63221735 -1.0169016 -0.6060873 -0.6232219 -0.5348609 -0.5831498 -0.8134858 5.3055096
-0.78938764 -0.95576566 -0.6875813 -0.77192247 -0.71961033 -0.16263689 -0.8106254 -0.7268344 5.703203
-0.3974501 -0.596862 -0.21521047 -0.8198559 -0.22280358 -0.52139014 -0.81979376 -0.8154851 5.015547
-0.7482328 -0.9293137 6.2157803 -0.7151173 -0.87091273 -1.3140628 -0.904305 -1.203929 0.0
-0.6818441 -1.0309749 -0.5354037 -0.71695435 -0.18487 -0.54884243 -0.28855866 -0.49682534 4.695098
-0.5828336 -0.626396 -0.5857311 -0.52084756 -0.4782255 -0.39888605 -0.12215093 -0.60071707 4.5492268
-0.70882344 -0.7356819 -0.8434782 -0.42945874 -0.3661426 -0.84939873 -0.36251256 -0.5026452 4.8448195
6.2133656 -0.8902548 -0.9833937 -0.47974402 -0.83957016 -1.1399049 -0.9408085 -1.3924079 0.0
-0.48851144 -0.56677675 -0.8456861 -0.78498465 -0.50940037 -0.6493967 -0.27560753 -0.8676913 5.1946497
-0.119903006 -0.524049 -0.73358953 -0.87149614 -0.34661663 -0.7029381 -0.5349286 -0.43434435 4.9157324
-0.6657249 -0.5704552 -0.9488117 -0.74206334 -0.60965896 -0.6088921 -0.4131279 -0.59422207 5.2331266
-1.1896646 -1.1900605 -0.50446177 -0.81608886 -1.0231738 -1.1692526 5.895376 -0.6640966 0.0
-0.9738302 -0.5237998 -0.73248917 -0.66553175 -0.4559817 -0.33367476 -0.7513842 -0.7563844 5.1290364
-0.93359053 -0.68678254 -0.57342327 -0.5794427 -0.6002417 -0.5268564 -0.5863022 -0.4887347 5.166674
-0.5411938 -0.8955915 -0.5978651 -0.52446026 -0.339717 -0.4486542 -0.5746823 -0.75806683 5.2908616
5.7360396 -1.2121023 -1.2760321 -1.3983186 0.80035293 -1.3431592 -1.2333916 -0.78834844 0.0
-0.78315854 -0.28625208 -0.5745538 -0.7026327 -0.5126022 -0.9870757 -0.40129727 -0.6632482 5.0828915
-0.60650235 -0.14990959 -0.7278295 -0.3634446 -0.59749913 -0.16029388 -0.74385214 -0.9295537 4.864419
-0.7740659 -0.5516218 -0.8196545 -0.4512727 -0.19480263 -0.24540773 -0.43884695 -0.5124883 4.9942703
-0.9635775 6.14306 -1.1563178 -0.7461147 -0.652633 -1.0592101 -0.7887912 -1.1673862 0.0
