5.5425715 -0.7719935 -0.85350513 -0.57418185 -0.6126541 -0.7127366 -0.70404536 -0.9499342 0.0
-1.0035285 -1.1102549 -0.7285608 -1.1244085 6.2011547 -0.85546076 -1.0022943 -0.7680372 0.0
-0.69853324 -0.68457913 -0.5786448 -0.44621438 -0.48669505 -0.77901113 -0.5347594 -0.84616786 5.1179624
-0.49556804 -0.9019685 -0.5449202 -0.898185 -0.54046583 -0.60322803 -0.5834624 -0.7222692 5.4677525
-0.6021018 -0.47958013 -0.42004168 -0.75723296 -0.6757987 -0.8494358 -0.88485694 -0.80923617 5.3499765
-1.0025727 -1.0713784 6.0308266 -1.1485181 -0.79064333 -1.20276 -0.7102469 -0.9585389 0.0
-0.50405866 -0.8806237 -0.25410834 -0.71306056 -0.67123175 -0.5579296 -0.69408566 -0.6372702 4.9005775
-0.973035 -0.63977766 -0.87423486 -0.6065556 -0.79800045 -0.63184977 -0.5684458 -0.5214522 5.085489
-0.8532073 -0.7443635 -0.4547584 -0.4591745 -0.7727964 -0.46478772 -0.5284658 -0.7892126 4.900355
5.785445 -1.1040751 -1.1076344 -0.9231704 -1.1062047 -0.60939753 -0.6681154 -1.0248698 0.0
-0.7649118 -0.3992864 -0.8020487 -0.7685361 -0.5894102 -0.5331319 -0.8052104 -0.4366247 5.0784044
-0.5044771 -0.835167 -0.14599146 -0.58791953 -0.362926 -0.42544466 -0.80393547 -0.7710582 4.8749347
-0.33916935 -0.41240913 -0.77805847 -0.8362822 -0.45681262 -0.75775945 -0.49204275 -0.65553564 5.038483
-1.0150566 -0.6511266 -0.73641217 -1.1126157 -0.7885819 -0.8865806 5.509521 -0.7396072 0.0
-0.61580956 -0.7703779 -0.51817954 -0.4830588 -0.4679791 -0.6672577 -0.66840655 -0.59524757 4.9114003
-0.546969 -0.7434165 -0.4338211 -0.9452335 -0.6940015 -0.5325794 -0.7404476 -0.55171263 5.187685
-0.53652704 -0.85624135 -0.32148907 -0.7047082 -0.5098019 -0.7342761 -0.5061423 -0.59425336 5.071861
5.2297316 -1.4196672 -1.1685815 -1.0690788 1.1264385 -1.2659225 -1.2963766 -0.8831554 0.0
-0.47537094 -0.20802903 -0.6877247 -0.80849373 -0.6238198 -0.5434784 -0.7491882 -0.8213786 5.0073104
-0.5046358 -0.6568333 -0.9667548 -0.57122463 -0.6588275 -0.5176286 -0.48209333 -0.855762 5.2050986
-0.75422925 -0.5891615 -0.86449784 -0.48117638 -0.3912731 -0.59365726 -0.66511726 -0.88169515 5.1290607
-0.7456528 5.67328 -0.95184684 -0.6247386 -0.54997593 -1.015823 -0.8405316 -0.95677316 0.0
