6.2836304 -0.8081971 -0.97230357 -0.3051925 -0.9284569 -0.32014224 -0.43511385 -1.5250565 0.0
-1.0107689 -0.80462915 -0.77320707 -1.2472131 6.537593 -1.2927397 -0.62864864 -0.26442128 0.0
-0.19917955 -0.8669699 -0.9761973 -0.41662803 -0.26354614 -0.5414259 -0.59084487 -0.5738826 5.1529913
-0.74179155 -0.2989287 -0.52127075 -0.23921344 -0.6915476 -0.69860697 -0.8153587 -0.25936064 5.480882
-0.99186796 -0.4782205 -0.30368882 -1.0341384 0.03202605 -0.38865095 -0.53272015 -0.54417276 4.901214
-0.67110103 -0.48662072 6.4418073 -0.37206528 -1.0323162 -1.3123686 -0.6244684 -1.0981551 0.0
-0.42281508 -0.84321254 -0.76757073 -1.0310731 -0.22077356 -0.49251893 -0.32502842 -0.5046731 5.049631
-0.49973837 -0.42793053 -0.28263664 -0.56032795 -0.9068246 -0.14422663 -0.52586687 -0.8628462 4.9449935
-0.26855493 -0.8980753 -0.53348976 -0.36138007 -0.65012246 -0.14994691 -0.54464304 -0.92241156 4.834542
6.290616 -0.24846065 -0.88457954 -1.0019132 -0.81187814 -0.5575072 -0.7784703 -0.8478099 0.0
-0.39002216 -0.50673896 -0.80179214 -0.5779623 -0.15616037 -0.28372577 -1.2575712 -0.3044424 5.068582
-0.24648431 -0.82334596 -0.9900808 -1.0791743 0.23677132 -0.13517715 -0.08537176 -0.4822409 4.478223
-0.6645329 -0.01235056 -0.070176475 -0.22508058 -0.7816516 -0.36423144 -0.07501759 -0.9077345 4.532247
-0.6562066 -1.0041498 -0.6568492 -0.70453167 -1.0674496 -0.9547482 6.3552394 -1.0543243 0.0
-0.6548252 -0.35229284 -0.461263 -0.59298617 -0.77124244 -0.23841298 -0.75477934 -0.42743436 4.9044743
-0.2583142 -0.22516602 -0.4844539 -0.31879723 -0.26162514 -0.5191187 -0.58062947 -0.34544334 4.8110204
-0.18353082 -0.7299563 -0.4851929 0.0044250265 -0.30291134 -0.046196185 -0.3969106 -0.826188 4.7171917
6.0489035 -0.5812655 -0.3272521 -1.4416751 0.19206357 -1.0320922 -0.64586276 -0.9963494 0.0
-0.50984675 0.22978105 -0.57049894 -0.77230775 0.015245864 -0.00913621 -0.657874 -0.018170599 4.0897546
-0.41824976 -0.14726453 -0.7551436 -0.8694806 -0.12561502 -0.25513032 -0.8261075 -0.6422686 4.8971834
-0.89227605 -0.62401366 -0.14249818 -0.28779483 -0.6682633 -0.53834623 -0.61897033 -0.22572292 5.3380857
-0.7694312 6.2491 -0.5874021 -0.96378 -0.8319767 -0.40330088 -1.271976 -0.5504596 0.0
