2.7722766 2.6938488 1.2803835 -0.8946692 2.242708 1.9528306 -0.85830516 -0.8999955 0.0
1.3839633 0.23725034 1.1937861 -0.26351345 1.5627856 1.3012177 0.33791044 -0.81315064 0.0
0.116418906 -0.3607515 -0.58543915 -0.98168606 0.42921954 -0.7743328 -0.72698736 -1.0309706 3.830716
0.061345432 -0.007024551 -0.43452886 -0.9290595 0.66949594 -0.70990074 -0.7613678 -1.0164795 3.7433298
-0.44588977 0.25604916 -0.12677494 -1.0160571 -0.51323146 -0.8265146 -0.7707326 -1.0077494 3.9551258
0.079922624 0.77862906 1.6209748 -0.05662942 0.40895927 -0.4649491 0.9829649 -0.1373136 0.0
-0.82437634 -0.983909 -0.6413919 -0.92070836 -0.3177186 -0.9262034 -0.54037863 -0.9436517 3.9506795
-0.45044953 -0.70256776 -0.5725382 -0.7322412 -0.7382997 -0.67548674 -0.4711348 -0.7243393 4.040267
-0.54694617 -0.8929648 -0.8314121 -0.71323246 -0.61646706 -0.70826507 -0.75382125 -0.8850157 3.996959
1.3176392 -0.014510034 0.3716083 -0.1102337 0.4822645 -0.3120309 1.083975 -0.36329606 0.0
-1.0371932 -0.76249313 -0.95486337 -0.7804144 -0.7383421 -0.92210865 -0.93493515 -1.0384717 3.9979818
-0.88369375 -0.9196346 -0.8112575 -1.0545971 -0.8113075 -1.0410643 -1.0419037 -0.9886353 3.9836047
-0.5257767 -0.5099287 -0.80368364 -0.8917952 -1.0458741 -0.8198103 -1.0972729 -1.0366707 4.0067286
0.22489232 0.72453517 0.08780917 0.19018178 0.009519916 0.3801159 0.9540523 -0.1152279 0.0
-0.6302272 -0.9251592 -0.89296216 -0.96718067 0.36637363 -0.99980074 -0.9464701 -1.0502166 4.037151
-0.97507286 -1.0202827 -1.0597521 -1.1116657 -0.31349012 -1.0677596 -1.0571318 -1.102638 4.0329094
-0.8320601 -1.078788 -1.103592 -1.1325247 -0.92073977 -1.1754633 -1.1615994 -1.1665856 4.013609
1.2143236 -0.11702979 0.2888377 -0.055452928 1.0056518 0.83309144 0.24637996 -0.6088067 0.0
0.2602366 -0.708237 -0.8867637 -1.1038866 -0.52505296 -0.60426027 -1.0173198 -1.0905356 3.9664936
-0.40706062 0.6662514 -0.9475272 -1.0492463 0.13053563 -0.5719421 -1.0666367 -1.0405498 3.966703
-0.61191374 -0.14706913 -0.9375783 -1.0614417 0.3706042 -0.52147144 -0.9502862 -1.0610349 3.9485068
1.574044 3.0220325 -0.3363365 -0.9450277 1.3487202 1.6201692 -0.71738636 -0.97357047 0.0
