5.528513 -0.7781738 -0.91579926 -0.57013035 -0.64044476 -0.69931895 -0.63237584 -0.9000472 0.0
-0.9892189 -1.0666816 -0.7582677 -1.2615541 6.178025 -0.8372269 -0.9685359 -0.5645163 0.0
-0.7035894 -0.618812 -0.55618155 -0.6127043 -0.5993616 -0.75933415 -0.5807428 -0.756428 5.165344
-0.46588135 -0.95847124 -0.5468395 -0.93818176 -0.5520535 -0.6200593 -0.54211396 -0.7096234 5.473374
-0.629154 -0.50464445 -0.3761396 -0.7617066 -0.5859653 -0.8039806 -0.88110775 -0.7725421 5.322764
-1.021864 -1.0570691 6.192705 -1.1329488 -0.8923227 -1.1905437 -0.6784191 -1.1723391 0.0
-0.48907942 -0.8017998 -0.32067925 -0.6377933 -0.62515324 -0.5637475 -0.65117806 -0.6505509 4.8372045
-0.90138024 -0.7867678 -0.9139978 -0.67271256 -0.7827433 -0.6289829 -0.54666823 -0.42048785 5.1356025
-0.78263754 -0.73695016 -0.44696847 -0.33717224 -0.72087216 -0.41617382 -0.5363207 -0.67523247 4.758608
5.7780166 -1.0790784 -1.0609223 -0.887455 -1.0841221 -0.6749516 -0.687337 -1.0238351 0.0
-0.6230459 -0.37168384 -0.81725603 -0.7022475 -0.5902851 -0.46189678 -0.804125 -0.5036886 4.992098
-0.30892992 -0.7928932 -0.17462854 -0.61018044 -0.30513674 -0.39070436 -0.7363222 -0.8496175 4.783848
-0.2906057 -0.35340366 -0.78058773 -0.63492626 -0.56357294 -0.7661085 -0.46303588 -0.6725098 4.906572
-1.0326716 -0.7056079 -0.8151567 -1.0939424 -0.73113585 -0.92930883 5.5917583 -0.7773966 0.0
-0.6236584 -0.7434657 -0.49152958 -0.4572942 -0.44539547 -0.6400477 -0.7228978 -0.5903995 4.8749027
-0.5157108 -0.73345006 -0.3707028 -0.9317618 -0.7088451 -0.659006 -0.73245 -0.4644924 5.1668506
-0.47048762 -0.8734776 -0.4398453 -0.6276342 -0.6708331 -0.784459 -0.54035574 -0.60794306 5.1428924
5.2586966 -1.4063538 -1.1610757 -0.99242944 1.0785064 -1.2830132 -1.2708929 -0.89580894 0.0
-0.37146997 -0.14782271 -0.7358145 -0.7679413 -0.6259951 -0.6161714 -0.6855947 -0.8713586 4.969453
-0.34035885 -0.61141247 -0.92053235 -0.6223774 -0.6232828 -0.39759618 -0.51475304 -0.8325805 5.074342
-0.815227 -0.684347 -0.956638 -0.32352552 -0.44773787 -0.7090434 -0.65404797 -0.8637704 5.1712413
-0.7670214 5.7383294 -0.9335709 -0.7576541 -0.6042755 -1.0996418 -0.7703219 -0.9111741 0.0
