6.08347 -0.8816698 -0.7953456 -0.35784078 -1.0865979 -0.78820676 -0.21363749 -1.6993983 0.0
-1.1711273 -1.087161 -0.55608505 -0.78839797 6.2232227 -1.1783987 -0.88319194 -0.33819208 0.0
0.24274419 -0.72359055 -1.1893177 -0.34271172 -0.4365524 0.0067225406 -0.8052555 -0.90762526 5.017333
-0.5913992 -0.5965879 -0.7491166 -0.8617655 -0.831475 -0.29883614 -0.7681562 -0.58378637 5.797395
-1.0291368 -0.34959403 -0.34177893 -0.95022225 -0.023043355 -0.21517873 -0.9480784 -0.6130759 4.988473
-0.7317513 -0.74180824 6.434995 -0.7420598 -1.0692787 -1.2529659 -0.9008249 -1.2517707 0.0
-0.7065103 -0.7832553 -0.5131281 -0.9637812 -0.42790073 -0.5184406 -0.7106359 -0.73902494 5.083331
-0.6753539 -0.41578084 -0.51939136 -0.53978246 -0.727545 -0.099991255 -0.44635332 -0.584165 4.672824
-0.54815453 -0.68254745 -0.7786735 -0.43556985 -0.31243643 -0.20889144 -0.8203898 -0.8362124 4.8963604
6.629864 -0.6145641 -1.0553476 -1.1300758 -0.98583794 -0.9461371 -0.8984776 -0.88536954 0.0
-0.40023103 -0.42794642 -0.6872415 -0.6902745 -0.3381403 -0.3944228 -0.94707215 -0.54660076 4.9570513
-0.018541187 -0.6562812 -0.97696745 -1.2094654 0.0008518183 0.06675626 -0.28283867 -0.5520734 4.4307556
-0.88486874 -0.32822433 -0.6229739 -0.43413788 -0.8928753 -0.48904973 -0.62399715 -0.6580213 5.2324977
-1.0716572 -0.8907293 -0.7513914 -0.9671684 -0.8635566 -0.8730959 6.0756097 -0.9012338 0.0
-0.9935092 -0.23995683 -0.7057809 -0.4616152 -0.6978529 -0.1265469 -0.42198598 -0.9201572 4.966532
-0.56683075 -0.4960431 -0.7438386 -0.3127824 -0.5533724 -0.44369853 -0.048218425 -0.21781489 4.6883445
-0.31566647 -0.78183895 -0.6678732 -0.29049572 -0.5919427 -0.10633244 -0.49004716 -0.57444626 4.8992004
5.661108 -0.88194317 -0.90514135 -1.6483895 0.7835727 -1.1771446 -0.6928809 -0.8495197 0.0
-0.60755515 -0.1425531 -0.5803839 -1.1327405 -0.40063247 -0.46692148 -0.9477881 -0.54518265 5.274355
-0.41559297 -0.6164962 -0.76863545 -0.47398588 -0.2518122 -0.67297584 -0.80516857 -1.1165583 5.169441
-0.6565405 -0.47820976 -0.46313876 -0.80950516 -0.81288964 -0.563214 -0.24652919 -0.47122803 5.2690105
-0.6847138 5.868771 -0.96819323 -0.4527332 -0.7306564 -0.6828209 -1.2072041 -0.7756061 0.0
