6.1008863 -0.6207178 -0.93344915 -0.32356718 -0.7302676 -0.21886252 -0.40850797 -1.3859117 0.0
-0.8057202 -0.62256926 -0.7158003 -1.2194048 6.234099 -1.2062309 -0.48399612 0.0063440576 0.0
-0.3066739 -0.77329236 -0.7456852 -0.3290024 -0.40792674 -0.56423634 -0.4176442 -0.7773343 5.239187
-0.520784 -0.42845395 -0.45727953 -0.13325351 -0.5884783 -0.55176544 -0.8182884 -0.3261717 5.207416
-0.7438448 -0.25842282 -0.3558883 -1.021586 0.028114203 -0.26132584 -0.5035754 -0.38440984 4.701188
-0.5123807 -0.31109986 6.5098267 -0.64522314 -0.905161 -1.2304809 -0.44221464 -0.8898323 0.0
-0.12011658 -0.7325508 -0.6475581 -0.8626493 -0.17369379 -0.29337016 -0.14113218 -0.5968176 4.6157217
-0.4564225 -0.31430063 -0.2251784 -0.70514005 -0.74293774 -0.16679391 -0.3264988 -0.78299767 4.6675506
-0.16367769 -0.7332947 -0.43291694 -0.13626444 -0.0458413 -0.31623992 -0.71450746 -0.68491083 4.7760253
5.961555 -0.113883756 -0.76303995 -0.90650386 -0.75862575 -0.34370688 -0.6892444 -0.7262466 0.0
-0.23990451 -0.5560253 -0.66054404 -0.38324827 -0.0511337 -0.16733706 -1.1190926 -0.5330252 5.112632
-0.20586161 -0.698891 -1.1397613 -0.8601932 0.080606975 -0.11732513 -0.3420525 -0.5260268 4.9950695
-0.53074276 -0.055154305 -0.27580735 -0.03213603 -0.58621573 -0.28257033 -0.4211069 -0.7962641 4.6338468
-0.43169582 -0.8304864 -0.5237018 -0.5471361 -0.9356116 -0.8794514 6.079054 -1.0028025 0.0
-0.58531916 0.009101387 -0.38371494 -0.25632095 -0.7326239 0.0592483 -0.941643 -0.2018487 4.488879
-0.24424732 -0.5079681 -0.037510544 -0.5160479 -0.26328865 -0.4538667 -0.51666296 -0.39259228 4.940783
0.16003992 -0.7936748 -0.38134706 -0.12184965 -0.5296556 -0.08007074 -0.7520799 -0.74260354 4.813001
6.175916 -0.35392022 -0.4310438 -1.267425 0.18120757 -1.0952811 -0.49885413 -1.0812851 0.0
-0.31001052 0.29012227 -0.8407811 -0.49937084 -0.060041912 -0.27029476 -0.44280595 -0.13023354 4.1308155
-0.26163402 -0.38509688 -0.5306067 -0.89312357 -0.41879296 -0.5169084 -0.68305004 -0.42591742 5.1748576
-0.94548285 -0.42773968 -0.38457197 -0.32729584 -0.5214111 -0.6763655 -0.49578175 -0.07444478 5.2931767
-0.6992853 5.9027314 -0.37008026 -0.8267112 -0.7225876 -0.22943872 -1.145779 -0.3624973 0.0
