5.343062 0.924288 -0.64982384 -1.1838231 0.20363595 -0.2272258 -1.1049402 -1.4219525 0.0
0.33781955 -0.8968253 -0.21068464 -1.1828649 4.821007 -0.12141078 -0.8496671 -1.4482307 0.0
-0.482195 -0.6257172 -0.62770605 -0.8155163 -0.7475607 -0.54557925 -0.76195514 -1.0204794 5.0885186
-0.6112508 -0.4556002 -0.6752159 -0.8205344 -0.48326433 -0.553966 -0.7599625 -1.000002 5.061711
-0.5652224 -0.6634366 -0.42465872 -0.8447484 -0.5813516 -0.72608095 -0.89770675 -1.0329331 5.1915545
-0.8882713 -0.17622928 3.2621796 -0.87696534 -0.5119426 -1.2893813 1.5626878 -1.0641764 0.0
-0.70376503 -0.6387219 -0.62393564 -0.63490367 -0.3429542 -0.6253944 -0.5606272 -0.6545718 4.854972
-0.5760349 -0.542699 -0.6021858 -0.5963274 -0.59320277 -0.537066 -0.43737346 -0.7504381 4.7528353
-0.56133616 -0.5608591 -0.66789544 -0.71633756 -0.45664948 -0.62683296 -0.66499484 -0.6152814 4.8609743
3.276706 -1.0411521 -0.7564561 -0.811454 0.042752046 -1.1767241 1.0201665 -1.2540777 0.0
-0.6162329 -0.68277514 -0.7358193 -0.60975105 -0.57813287 -0.59124255 -0.64944106 -0.6243879 4.9515176
-0.5306468 -0.6527331 -0.712778 -0.8054321 -0.5530642 -0.64926934 -0.6920227 -0.6949135 5.041263
-0.66433394 -0.70277834 -0.75114286 -0.7286856 -0.61492854 -0.504589 -0.6653567 -0.7012317 5.053679
-0.5853912 -0.1288066 -0.6796142 -0.56591094 -0.62493384 -0.27838024 3.4786158 -1.0499998 0.0
-0.6533762 -0.66017705 -0.6859937 -0.6739205 -0.42963997 -0.52766365 -0.71586096 -0.80062616 5.033027
-0.7960107 -0.6217984 -0.73078334 -0.7895442 -0.5388289 -0.570483 -0.6408518 -0.7239929 5.1010733
-0.79346776 -0.78030044 -0.51668674 -0.8491924 -0.6441299 -0.59633005 -0.755353 -0.83247477 5.1134057
2.0264907 -1.1863253 -0.23774599 -0.9019592 2.5330408 -0.34104 -0.47710866 -1.4294978 0.0
-0.524373 -0.6809448 -0.65363896 -0.95370185 -0.59872365 -0.62064534 -0.70453185 -0.99023914 5.1047516
-0.69709116 -0.55184937 -0.6774523 -0.9586813 -0.5045474 -0.671349 -0.59413564 -0.9627903 5.1525884
-0.6277804 -0.84591806 -0.677733 -0.9664576 -0.60182405 -0.45491874 -0.7467465 -0.92934084 5.190149
-0.035973445 4.5343585 -0.91190934 -1.2308109 -0.10615961 0.14103244 -0.88936436 -1.2859231 0.0
