5.456806 0.02767999 -0.6967153 -0.96661305 -0.40617296 -0.5503849 -0.83420366 -1.2879319 0.0
-0.39332226 -0.96381533 -0.81254524 -0.7857839 5.537994 -0.489452 -0.9301923 -1.1836742 0.0
-0.28159136 -0.4709372 -0.60617864 -0.6943 -0.65232724 -0.7126541 -0.7862747 -0.8385478 5.0585423
-0.5127739 -0.71540856 -0.67717034 -0.85106283 -0.48935553 -0.52021044 -0.82526493 -0.8032737 5.1665034
-0.42805272 -0.59124255 -0.5729351 -1.0162841 -0.5838227 -0.63558406 -0.74908894 -0.74660164 5.2607565
-0.85025555 -0.7472747 4.6333275 -0.8744191 -0.73839146 -1.0361168 0.34614593 -1.0084357 0.0
-0.4957136 -0.66022295 -0.85063237 -0.7084957 -0.43861228 -0.60215944 -0.60011613 -0.64038783 4.9460344
-0.7014407 -0.70319045 -0.6609091 -0.7850961 -0.53366727 -0.51590776 -0.52222854 -0.40764996 4.8029966
-0.38997504 -0.64139724 -0.66005564 -0.5734895 -0.55787563 -0.6596076 -0.5690106 -0.6690706 4.720951
4.647797 -1.1274757 -0.5326846 -0.759417 -0.59156084 -1.1714257 -0.31096375 -0.98369855 0.0
-0.571072 -0.5557616 -0.7559135 -0.6675493 -0.56324136 -0.5361049 -0.5198228 -0.78197944 4.9898305
-0.53038174 -0.7448775 -0.60468215 -0.6650712 -0.6954903 -0.6567468 -0.60990787 -0.82874 5.1694646
-0.67227226 -0.63012594 -0.6857785 -0.80237633 -0.5686027 -0.42784387 -0.6124748 -0.5518517 5.0424685
-0.8597174 -0.68849283 -0.75546306 -0.79847026 -0.9305872 -0.8163811 4.704713 -0.9580864 0.0
-0.59974396 -0.5693085 -0.8651054 -0.7381119 -0.40586454 -0.53716874 -0.56254715 -0.8174974 5.0633903
-0.7022806 -0.5286559 -0.6821157 -0.58770454 -0.5729494 -0.6642499 -0.43614092 -0.6187962 5.0125785
-0.7074084 -0.8126426 -0.8039994 -0.6756082 -0.5391605 -0.72010446 -0.5903795 -0.6298505 5.198535
2.5012639 -1.4726388 -0.76553077 -1.1160208 3.1605878 -0.9128313 -0.8241074 -1.3858668 0.0
-0.5467553 -0.78495586 -0.5779176 -0.812949 -0.6304698 -0.6133197 -0.61118484 -0.8213344 5.144913
-0.5501383 -0.7126476 -0.5102919 -0.8131245 -0.57606286 -0.87389153 -0.6354372 -0.8151496 5.20904
-0.4911204 -0.78728426 -0.7640259 -0.8932629 -0.4317796 -0.4545182 -0.7849949 -0.7570629 5.205225
-0.52103645 5.168321 -0.65422034 -1.027795 -0.565566 -0.7036171 -1.0501467 -0.97701156 0.0
