5.7461953 -1.0003003 -1.1376793 -0.51899713 -0.8256147 -0.99118406 -0.18528242 -1.043006 0.0
-1.0035529 -0.8924168 -0.68265605 -1.2938683 6.1197357 -0.79984117 -0.72589004 -0.6215944 0.0
-0.27917778 -0.6312413 -1.031246 -0.5884214 -0.61582536 -0.52368027 -0.5948181 -0.8327119 5.3062663
-0.8045519 -0.9307648 -0.6936626 -0.7613428 -0.7358675 -0.22725236 -0.827947 -0.66451347 5.7109947
-0.39468122 -0.6274371 -0.17870551 -0.8333489 -0.2682062 -0.4825716 -0.820423 -0.8957775 5.0774484
-0.7560884 -0.92123187 6.169569 -0.7334348 -0.81667674 -1.3295666 -0.8704412 -1.1272565 0.0
-0.62647194 -1.03148 -0.5050978 -0.69758564 -0.18448372 -0.5456718 -0.28073588 -0.47419596 4.651269
-0.6350881 -0.6508486 -0.5788379 -0.50622284 -0.49152032 -0.43490508 -0.10109737 -0.5999058 4.5878506
-0.7113378 -0.68152183 -0.8404894 -0.40276068 -0.37228608 -0.85805494 -0.36867926 -0.49542576 4.817225
6.229514 -0.9040611 -0.99737877 -0.4915367 -0.82879895 -1.1514643 -0.9480808 -1.4087712 0.0
-0.50276935 -0.57553566 -0.8599938 -0.79262406 -0.5338232 -0.66401976 -0.27581653 -0.85817313 5.2195272
-0.12712191 -0.53713757 -0.71169835 -0.8894622 -0.45523918 -0.7133546 -0.5248586 -0.45106557 4.9678235
-0.66122806 -0.5713337 -0.9810644 -0.7523908 -0.62480396 -0.6378446 -0.41302696 -0.6357951 5.2722907
-1.2016286 -1.199271 -0.4667008 -0.7525376 -1.0369844 -1.1759917 5.908232 -0.7694685 0.0
-0.9744273 -0.52086747 -0.69569016 -0.6880305 -0.4920597 -0.33993974 -0.7347952 -0.7705948 5.1251073
-0.9108819 -0.6973095 -0.58130676 -0.6003718 -0.655289 -0.5501601 -0.5782172 -0.50511456 5.202302
-0.5423688 -0.9029128 -0.6106826 -0.6035894 -0.33631206 -0.46568295 -0.56306225 -0.73731375 5.3164864
5.7356057 -1.2404277 -1.2921761 -1.3776766 0.8206838 -1.3619435 -1.2566577 -0.80396414 0.0
-0.7685969 -0.28848246 -0.52908415 -0.70209944 -0.5247363 -0.9939532 -0.47380581 -0.66118294 5.0899835
-0.51527226 -0.14783065 -0.7437907 -0.3791101 -0.61666447 -0.24234703 -0.77255064 -0.8925731 4.878034
-0.77555484 -0.524646 -0.82778955 -0.4649022 -0.20999952 -0.2818463 -0.4581336 -0.4987867 5.011646
-0.8748151 6.1038237 -1.170533 -0.728887 -0.6643009 -1.0795577 -0.80895066 -1.1243926 0.0
