5.8071365 -0.81578976 -0.807663 -0.72894466 -0.58519405 -0.8332091 -0.76534075 -1.1007569 0.0
-0.83779496 -1.0075017 -0.7147628 -1.0443227 6.0720544 -0.7530311 -1.1801665 -1.0136716 0.0
-0.33308607 -0.72374725 -0.71641 -0.69060755 -0.3961782 -0.64699996 -0.52676564 -0.9485259 5.077241
-0.60095155 -0.7404264 -0.44174334 -0.65049046 -0.38164476 -0.75481296 -0.8139671 -0.89139813 5.2215376
-0.5644934 -0.5089283 -0.47509047 -0.6820967 -0.41339415 -0.5358878 -0.60170984 -0.9077069 5.0875
-0.878328 -1.0173491 5.745258 -0.9095566 -1.0001873 -1.110621 -0.52776575 -1.1555352 0.0
-0.5442097 -0.7252845 -0.49229133 -0.74564445 -0.52658075 -0.4750262 -0.6970796 -0.29766536 4.8412156
-0.6272646 -0.7127674 -0.24202265 -0.36824727 -0.3212837 -0.5095856 -0.56805664 -0.5797337 4.4290133
-0.6214223 -0.46849686 -0.7129426 -0.8646774 -0.61712265 -0.6054533 -0.53084576 -0.6382903 4.8950815
5.6784863 -1.4181485 -0.8616243 -0.86648387 -1.0057533 -1.0028596 -0.7159892 -1.1691489 0.0
-0.56782895 -0.5505929 -0.9617925 -0.3204951 -0.4455775 -0.60470307 -0.5312988 -0.62963134 4.863451
-0.418868 -0.6713606 -0.7011609 -0.6451544 -0.48905268 -0.74621415 -0.81945455 -0.6494771 5.1019096
-0.7692279 -0.53848135 -0.3795216 -0.72631764 -0.6621627 -0.57159424 -0.7589516 -0.739321 5.0837083
-0.8283379 -1.1230043 -0.71398526 -1.2157015 -0.90396035 -0.9249351 5.4483185 -0.6824606 0.0
-0.42888018 -0.7342363 -0.6195206 -0.6759709 -0.37426096 -0.5031381 -0.68560916 -0.5840701 4.869938
-0.74629945 -0.564486 -0.4110076 -0.6509983 -0.7071708 -0.5037344 -0.5750865 -0.6255296 5.051312
-0.76159984 -0.75121385 -0.66877985 -0.69689673 -0.53012186 -0.63083297 -0.70547974 -0.53724545 5.216423
4.375607 -1.5867016 -1.2847611 -1.1866769 2.1688921 -1.3938011 -1.4314504 -1.474083 0.0
-0.6419083 -0.49600646 -0.6808946 -0.80042285 -0.5306671 -0.45145094 -0.40391022 -0.7072563 4.9462223
-0.64136744 -0.5099571 -0.8505732 -0.7726017 -0.23558432 -0.47507414 -0.60367006 -0.65716666 5.030891
-0.81416404 -0.54272985 -0.5240862 -0.58783793 -0.42185926 -0.76089466 -0.57478094 -0.6106605 5.0055656
-0.51908845 5.5562086 -0.9347134 -0.6533133 -0.7066658 -0.9956612 -1.0751506 -1.0104707 0.0
