6.0619063 -0.89006495 -0.80227387 -0.3608019 -1.0938101 -0.8007475 -0.19995904 -1.6685475 0.0
-1.1788868 -1.07364 -0.56285495 -0.79587454 6.23045 -1.1759915 -0.8887355 -0.34684682 0.0
0.16961241 -0.72658336 -1.197563 -0.34383333 -0.44890133 0.008307808 -0.81296206 -0.92738754 5.056306
-0.48126572 -0.6074579 -0.75064343 -0.87907887 -0.8364427 -0.3044008 -0.783032 -0.598897 5.790259
-1.0360438 -0.35310173 -0.34485057 -0.9644959 -0.049086746 -0.14283785 -0.96068305 -0.6211089 4.9992537
-0.73736566 -0.75271535 6.451285 -0.75136346 -1.0731779 -1.26486 -0.9083657 -1.2595501 0.0
-0.71526223 -0.78356373 -0.5178877 -0.9746529 -0.43326312 -0.5306045 -0.7098803 -0.7241919 5.0887885
-0.67041737 -0.42120942 -0.52459395 -0.4986607 -0.7348295 -0.08859087 -0.46762812 -0.5847155 4.6625013
-0.5678342 -0.6938429 -0.78670204 -0.442852 -0.3187095 -0.22235757 -0.826842 -0.8330328 4.919638
6.632741 -0.6260931 -1.0563958 -1.1327994 -0.9901547 -0.95725995 -0.88947415 -0.8990139 0.0
-0.39392897 -0.3727052 -0.6944381 -0.664692 -0.43359822 -0.4526815 -0.9612427 -0.53469473 4.9819694
0.005123389 -0.6468898 -0.8861954 -1.2183312 0.0026109086 0.062112797 -0.28525984 -0.5686675 4.390884
-0.8951054 -0.34606314 -0.6383135 -0.44200426 -0.87954533 -0.43609577 -0.6377869 -0.6647842 5.234592
-1.0405015 -0.9019098 -0.75569886 -0.97302955 -0.8679582 -0.9239391 6.091761 -0.9073887 0.0
-1.0013015 -0.2431686 -0.7358524 -0.47328582 -0.7038236 -0.30735305 -0.42556253 -0.93758756 5.051862
-0.5770908 -0.5081172 -0.753587 -0.3008956 -0.55924547 -0.40538192 -0.046328172 -0.30305538 4.7084894
-0.32101113 -0.7897781 -0.6711891 -0.28245097 -0.59878063 -0.076022156 -0.4842118 -0.58010274 4.9028735
5.6685443 -0.8989524 -0.91685694 -1.6534979 0.78231406 -1.1848457 -0.6982608 -0.83783096 0.0
-0.6029495 -0.14555681 -0.58536744 -1.1444955 -0.40343043 -0.48023582 -0.9579667 -0.4663337 5.272342
-0.4217286 -0.6254424 -0.78393096 -0.4782374 -0.25585988 -0.6827827 -0.8130098 -1.1332822 5.196094
-0.66321236 -0.48551393 -0.4767966 -0.81968826 -0.7977898 -0.57083946 -0.27706352 -0.4965388 5.281218
-0.704084 5.8657756 -0.9188964 -0.4620257 -0.7123181 -0.6925215 -1.2176437 -0.7805844 0.0
