5.3599334 0.5718742 -0.5464822 -1.1402361 0.033597805 -0.3843611 -1.0672737 -1.3983158 0.0
0.0043231905 -0.90789926 -0.44573146 -1.0046715 5.0653267 -0.21063249 -0.89506876 -1.3129699 0.0
-0.44276252 -0.59823143 -0.7103236 -0.7294707 -0.75928044 -0.56080294 -0.73718446 -0.9139337 5.0985637
-0.5873584 -0.5425512 -0.63860536 -0.73099667 -0.53321284 -0.48981756 -0.7784667 -0.8691929 5.0397587
-0.5475269 -0.6163225 -0.47776252 -0.89042777 -0.6910694 -0.8087125 -0.9513012 -0.8673248 5.256556
-0.8967114 -0.52452177 3.745663 -0.95056945 -0.5844523 -1.2405959 1.2998519 -1.0446336 0.0
-0.5992007 -0.71080405 -0.71881753 -0.61568147 -0.54608244 -0.4657855 -0.6071935 -0.60401046 4.868397
-0.5063892 -0.71106374 -0.60389876 -0.6328921 -0.52235496 -0.492435 -0.49742255 -0.6206916 4.7125916
-0.4043592 -0.5713554 -0.70879227 -0.5834837 -0.33551866 -0.6669812 -0.5594561 -0.52702785 4.6950264
3.830713 -1.0029846 -0.7091197 -0.87445384 -0.17856477 -1.2336322 0.45354006 -1.072793 0.0
-0.55264664 -0.69791013 -0.7282613 -0.78398997 -0.52426356 -0.57768315 -0.706714 -0.5990166 5.011179
-0.48910588 -0.65463513 -0.76075923 -0.7669028 -0.59982514 -0.7261077 -0.60784835 -0.68142563 5.0745573
-0.592519 -0.66287297 -0.83525753 -0.73562676 -0.57717985 -0.51370585 -0.6914066 -0.63901544 5.090686
-0.61977106 -0.31657487 -0.7841565 -0.59145683 -0.71427554 -0.42436144 3.792972 -0.89342576 0.0
-0.7077375 -0.4862706 -0.65732366 -0.73206586 -0.5099083 -0.61986697 -0.75538385 -0.7682756 5.0941033
-0.746731 -0.4847705 -0.8400925 -0.6688188 -0.539817 -0.7227238 -0.6351373 -0.7229759 5.114294
-0.6072985 -0.6013561 -0.69315046 -0.8212298 -0.58947 -0.73014224 -0.59452456 -0.6917938 5.099657
2.1947203 -1.1389146 -0.5080227 -0.9248726 2.7273016 -0.45928425 -0.72651935 -1.4929433 0.0
-0.52799565 -0.53581005 -0.7223798 -0.90976435 -0.5710094 -0.57834953 -0.641498 -0.93546426 5.106407
-0.65684056 -0.39702067 -0.7692471 -0.93445927 -0.5003004 -0.61193234 -0.62427145 -0.89999664 5.160971
-0.46837434 -0.7724758 -0.63303775 -0.87044746 -0.52268296 -0.46172598 -0.6093052 -0.8759704 5.1220436
-0.17252742 4.6311784 -0.792739 -1.1424938 -0.33793297 -0.0631759 -0.81757164 -1.1736414 0.0
