5.4640527 -0.67732286 -0.6279121 -0.5274564 -0.52867115 -0.8423799 -0.78197426 -0.9750057 0.0
-0.7390834 -1.0614034 -0.64662653 -0.94255567 5.8849173 -0.5925102 -1.0451044 -0.92129755 0.0
-0.53579366 -0.50505584 -0.6310726 -0.658853 -0.52350014 -0.6954022 -0.53240854 -1.0041009 5.1183615
-0.7165233 -0.844349 -0.34056622 -0.67464274 -0.5100577 -0.732119 -0.7808939 -0.7686048 5.2859473
-0.6454043 -0.38736552 -0.42418665 -0.7925486 -0.61355996 -0.87567383 -0.7866933 -0.7527868 5.3734603
-0.766685 -0.90229857 5.7223773 -0.8951092 -0.9797961 -1.0577601 -0.6590061 -0.99017715 0.0
-0.29496875 -0.7787264 -0.5282383 -0.7560421 -0.82700896 -0.5865279 -0.5593026 -0.29398376 4.790243
-0.86481446 -0.901053 -0.37857136 -0.559731 -0.4464127 -0.5195439 -0.5915327 -0.58032376 4.7431016
-0.7166982 -0.79859024 -0.7237711 -0.34711382 -1.0130107 -0.40763766 -0.5279265 -0.47023165 4.8843813
5.470343 -1.2123829 -0.8012682 -0.9004537 -0.9219519 -0.8138723 -0.53605133 -1.0231326 0.0
-0.6815307 -0.22007225 -0.9783961 -0.72646254 -0.5428687 -0.6587494 -0.83886784 -0.5544235 5.066328
-0.4862351 -0.88390917 -0.5109433 -0.63650817 -0.69561154 -0.6856014 -0.60970557 -0.46055326 5.084895
-0.6176391 -0.41946688 -0.6858142 -0.61609024 -0.5757491 -0.6858207 -0.7551006 -0.82435775 5.150263
-0.85135394 -0.9539057 -0.6943545 -1.2378902 -0.7738027 -0.89230967 5.552568 -0.974331 0.0
-0.66452116 -0.6453638 -0.5898276 -0.66256076 -0.5390985 -0.5095306 -0.75747335 -0.62540174 4.998379
-0.8385852 -0.6715323 -0.43773717 -0.5895016 -0.70510185 -0.6223047 -0.47900644 -0.5314854 5.0220876
-0.58382523 -0.5118067 -0.5328387 -0.7512804 -0.3507271 -0.8900296 -0.72460276 -0.6530184 5.1080246
4.7790504 -1.4096997 -1.0847284 -1.1499327 1.6094838 -1.2630644 -1.3067889 -1.258083 0.0
-0.5177319 -0.41846088 -0.50776607 -0.8092747 -0.6709431 -0.6903106 -0.60401976 -0.8225423 5.0554957
-0.8628194 -0.48685235 -0.77654546 -0.71575326 -0.35141417 -0.22053958 -0.605731 -0.7721418 5.0430574
-0.6457314 -0.49745587 -0.5323694 -0.7473191 -0.56884843 -0.5903889 -0.77592987 -0.6902865 5.0736527
-0.6215483 5.8064947 -0.98886865 -0.77505696 -0.8247022 -0.9442521 -1.099427 -1.0499387 0.0
