1.5258069 1.5156531 1.4510802 0.4832021 1.4627793 1.3799704 0.50735074 0.48472765 0.0
1.1983732 0.69336075 1.190733 0.6141779 1.0971404 1.459786 0.549925 0.495694 0.0
1.1634439 0.7464409 0.62706196 0.471761 1.054996 0.54534304 0.5133105 0.49111864 1.5400729
0.9361944 0.6636281 0.6649464 0.5080546 1.2203453 0.6173022 0.55281377 0.5114661 1.5423455
0.8758494 1.0093125 0.77776104 0.49531186 0.8681313 0.5252984 0.54671305 0.47598472 1.5405024
0.89185053 1.0244486 0.85244006 0.553178 0.95115405 0.5303109 0.84684116 0.52534056 0.0
0.5543665 0.5003683 0.50273436 0.5158566 0.8651962 0.458398 0.5285627 0.51098645 1.542075
0.55246997 0.5693637 0.5257671 0.50072104 0.49116912 0.5313898 0.5176231 0.55024076 1.5447124
0.5554268 0.52533644 0.5400385 0.5535368 0.4978293 0.49217924 0.5977543 0.52275324 1.5349983
0.9646299 0.7076735 0.75627124 0.5602079 0.76755255 0.70122135 1.0805236 0.5955982 0.0
0.51641935 0.49952808 0.48274067 0.503712 0.5939019 0.55146486 0.5067944 0.49799973 1.5457196
0.56449354 0.48057783 0.49342203 0.5097981 0.59732336 0.50687665 0.48257753 0.493514 1.5452799
0.9197628 0.62822366 0.49561405 0.4832049 0.5088517 0.60890055 0.4914381 0.48119047 1.5426037
0.5985495 0.8623164 0.6908776 0.550324 0.7597692 0.84188825 0.783436 0.5255107 0.0
0.5133148 0.50753284 0.5477678 0.48096183 1.4346886 0.5191246 0.4867263 0.48885962 1.5398849
0.47306702 0.5156106 0.49754456 0.48704135 1.3388385 0.54077685 0.49264717 0.48580006 1.5389515
0.5268291 0.5476055 0.5367744 0.47705653 0.5408722 0.48631772 0.5092429 0.4983044 1.5426795
1.2129475 0.63119096 0.64185494 0.6102075 0.96245843 0.989951 0.5395959 0.51655793 0.0
1.3845501 0.6983076 0.48554388 0.48511767 0.6730707 0.90001756 0.5510258 0.48766777 1.5376805
0.9626856 1.4869642 0.4761715 0.49183014 1.4277538 0.67373234 0.49052498 0.48778436 1.532773
0.82519644 1.2710161 0.48483717 0.48428136 1.4914984 0.89618963 0.48720574 0.4831716 1.5348634
1.1972506 1.5411409 0.7508617 0.4907329 1.4097025 1.372971 0.5358738 0.49882758 0.0
