6.1950808 -0.70605695 -0.9522123 -0.37605587 -0.8210635 -0.26046512 -0.42128244 -1.4521527 0.0
-0.89999706 -0.7056211 -0.74326307 -1.2361315 6.470778 -1.2476994 -0.5498881 -0.2580293 0.0
-0.33969334 -0.81397027 -0.8505266 -0.3618786 -0.40866518 -0.63000655 -0.48497784 -0.80208534 5.3501043
-0.6189334 -0.30113363 -0.5524024 -0.15937869 -0.63671076 -0.61963725 -0.7072258 -0.3694318 5.3213024
-0.8560372 -0.39422053 -0.42654324 -1.0825733 0.028539645 -0.3178831 -0.516721 -0.4482042 4.852684
-0.58451575 -0.40415317 6.5998244 -0.656715 -0.9651304 -1.2697837 -0.52335185 -0.98509514 0.0
-0.14091244 -0.79225063 -0.7036007 -0.9462255 -0.15431942 -0.35574216 -0.1347234 -0.5221 4.7379336
-0.49583364 -0.3646793 0.02547562 -0.48200575 -0.8188569 -0.23916751 -0.632487 -0.78311217 4.793921
-0.17447694 -0.80953413 -0.33186 -0.16915599 -0.55212796 -0.33841377 -0.4748798 -0.7926766 4.6831636
6.134691 -0.16670413 -0.8201151 -0.95187414 -0.8280735 -0.43525687 -0.73175526 -0.7832278 0.0
-0.30425933 -0.60740536 -0.70895195 -0.47609925 -0.06940317 -0.21749781 -1.1852907 -0.42134148 5.0854445
-0.2246409 -0.77883774 -0.8932148 -0.9559691 0.086195685 -0.12576982 -0.31875333 -0.5640408 4.799329
-0.592292 -0.02792974 0.010313917 -0.05845288 -0.67807746 -0.34483492 -0.34256467 -0.8132921 4.4598293
-0.5296088 -0.9111283 -0.585662 -0.6189998 -0.9977833 -0.9154257 6.2203608 -1.040306 0.0
-0.62062204 0.0029345143 -0.4595116 -0.28455275 -0.77160245 -0.10875891 -1.0062505 -0.29014668 4.6312795
-0.2031931 -0.5229442 -0.33752832 -0.54248965 -0.31886333 -0.48526332 -0.5469498 -0.31242448 5.0637608
0.08788973 -0.7701234 -0.39999712 -0.13522229 -0.55109894 -0.08917467 -0.52561104 -0.7827143 4.799471
5.9398546 -0.45091915 -0.4965833 -1.3496585 0.18411061 -1.1450974 -0.5658802 -0.79018164 0.0
-0.39526543 0.27265194 -0.62575185 -0.7077365 -0.07562772 -0.28382838 -0.56267107 0.012441019 4.0659723
-0.32899725 -0.3519894 -0.6318117 -0.9518916 -0.09379904 -0.3059701 -0.7494793 -0.5204861 4.941664
-0.99087465 -0.45819426 -0.37205327 -0.38453907 -0.58985895 -0.7316811 -0.5514861 -0.12871186 5.4459834
-0.73268133 6.0679226 -0.4641084 -0.887435 -0.77413255 -0.30226174 -1.205719 -0.4445329 0.0
