-0.92296237 -0.7599197 -0.7896795 2.2700582 -0.9341052 -0.49955195 -0.48101994 2.1306105 0.0
-1.1590004 -1.2629825 0.69223636 0.25266248 -1.1244812 -1.709934 -0.15011674 4.267123 0.0
-0.15341717 -0.06716046 -0.35409403 0.0514209 0.34721324 -0.22540401 0.36708194 -0.58048296 1.2719214
-0.6075347 0.14029399 -0.69942284 -0.29667217 -0.3122905 -0.52995956 -0.6083993 1.9127626 1.1755103
-0.60405254 -0.20982409 0.031955615 -0.41459996 0.25731835 -0.39088273 0.13613205 0.06940777 1.6134864
-0.61677283 -1.254981 1.295469 0.64331704 -0.7634361 -1.5402367 0.102725066 3.164909 0.0
-0.34753773 -0.80399704 -0.3325766 -0.6206492 -0.17060949 -0.26901644 -0.1864112 -0.07766645 2.6370683
-0.36505234 -0.249453 -0.3833474 -0.600501 -0.31937692 0.082403064 -0.5148076 -0.44747102 2.6582456
-0.38118482 -0.57478994 0.02831857 -0.3935074 -0.25334808 -0.05568534 -0.5902632 -0.12156312 2.4682665
-1.1399376 -1.0205543 -0.41906822 -0.06571261 -0.15999633 -0.9837125 -0.27825114 3.8183541 0.0
-0.5747565 -0.545184 -0.6009619 -0.20455556 -0.41840243 -0.33731225 -0.11085533 0.34081715 2.3257813
-0.52544063 -0.31636629 -0.46676683 -0.51603174 -0.13273919 -0.37152985 -0.109869726 0.03553569 2.5350401
-0.46348208 -0.412512 -0.35066205 -0.28631946 -0.36740217 -0.39734572 -0.08364516 -0.1373869 2.3471947
-0.7797961 -0.90424395 -0.050709825 0.4633467 -0.6579992 -0.31747618 -0.9493336 3.2867558 0.0
-0.65298396 -0.6120254 -0.17404705 -0.12837039 -0.102385394 -0.34121814 -0.101504005 -0.2966138 2.5371501
-0.64616156 -0.3367884 -0.38714418 -0.38683805 -0.45719087 -0.15883914 -0.09867159 -0.34385 2.6946023
-0.6137105 -0.47307706 -0.3362806 -0.41286325 -0.26481247 -0.29497984 -0.1774636 -0.39346376 2.6592658
-0.6682424 -0.926844 -0.40534997 -0.30010027 -0.71610904 -1.0144523 1.0262374 3.2700555 0.0
-0.2643768 -0.72202796 -0.2979441 -0.21670857 -0.14293398 -0.2404252 0.09497617 -0.34763235 2.240987
-0.41578695 -0.4691295 -0.57919455 -0.35413095 -0.25753757 -0.18047753 -0.3860664 -0.10993627 2.5957034
-0.5249618 -0.5117442 -0.43905443 -0.5000122 -0.4238175 -0.31097138 -0.16892102 -0.14641772 2.7369761
-0.37981984 0.71198773 -0.23381317 -0.99587935 1.8689727 0.40908036 0.28035372 -0.2600952 0.0
