-0.8957186 -1.4185181 -0.66698146 4.3764725 -0.66173464 -1.1040467 -0.36447033 1.7015148 0.0
-1.5533475 -0.75694793 -0.16048047 -0.42578992 -0.83013207 -0.6513477 -0.16398723 5.859486 0.0
0.2040715 0.2885088 -0.3768248 -0.29718006 -0.39513218 -0.3462048 -0.2126387 0.36594445 2.0688856
-0.4005679 -0.9640447 -1.1020577 -0.619847 -0.45146695 0.5737656 -1.2386111 3.5171485 -0.3780662
-0.1522117 -0.58144855 0.19005767 -0.30705726 0.06568742 -0.33200875 0.0866625 0.35339352 1.6747036
-0.91580385 -0.9817233 0.5654199 -0.32657918 -0.54979616 -1.6061554 -0.20818622 4.8148637 0.0
-0.1696548 -0.50256526 -0.8115533 0.102387 -0.29156145 -0.20023873 -0.3333477 0.08362694 2.693092
-0.11026142 -0.012300445 -0.3661176 -0.31993467 0.13818704 0.0037367688 0.027740505 -0.53053117 2.5190954
0.3725296 -0.5703244 -1.1554611 -0.78607494 -0.06927855 1.0861368 -0.537712 -0.034819614 2.1434488
-0.5983137 -1.1671702 -0.6214919 -0.4666958 -0.5153877 -1.0636426 -0.44259518 4.3239837 0.0
0.035059836 -0.65666723 -0.063412316 0.080370076 -0.040159535 -0.26765013 0.046828866 0.24201716 1.6292694
-0.22255802 0.42171466 -0.4275623 0.012377985 0.48980775 -0.3236596 -0.37034553 -0.0038767853 1.3683975
-0.14563 -0.33023417 -0.40510345 -0.40626845 -0.042541593 0.052670423 -0.1321765 -0.19582821 2.227198
-0.6636225 -0.70433164 -0.38799658 -0.1639315 -1.8071549 -0.19601133 -0.9320218 4.2562575 0.0
-0.0003442804 -0.22938964 0.2301359 -0.04689437 0.44535336 -0.31048426 0.050370563 -0.24068417 1.1490843
-0.22922593 0.40571648 -0.5903081 -0.11121611 0.83257526 -0.14862707 -0.22673212 -0.24198642 2.008604
0.06196304 -0.2924867 0.41155005 -0.02809934 -0.16000624 -0.15656652 -0.26384974 0.2707546 1.5077556
-1.0259991 -0.5508586 -0.7495259 -0.0010191448 -0.4676575 -0.37363008 1.092129 4.000151 0.0
-0.2085056 -0.34222233 -0.06883561 0.605136 -0.045054372 -0.025814757 -0.0050755204 0.20866914 0.74951684
-0.18943073 0.935851 0.016217126 -0.17485562 -0.29164234 0.12548296 -0.12894998 -0.031279944 0.9000265
0.39296377 0.15867667 0.134204 0.45457196 0.14581981 -0.6515431 -0.4719565 -0.32078755 1.0168738
-0.5380798 0.060298044 -0.5872926 -0.74007404 2.9220166 -0.18895094 0.11018271 -0.42618895 0.0
