-0.87913144 -1.3620359 -0.45736095 4.349264 -0.50566655 -1.0876273 -0.1726579 1.6911341 0.0
-1.4097544 -0.49931473 -0.15423745 -0.39762065 -0.54238605 -0.35674262 -0.0749009 5.6743655 0.0
0.19180119 0.2867104 -0.35401422 -0.24766038 -0.3512982 -0.2963524 -0.16449888 0.33640778 2.056024
-0.2146275 -0.9065166 -1.0585647 -0.57057774 -0.41731054 0.53415436 -1.1526327 3.781724 -0.68010384
-0.10951971 -0.46439758 0.15037476 -0.19819815 0.051014807 -0.20768495 0.06571021 0.32416588 1.5539724
-0.6681745 -0.6234371 0.44914588 -0.23616323 -0.32297927 -1.477574 -0.10151946 4.4776287 0.0
-0.08235939 -0.40071604 -0.72347534 0.08235363 -0.18389586 -0.098861545 -0.31200525 0.044978168 2.543194
-0.06711119 -0.011574733 -0.29143512 -0.27982196 0.1117415 0.0021837037 0.0191718 -0.5221148 2.4781837
0.26377046 -0.5314885 -1.0446612 -0.71960545 -0.057625882 1.0115317 -0.2561229 -0.024696948 1.9626111
-0.4194473 -1.0591623 -0.58806074 -0.35866633 -0.4064989 -1.0280566 -0.39311376 4.210629 0.0
0.029360928 -0.61204374 -0.064925455 0.057110686 0.27630705 -0.20119175 0.038102087 0.21812706 1.3443147
-0.2032561 0.39442393 -0.4171847 0.009859505 0.4834564 -0.22586118 -0.3647419 -0.0036188005 1.312712
-0.066499464 -0.23056634 -0.32054758 -0.34467882 -0.026585575 0.038409397 -0.08170898 -0.14945929 1.9798396
-0.6343239 -0.59571487 -0.3487034 -0.13615312 -1.7161962 -0.17921306 -0.8437858 4.1369576 0.0
-0.00034168462 -0.10062061 0.18112683 -0.03323204 0.4161592 -0.19955614 0.041082177 -0.16413933 1.140475
-0.1290054 0.2540862 -0.5274752 -0.03983268 0.76750773 -0.051484838 -0.14648807 -0.15208313 1.9185835
0.03838518 -0.19629456 0.34659654 -0.02051478 -0.12695006 -0.13029602 -0.25622442 0.26282907 1.3738369
-0.88338566 -0.37147835 -0.6163059 -0.0009833429 -0.3781877 -0.14603394 1.0806925 3.9592984 0.0
-0.17944339 -0.1929991 -0.048158925 0.5647473 -0.015632505 -0.0155551 -0.0035322313 0.19624655 0.68422043
-0.13732322 0.8798821 0.009913263 -0.102879696 -0.27313313 0.076256 -0.08167772 -0.016764544 0.7648001
0.30874512 0.11059167 0.11054317 0.45313767 0.12786484 -0.46748954 -0.42204 -0.28551522 1.0136641
-0.51746404 0.0585808 -0.5208615 -0.62413746 2.8630466 -0.16703348 0.1048284 -0.3590202 0.0
