-0.9103218 -1.4692683 -0.9240701 4.4001503 -0.83494925 -1.1184509 -0.69437134 1.7105464 0.0
-1.6893005 -1.0844656 -0.16608469 -0.45176083 -1.1992283 -1.0955983 -0.32228574 6.024547 0.0
0.20772217 0.5980105 -0.39009064 -0.34787747 -0.43742627 -0.39601412 -0.2654539 0.29032686 1.7811178
-0.68640006 -1.0167459 -1.1411238 -0.66588026 -0.48325667 0.6103894 -1.3181418 3.5873442 -0.39642167
-0.20227921 -0.7061576 0.23270087 -0.44813648 0.08172418 -0.49783844 0.110078044 0.38078928 1.7866827
-1.2027134 -1.4537411 0.68992376 -0.43213907 -0.87041354 -1.7263744 -0.3867879 5.127249 0.0
-0.30932623 -0.6155883 -0.8963052 0.12358581 -0.43411252 -0.3680758 -0.6690603 0.14287217 3.1054168
-0.16926812 -0.012964798 -0.44592544 -0.48241422 0.16604151 0.0071530393 0.037741393 -0.24060388 2.3681898
0.5020004 -0.06145154 -1.2607287 -0.7918107 -0.081235245 0.88771975 -0.6942516 -0.04695053 2.1456125
-0.8132386 -1.2694362 -0.6519397 -0.5859501 -0.63274956 -1.0954207 -0.49038097 4.424521 0.0
0.0408066 -0.73043376 -0.064482026 0.1079635 -0.07917772 -0.34251916 0.15388572 0.26477814 1.7029994
-0.24072433 0.44683862 -0.13384765 0.038282268 0.025512476 -0.44164336 -0.06826921 -0.0044654086 1.4149462
-0.2848946 -0.44351053 -0.4959646 -0.46806234 -0.063839294 0.06919082 -0.20045689 -0.2528297 2.465577
-0.69052076 -0.81235725 -0.42553174 -0.19247435 -1.8897228 -0.21180482 -1.0157459 4.362252 0.0
-0.35206574 -0.4668023 0.27748796 -0.13607793 0.17165501 -0.4471156 0.060075972 -0.2541154 1.8393836
-0.3764719 0.6082409 -0.6506524 -0.2697446 0.5955747 -0.37104514 -0.33063024 -0.27792457 2.377515
0.09368815 -0.41276774 0.47725105 -0.028590122 -0.19969165 -0.18351024 -0.2706267 0.28047937 1.6249577
-1.1677666 -0.77423 -0.8877076 0.2692077 -0.5618871 -0.839913 1.4064641 3.6660361 0.0
-0.23740628 -0.56129473 -0.093715414 0.6423914 -0.07415575 -0.040144224 0.0049043205 0.21530133 0.81260973
-0.24952567 0.968066 0.023915151 -0.26616654 -0.30438888 0.19365597 -0.19127633 -0.05340874 1.0731766
0.39171314 0.23337555 -0.14170715 0.34598348 0.18548359 -0.8680762 -0.5199016 -0.33299887 1.3998793
-0.55656344 0.06178901 -0.6515363 -0.8575988 2.9921768 -0.2100621 0.115034685 -0.6504418 0.0
