-0.91208947 -1.4754766 -0.9609046 4.4031878 -0.85855436 -1.1201917 -0.75011927 1.7114489 0.0
-1.7063872 -1.1322393 -0.16676998 -0.45498046 -1.2533104 -1.1660827 -0.3494459 6.04466 0.0
-0.08990627 0.6069794 -0.10115523 -0.10674872 -0.44275334 -0.4024505 -0.27261835 0.2929966 1.7041763
-0.7321596 -1.0232579 -1.145902 -0.6716262 -0.487217 0.61446625 -1.3280171 3.596007 -0.39868233
-0.2090515 -0.72280437 0.24841934 -0.4689099 0.08371053 -0.52260137 0.11328046 0.38049787 1.8006384
-1.2426689 -1.5238376 0.7065854 -0.44689468 -0.91969085 -1.7413859 -0.4165765 5.166069 0.0
-0.3146004 -0.63021153 -0.90705 0.12640646 -0.45531946 -0.3959201 -0.68959725 0.15380092 3.1371214
-0.17818883 -0.013046864 -0.45659482 -0.48901212 0.16973846 0.0075662057 0.03921298 -0.24207814 2.3923414
0.5202751 -0.06389332 -1.2739999 -0.799225 -0.08272058 0.9090351 -0.71933925 -0.04870521 2.1606102
-0.8437186 -1.2822891 -0.6556907 -0.6021568 -0.64850765 -1.0992959 -0.4964447 4.4367366 0.0
0.04156605 -0.73581547 -0.06619964 0.111808464 -0.08588215 -0.35279852 0.15740375 0.26837263 1.7129667
-0.24300048 0.4498082 -0.11166802 0.03919836 0.01854492 -0.45841315 -0.06941508 -0.30957493 1.5959656
-0.30890915 -0.45947212 -0.5081602 -0.47607756 -0.067021005 0.071490966 -0.23036537 -0.2606479 2.500549
-0.6871447 -0.8265893 -0.4302708 -0.19621491 -1.8998773 -0.21378264 -1.02628 4.3709755 0.0
-0.36308226 -0.50830436 0.29605192 -0.14227283 0.15887628 -0.46805272 0.06135869 -0.021282978 1.7493241
-0.39952967 0.64115167 -0.65829194 -0.29985738 0.61047626 -0.41380253 -0.34592083 -0.29241312 2.4016855
0.098446324 -0.43016633 0.48487678 -0.029537385 -0.20453908 -0.18703791 -0.05250259 0.1002033 1.5069938
-1.1860344 -0.8064758 -0.90590334 0.27123663 -0.57439184 -0.92552584 1.413416 3.68732 0.0
-0.330056 -0.5955529 0.010679808 0.6467268 -0.078799225 0.10693747 0.0050014765 0.21668515 0.8200508
-0.03719244 0.9317617 0.025167694 -0.28263572 -0.36914697 0.19906583 -0.20053078 -0.056943994 1.2653164
0.40192518 0.24227819 -0.14931001 0.35274884 0.18807775 -0.8984539 -0.5259697 -0.32897452 1.407978
-0.55851746 0.06197456 -0.65961176 -0.8742368 2.9984403 -0.21233459 0.11563085 -0.66386753 0.0
