-0.8827816 -1.3743591 -0.49727798 4.35528 -0.5367458 -1.0912458 -0.20379968 1.6934296 0.0
-1.4403951 -0.54758173 -0.15560001 -0.40369996 -0.5960757 -0.4077179 -0.08913194 5.7148848 0.0
0.19445598 0.28710806 -0.35894877 -0.25787497 -0.36057654 -0.30674663 -0.17413445 0.342743 2.058868
-0.24650021 -0.91896576 -1.0680553 -0.58115077 -0.42465246 0.5426928 -1.1711618 3.7830667 -0.68034285
-0.1178145 -0.48813102 0.15839063 -0.21841073 0.053956326 -0.2304646 0.06986978 0.3304294 1.5799615
-0.71655476 -0.689481 0.4726698 -0.2537666 -0.36343488 -1.5051593 -0.11906309 4.5502615 0.0
-0.09668855 -0.42135313 -0.74213845 0.08642742 -0.20369248 -0.11562695 -0.3166154 0.051614765 2.575684
-0.07492643 -0.011731824 -0.30655766 -0.28825763 0.117130764 0.0024601384 0.02080907 -0.52396894 2.4871945
0.28476104 -0.539863 -1.0682696 -0.73383844 -0.06002774 1.0276152 -0.26878297 -0.02665209 1.9890064
-0.45382386 -1.0822096 -0.59531295 -0.38023055 -0.42846522 -1.0358413 -0.40358344 4.2354956 0.0
0.030538788 -0.6216668 -0.065872855 0.061606582 0.27949792 -0.21433851 0.039884925 0.22321132 1.3553578
-0.20738536 0.40031725 -0.41946313 0.010369385 0.4848571 -0.2446227 -0.3659766 -0.0036743896 1.3248569
-0.07913878 -0.248697 -0.33762783 -0.35742337 -0.029508084 0.041195616 -0.09091005 -0.15958652 2.0321176
-0.64070493 -0.61825234 -0.35705626 -0.14187533 -1.7359557 -0.18280834 -0.8625969 4.1631093 0.0
-0.00034225828 -0.12081936 0.1910053 -0.035869885 0.42246133 -0.22011584 0.04298159 -0.1786839 1.1423779
-0.14655626 0.28188205 -0.54080164 -0.050035413 0.77797633 -0.06515401 -0.16139369 -0.16858909 1.9413831
0.042687725 -0.21445015 0.36005133 -0.021997299 -0.13363485 -0.135712 -0.25789544 0.26456562 1.4024589
-0.91318816 -0.40540057 -0.6436364 -0.0009911687 -0.3964205 -0.17990266 1.0832171 3.9683175 0.0
-0.18551597 -0.21915388 -0.052129902 0.5734616 -0.017806249 -0.01740535 -0.0038279698 0.19893496 0.6976723
-0.14747858 0.8919922 0.011057097 -0.11702771 -0.27692902 0.085165836 -0.09038563 -0.019237753 0.792911
0.32570866 0.11981168 0.11540098 0.45345435 0.13164432 -0.50320476 -0.43259966 -0.29298463 1.0143749
-0.5219647 0.058957182 -0.5349091 -0.6481658 2.8760147 -0.17166227 0.10599242 -0.37293538 0.0
