-0.87055266 -1.3333068 -0.37514815 4.335059 -0.43906537 -1.0791113 -0.116551414 1.6857134 0.0
-1.3398002 -0.40130317 -0.1510597 -0.3835931 -0.4337436 -0.25998256 -0.04959458 5.579614 0.0
0.18566081 0.28577146 -0.3426029 -0.2250615 -0.3302751 -0.27312785 -0.14375646 0.32187468 2.049309
-0.15460241 -0.8777184 -1.0364366 -0.54631114 -0.4004338 0.514476 -1.1099343 3.7785394 -0.67952996
-0.09213149 -0.41270563 0.13297571 -0.15747379 0.24712762 -0.16230959 0.056821626 0.21616453 1.494149
-0.56624997 -0.49118 0.3980126 -0.19919427 -0.24421388 -1.4142792 -0.06958146 4.31036 0.0
-0.056315236 -0.35579547 -0.6811462 0.07345755 -0.14434329 -0.06820393 -0.3013587 0.032462183 2.467922
-0.0516975 -0.011211234 -0.25853807 -0.2608233 0.09994969 0.0016464912 0.0157898 -0.51775277 2.4569867
0.220027 -0.5121799 -0.99083734 -0.6870056 -0.052315634 0.9744583 -0.22847524 -0.3307816 2.1379488
-0.3480702 -1.0065458 -0.5712453 -0.31235814 -0.35887572 -1.0098654 -0.36939985 4.1523585 0.0
0.026750306 -0.58985555 -0.06271541 0.04772891 0.268899 -0.17318735 0.03419227 0.20654862 1.3185217
-0.19380635 0.380818 -0.41184145 0.13460399 0.48015735 -0.18696952 -0.36183622 -0.0034905486 1.2018368
-0.044025686 -0.19272816 -0.28347287 -0.31628984 -0.02075387 0.032539897 -0.06345933 -0.1279675 1.8614562
-0.61947274 -0.5455818 -0.32970148 -0.12350889 -1.6703197 -0.17098194 -0.80087745 4.0757174 0.0
-0.00034033062 -0.06521842 0.15972665 -0.027732966 0.4016142 -0.15819679 0.03691307 -0.1342413 1.1359842
-0.09535977 0.1986962 -0.4972235 -0.023195194 0.7432871 -0.02945627 -0.11644555 -0.11914811 1.8656832
0.02984491 -0.15919144 0.31671363 -0.017390363 -0.11242541 -0.1183198 -0.2523124 0.2587643 1.3083961
-0.8166567 -0.3020348 -0.55614 -0.00096506474 -0.3382938 -0.08906494 1.0747409 3.938034 0.0
-0.16584809 -0.14282212 -0.039919496 0.40099853 -0.011483182 -0.011919196 -0.002919787 0.3213581 0.65340364
-0.11597631 0.8518696 0.007653771 -0.07581442 -0.26435447 0.05869357 -0.064252846 -0.0121001415 0.7021623
0.2720196 0.091487676 0.09984176 0.4523866 0.119344585 -0.39270148 -0.3979746 -0.26858398 1.0119841
-0.5069654 0.057699513 -0.48906073 -0.5707454 2.832587 -0.15656738 0.10212392 -0.32811177 0.0
