-0.72700125 -0.58102 -0.6507763 2.871663 -0.8282467 -0.36350065 -0.4409002 0.85926574 0.0
-1.332583 -0.8900594 1.0039314 0.35273466 -1.2418188 -1.808423 -0.24002822 4.026669 0.0
-0.38799456 -0.49300826 -0.14292395 0.6164263 0.1585685 -0.18307093 0.27451894 0.10653957 0.85926044
-0.58791494 0.08489367 -0.7034246 0.038398087 -0.23425613 -0.9752628 -0.31988937 1.7424406 1.2698365
-0.7146431 -0.16274077 0.31161407 -0.1731328 0.036920514 0.033627093 0.016514106 0.070061654 1.350985
-0.2378065 -1.4096259 2.254625 0.91359234 -0.8378035 -1.2991023 0.6153042 1.8215972 0.0
-0.39558375 -0.37935448 -0.36570123 -0.5366852 0.022333324 -0.44726864 0.07036255 0.02246399 2.1423657
-0.543137 -0.25575122 -0.39467344 -0.19267707 -0.33799517 -0.015743466 -0.41552898 -0.2947953 2.3500369
-0.37915578 -0.50923926 -0.11880452 -0.28655845 -0.31458953 -0.60227203 -0.4857477 0.14149086 2.4554126
-0.65562385 -1.0927917 -0.05802831 0.2859794 -0.38504383 -0.83379257 0.23341401 3.2446878 0.0
-0.36906353 -0.42625868 -0.49454567 -0.43367523 -0.02923559 -0.41757286 -0.22344872 -0.046530657 2.2729409
-0.39918888 -0.55652434 -0.6629957 -0.43113565 0.25178683 -0.087932646 -0.17181931 -0.23282951 2.3305864
-0.49717987 -0.75518155 -0.17671457 -0.2405047 -0.2970727 -0.0478817 -0.24007683 -0.18065515 2.098943
-1.0341661 -1.122573 -0.09567385 0.75764775 -0.9432114 -0.19914553 -0.5825645 3.2206383 0.0
-0.60659873 -0.3771791 -0.31006217 -0.22858955 -0.027148647 -0.37869668 0.049233116 -0.04766872 2.276361
-0.35866833 -0.6771839 -0.29910102 -0.5337935 -0.10029917 -0.45185006 -0.23113245 -0.12441103 2.5008066
-0.3854202 -0.37832192 -0.41117784 -0.35251054 -0.19941728 -0.23915713 -0.20430243 -0.17190535 2.208001
-0.89497435 -0.7701055 -0.5443592 0.25750098 -0.68698967 -0.8449217 1.8589857 2.3605762 0.0
-0.21322316 -0.61679035 -0.3683468 -0.38506314 0.124251395 -0.21704388 -0.28488567 -0.0030351067 2.173067
-0.43198833 -0.7016087 -0.17070957 -0.41616288 -0.15623724 -0.29045823 -0.31178346 0.053176176 2.29695
-0.5142888 -0.6313021 -0.38875943 -0.31370634 -0.12228249 -0.35852563 0.050326053 0.15535212 2.2241063
-0.7437606 0.49869874 -0.5078978 -0.87734085 1.9364976 0.3580232 0.24809521 -0.46931005 0.0
