-0.67776597 -0.59749097 -0.6017841 2.7395751 -0.6779211 -0.4044167 -0.37667787 0.91485447 0.0
-1.2869444 -0.78595096 1.1429769 0.3783275 -1.1362292 -1.8166966 -0.21970378 3.8344963 0.0
-0.24017264 -0.35353386 -0.21886532 0.49265477 0.13638873 -0.17443281 0.18809538 -0.0039994847 1.0698042
-0.63711345 -0.040537123 -0.7271689 0.017634029 -0.2709618 -0.9140242 -0.36649397 1.8114067 1.3462311
-0.71978176 -0.3714029 0.36128375 -0.034988612 0.121600404 -0.024178175 0.26581043 0.040703833 1.214263
-0.06112762 -1.4372078 2.0167215 1.0477239 -0.75580066 -1.2621948 0.7183508 1.8011094 0.0
-0.47583324 -0.29254973 -0.405236 -0.6891523 -0.012873088 -0.34060383 -0.049901962 -0.015266939 2.3007264
-0.48541775 -0.24806114 -0.35066146 -0.17811497 -0.36221075 -0.04338391 -0.41888875 -0.2741772 2.3002934
-0.30309513 -0.4846809 -0.1072499 -0.28303105 -0.34040302 -0.48718113 -0.45598638 0.061274324 2.381183
-0.5598494 -0.9735755 0.00947398 0.22524786 -0.290307 -0.79197156 0.29069617 3.0838628 0.0
-0.39812854 -0.5669414 -0.4067673 -0.40566316 -0.074930936 -0.41199237 -0.14730631 0.06556025 2.2147267
-0.460213 -0.590677 -0.6001042 -0.4133019 0.2530326 0.0013819 -0.12910062 -0.27689475 2.2967434
-0.37897077 -0.7934085 -0.19162522 -0.19851442 -0.2528789 -0.038030088 -0.16986845 -0.19140133 1.9745616
-1.0574948 -1.0716926 0.021234268 0.74393004 -0.8450107 -0.06323742 -0.49993607 3.0155575 0.0
-0.5707928 -0.37513196 -0.23505141 -0.29957205 -0.08302262 -0.3967804 -0.11898654 -0.19072495 2.4534676
-0.35551208 -0.54429096 -0.37167314 -0.6853992 -0.062151905 -0.2630158 -0.2149051 -0.10093874 2.4325519
-0.28642383 -0.32477582 -0.4295663 -0.4416875 -0.1281515 -0.29835394 -0.27885735 -0.21155949 2.2268078
-0.87399286 -0.77927405 -0.53150266 0.4513677 -0.64514416 -0.7827355 1.7606436 2.2897596 0.0
-0.34789628 -0.62069184 -0.37856355 -0.30231798 -0.030622203 -0.22455887 -0.25879982 -0.04431438 2.2800436
-0.4483572 -0.61558735 -0.23894636 -0.33639887 -0.29102603 -0.34352416 -0.15798448 0.033569187 2.2729623
-0.60982645 -0.60775244 -0.42257062 -0.22371934 -0.15980735 -0.284548 -0.053369436 0.19206962 2.2365222
-0.7151268 0.4936317 -0.39930314 -0.86371017 1.8328286 0.50867975 0.2685815 -0.48012742 0.0
