-0.5180168 -1.017503 -1.0464976 3.138991 -1.3194703 -1.2227538 -0.8448697 1.9100453 0.0
-1.2660434 -1.2178136 0.24162504 0.20056044 -1.1710986 -1.6269714 -0.29868168 4.644469 0.0
-0.5234956 0.4092879 -0.3500085 -0.039107677 0.625196 -0.23483017 0.028053656 -0.6187886 1.2543777
-0.77730435 -0.2436023 -0.91334707 -0.24134943 -0.8527546 -0.37044352 -0.09650377 2.4362257 0.8017034
-0.6890838 -0.39612257 0.24937741 -0.33739364 0.26653987 -0.3747218 -0.14024103 0.115371406 1.6611468
-0.80942285 -1.4726511 0.9211027 0.06309662 -1.0050566 -1.5326275 -0.292087 4.1106443 0.0
-0.27767056 -0.7925344 -0.32244456 -0.32849038 -0.0033212826 -0.61140865 0.36401933 -0.39996073 2.4194515
-0.4433341 0.14497003 -0.16590376 -0.67903006 -0.53438634 0.24216303 -0.41460767 -0.114630125 2.3320346
-0.1576178 -0.2977918 -0.4694127 -0.3163744 -0.2930092 0.06488766 -0.5978491 -0.1843523 2.4879847
-1.342943 -0.85122705 -0.6943824 -0.16350941 -0.03874469 -1.1901201 -0.42059892 4.119264 0.0
-0.35147843 -0.68614054 -0.5934408 -0.12798513 -0.35332507 -0.26692882 -0.13967848 0.061922282 2.3756166
-0.30755177 -0.11326301 -0.39957756 -0.20143475 -0.33545256 -0.18239248 -0.083525576 -0.059651356 2.1490355
-0.455245 -0.2990728 -0.4563176 -0.4052532 -0.11076445 -0.17003155 -0.20671004 -0.27167588 2.3513021
-0.93220645 -1.119486 -0.27128372 0.12850277 -1.0447546 -0.61844254 -1.1579924 4.1134286 0.0
-0.3973176 -0.5363946 -0.59009665 0.09931637 0.10042772 -0.15740488 -0.17805381 -0.3281615 2.3309102
-0.41510746 -0.2009611 -0.0483779 -0.5448035 -0.5243212 -0.16911303 -0.38087037 -0.21258019 2.5625741
-0.29475173 -0.15234455 -0.37081423 -0.32690609 -0.31242096 -0.46524152 0.073657796 -0.1842639 2.2626977
-0.9063395 -1.081987 -0.9864591 -0.34442216 -0.7158177 -1.3171372 1.1293343 3.687513 0.0
-0.48184365 -0.43889302 -0.24315721 -0.29097205 -0.12601832 -0.38706896 -0.23583713 -0.3347878 2.4418368
0.08675956 -0.14644495 -0.71095556 -0.5445949 -0.4849108 -0.13156 0.060003527 -0.18363215 2.2927907
-0.27135304 -0.614408 -0.48201627 -0.04691326 0.033547595 -0.4489607 -0.20411266 -0.16467394 2.393408
-0.6818189 0.3664844 -0.8461888 -1.0158622 2.6615713 0.0830851 -0.15017976 -0.6568032 0.0
