-0.89615065 -1.4200062 -0.6735024 4.3771763 -0.6663415 -1.1044737 -0.3715535 1.7017837 0.0
-1.5572399 -0.7651129 -0.16064486 -0.42654255 -0.8392936 -0.66153497 -0.16733061 5.864343 0.0
0.2043983 0.2885554 -0.3774324 -0.2985807 -0.39633265 -0.34759617 -0.21405104 0.3667399 2.0692186
-0.4070611 -0.9655764 -1.1032034 -0.6211731 -0.45238426 0.5748256 -1.2409126 3.519222 -0.37860125
-0.15350911 -0.5848295 0.19120912 -0.3105421 0.06611704 -0.33604822 0.087283246 0.3541815 1.6779399
-0.9232809 -0.9932883 0.5687874 -0.32932037 -0.5573874 -1.6096172 -0.2120737 4.8238974 0.0
-0.17284267 -0.5055095 -0.8139623 0.10296361 -0.29504603 -0.20391278 -0.3339173 0.084974006 2.6970747
-0.111681506 -0.012319758 -0.36827824 -0.32104224 0.13894624 0.0037888612 0.028006 -0.53075016 2.5201602
0.37586066 -0.5713632 -1.1584704 -0.7878688 -0.06960843 1.088133 -0.54182756 -0.035129372 2.1468444
-0.60381866 -1.1700981 -0.6223792 -0.46987554 -0.51855224 -1.0645771 -0.44395098 4.326949 0.0
0.035220627 -0.65786064 -0.06352043 0.08108119 -0.04098227 -0.26962745 0.047078628 0.24266697 1.631482
-0.22307958 0.4224432 -0.42783347 0.012457801 0.48997277 -0.326676 -0.3704913 -0.003885763 1.3698652
-0.14860001 -0.33315364 -0.40755695 -0.40798825 -0.043060225 0.05310101 -0.13382533 -0.19732696 2.233966
-0.6643962 -0.70738137 -0.38906687 -0.1647185 -1.8095646 -0.19646499 -0.9344165 4.2593813 0.0
-0.00034434765 -0.23431006 0.23156169 -0.047312625 0.4461331 -0.31404257 0.05063608 -0.24307114 1.1493074
-0.23264693 0.41064063 -0.5920246 -0.114194594 0.83389103 -0.1527383 -0.22929966 -0.24490094 2.0113711
0.06273256 -0.2955095 0.41337764 -0.028328212 -0.16096412 -0.15731004 -0.26404947 0.27096227 1.5113786
-1.0299681 -0.5564832 -0.7533192 -0.0010200856 -0.47022575 -0.3827791 1.0924258 4.001211 0.0
-0.20931454 -0.34731144 -0.0694725 0.6062155 -0.04574167 -0.026153993 -0.00512318 0.20899987 0.7512172
-0.19100854 0.93734115 0.016424164 -0.16348504 -0.29362142 0.12710421 -0.1304768 -0.03178371 0.9038143
0.39540768 0.16016047 0.13487709 0.45460898 0.14631933 -0.65714484 -0.47332066 -0.3217529 1.0169575
-0.5386225 0.060343016 -0.5891142 -0.743334 2.9235544 -0.1895529 0.11032443 -0.42807856 0.0
