-0.8984606 -1.4279743 -0.7093946 4.380938 -0.6914746 -1.1067553 -0.4117413 1.7032188 0.0
-1.5781796 -0.81019866 -0.16152509 -0.430582 -0.889923 -0.7186536 -0.18635565 5.8903317 0.0
0.20615117 0.288804 -0.3806919 -0.3061677 -0.4028014 -0.35511675 -0.2217483 0.37101454 2.0709972
-0.44353023 -0.97379243 -1.1093378 -0.6282979 -0.45731163 0.5805158 -1.2532675 3.5303102 -0.38146952
-0.16062199 -0.6032078 0.19747308 -0.3298179 0.06845782 -0.35844883 0.09067184 0.35841674 1.6953186
-0.96422863 -1.0573521 0.5871006 -0.34434235 -0.5997042 -1.6282196 -0.23407653 4.8724017 0.0
-0.19089234 -0.5215161 -0.82694024 0.10609615 -0.31435648 -0.22468652 -0.3369737 0.092537105 2.7184312
-0.11957412 -0.012423359 -0.38002622 -0.32701847 0.14306884 0.004079351 0.02946636 -0.53192043 2.5258496
0.39414695 -0.576939 -1.1746631 -0.7975121 -0.071395665 1.0988483 -0.5643292 -0.03682956 2.1650589
-0.63406444 -1.1858486 -0.6271363 -0.48721465 -0.5357722 -1.0695777 -0.45125726 4.342809 0.0
0.036091294 -0.6642667 -0.06410044 0.08498376 -0.045665354 -0.28042907 0.04843422 0.24616456 1.6433418
-0.22588372 0.42635304 -0.42928365 0.015769208 0.49085438 -0.34325427 -0.37127003 -0.0047944863 1.3777252
-0.16550097 -0.3491754 -0.42090383 -0.4172903 -0.04593647 0.05545904 -0.1429776 -0.20552112 2.270438
-0.6685405 -0.72388184 -0.3948291 -0.1689827 -1.8224802 -0.19890381 -0.94730127 4.276091 0.0
-0.00034470684 -0.26240298 0.23932132 -0.049608484 0.45031783 -0.33373147 0.052076913 -0.256215 1.1504984
-0.25178325 0.4379454 -0.60126996 -0.13148576 0.8409484 -0.1766716 -0.24350056 -0.26105717 2.0262039
0.06700337 -0.3121761 0.42326903 -0.02958148 -0.16617368 -0.16133814 -0.26511803 0.27207318 1.530862
-1.0514117 -0.58748376 -0.77389014 -0.0010251218 -0.48417312 -0.43551716 1.0940106 4.006872 0.0
-0.21368507 -0.37577444 -0.07297313 0.6120092 -0.04959019 -0.028040968 -0.005385176 0.21077411 0.76035726
-0.1996535 0.9453345 0.017574463 -0.17711054 -0.29614973 0.13611598 -0.138935 -0.03461212 0.9243021
0.32982993 0.16831692 0.1385266 0.45480713 0.18944766 -0.6878639 -0.48066732 -0.32471383 1.0174003
-0.5415281 0.0605836 -0.59893167 -0.76097625 2.9317753 -0.19279808 0.111083865 -0.4383059 0.0
