-0.88223314 -1.3725035 -0.4910764 4.3543773 -0.5319654 -1.0907024 -0.19879463 1.6930851 0.0
-1.435757 -0.540056 -0.15539487 -0.40278223 -0.58769697 -0.39963293 -0.08683717 5.7087884 0.0
0.19405545 0.28704837 -0.35820425 -0.2563165 -0.3591694 -0.30516466 -0.1726541 0.34178522 2.0584412
-0.24143492 -0.9170876 -1.0666263 -0.5795525 -0.42354307 0.5414034 -1.1683637 3.782868 -0.68030965
-0.11653157 -0.48449555 0.1571617 -0.21525297 0.05350458 -0.22689548 0.069229536 0.32948226 1.5760357
-0.70908105 -0.67914706 0.46906462 -0.25104517 -0.3570595 -1.500989 -0.116250984 4.539292 0.0
-0.09439074 -0.41819146 -0.7393088 0.08580381 -0.20059307 -0.1129426 -0.31591964 0.050560437 2.5707843
-0.07369886 -0.011708126 -0.3042405 -0.28697634 0.11630619 0.0024165546 0.02055489 -0.52369034 2.4858408
0.2815096 -0.53859854 -1.0646949 -0.73168576 -0.059661217 1.0251867 -0.26684502 -0.026349291 1.9850247
-0.44849402 -1.078721 -0.5942195 -0.37691554 -0.42509648 -1.03467 -0.40199548 4.231756 0.0
0.030359164 -0.62021375 -0.06573653 0.060910404 0.27901697 -0.21231335 0.0396123 0.22244124 1.3536994
-0.20676067 0.3994277 -0.41912058 0.010291264 0.48464674 -0.24171264 -0.36579117 -0.0036659974 1.3230281
-0.07710064 -0.2458896 -0.3350092 -0.35548225 -0.029050145 0.040765207 -0.089466885 -0.15802503 2.024189
-0.63974375 -0.61481845 -0.35579076 -0.14100198 -1.7329774 -0.18226452 -0.8597489 4.159176 0.0
-0.00034217213 -0.11755031 0.18949008 -0.035461318 0.42151 -0.21690255 0.04269121 -0.17642313 1.1420921
-0.14377959 0.27752745 -0.5387815 -0.048353646 0.77639705 -0.062894076 -0.15906522 -0.16600406 1.9379463
0.042013004 -0.2116239 0.3580005 -0.02176831 -0.13261025 -0.13488555 -0.25764412 0.26430443 1.398128
-0.9086547 -0.40012228 -0.6394612 -0.000989991 -0.39363083 -0.17436364 1.0828382 3.9669633 0.0
-0.18459222 -0.21501674 -0.05151412 0.572146 -0.017461974 -0.017114459 -0.0037820875 0.19852938 0.69563776
-0.14590895 0.8901651 0.010877503 -0.1147882 -0.27635634 0.083766125 -0.08902285 -0.018844847 0.78862965
0.32310623 0.11838142 0.114659004 0.45340663 0.1310704 -0.49767917 -0.4309933 -0.29185197 1.0142677
-0.52128714 0.058900572 -0.53277826 -0.6445037 2.8740656 -0.17095992 0.105817005 -0.3708144 0.0
