0.17532489 -0.2617814 -0.18413392 1.1056055 0.11915683 0.45827004 0.2628548 1.2500182 0.0
-0.05137256 0.26221442 1.4451252 1.0303452 -0.24599189 -0.89402974 0.7204298 1.7309042 0.0
0.05031416 0.004369983 -0.22681525 0.4325789 0.5416578 -0.0038703762 0.4588076 0.34526387 0.66496944
0.12136318 0.09928785 -0.28972402 0.1438601 0.3970977 -0.23433633 0.1573919 1.0016141 0.6932144
-0.074545376 0.053319298 0.18709402 0.26517737 0.64097124 0.26699945 0.32843244 0.122982495 0.868602
0.6973365 -0.10550516 1.0985055 0.9759553 0.12960297 -0.15087548 0.5242166 1.138973 0.0
-0.1564211 0.13238344 0.018239668 -0.03649202 0.18879512 -0.048136063 0.10847978 0.4961849 0.8008119
0.058623962 0.2972202 -0.031953007 0.119412296 -0.20229179 0.2676797 -0.10340409 0.16997135 0.6705046
0.032276936 0.2707239 0.07027691 0.26616427 -0.018994898 0.16449836 -0.068191476 0.3670717 0.7413953
0.0791206 -0.12308392 0.5979519 0.6471079 0.43267137 0.048588626 0.6807915 1.2655073 0.0
0.20879811 -0.1636468 0.0722595 0.307628 -0.03232027 -0.09558845 0.021517834 0.42351556 0.53532475
-0.13238473 -0.0113921175 0.013583619 0.19108416 0.4292893 0.08363149 0.2653366 0.14110936 0.7800914
0.15136354 -0.44200405 -0.0066914354 -0.11668964 0.31421366 0.25356948 -0.043808457 0.29692584 0.58667874
-0.22906089 -0.091165245 0.4788785 0.8601886 0.058800567 0.5634602 -0.23093541 1.1138179 0.0
-0.1456687 -0.068126805 0.2058073 -0.0117124645 0.28874746 0.010125621 0.3962054 0.22528787 0.835986
-0.17166243 -0.2771603 -0.064418055 -0.0413654 0.10548385 0.16163339 0.22131833 0.054125298 0.86195207
-0.15490845 -0.13146882 0.005811173 0.059797116 0.06302852 -0.26085958 0.08582262 0.17375024 0.8270598
0.14106415 0.30080435 0.18002352 0.42226544 0.1809813 0.117956266 0.96554226 0.89542234 0.0
0.021847095 -0.27742678 -0.14419614 -0.11508752 -0.028506596 0.044508334 0.0026744043 0.26927704 1.3369799
-0.15911475 -0.20713866 -0.08565157 -0.26390237 0.0050648656 0.09214322 -0.16249417 0.0055723945 1.4089595
-0.229271 -0.032970034 -0.16372038 -0.15940388 0.029081974 -0.021207817 0.11813125 0.13931628 1.4363755
0.045242887 0.9253079 0.025436344 -0.20294893 1.133347 0.79516125 0.4550302 0.110919066 0.0
