-0.91016996 -1.4687358 -0.9209704 4.3999057 -0.8329505 -1.1183015 -0.68977666 1.710453 0.0
-1.6878397 -1.0804541 -0.16602592 -0.45148516 -1.1946898 -1.089742 -0.32005152 6.022821 0.0
0.21223973 0.47224972 -0.3945382 -0.34732947 -0.4369679 -0.39546567 -0.26484764 0.29009593 1.9058219
-0.6826023 -1.0161881 -1.1407139 -0.66538864 -0.48291776 0.61000013 -1.3172963 3.5866134 -0.39622793
-0.2016889 -0.70474464 0.23221579 -0.4463943 0.0815416 -0.49576488 0.10980707 0.38049632 1.7854908
-1.1993392 -1.4478683 0.68850994 -0.43089363 -0.8663028 -1.72509 -0.3843285 5.1239257 0.0
-0.3116101 -0.6143472 -0.8953875 0.1233463 -0.43233615 -0.36577556 -0.66732216 0.14204364 3.103101
-0.16852237 -0.0129577685 -0.44501993 -0.48178884 0.16572754 0.0071189585 0.037617493 -0.24047756 2.366082
0.50045973 -0.061246015 -1.2595959 -0.7911765 -0.081102036 0.88591087 -0.6924257 -0.04680718 2.1443923
-0.8106704 -1.2683374 -0.6516183 -0.5845774 -0.6314129 -1.0950882 -0.48986292 4.4234724 0.0
0.040742137 -0.72997296 -0.064444065 0.10763565 -0.07862633 -0.3416496 0.15358926 0.26453286 1.7022005
-0.24052967 0.44657207 -0.13369724 0.038204644 0.2005714 -0.44023117 -0.2424804 -0.0048078727 1.414413
-0.2829191 -0.4421646 -0.4949312 -0.46737972 -0.06357292 0.06899658 -0.1994552 -0.2521649 2.4629562
-0.69024277 -0.8111453 -0.42512682 -0.19215615 -1.8888525 -0.21163566 -1.0148454 4.361146 0.0
-0.35110754 -0.46339998 0.27686626 -0.13565108 0.1710996 -0.44536 0.059966963 -0.2532396 1.835839
-0.3745529 0.60498244 -0.64999986 -0.2673012 0.5943108 -0.36757553 -0.32934767 -0.2767455 2.3755634
0.09328999 -0.4113053 0.47663668 -0.028510125 -0.19928034 -0.18321012 -0.27055752 0.27908748 1.6276815
-1.1662095 -0.7715189 -0.8861605 0.26903397 -0.56082493 -0.83293384 1.4058682 3.6642122 0.0
-0.23708645 -0.55844325 -0.093422264 0.6419958 -0.07376955 -0.039965935 -0.00057407626 0.21611273 0.81197345
-0.2488192 0.9675919 0.0238107 -0.2647927 -0.29546094 0.19233409 -0.19050093 -0.053115282 1.0487589
0.39084473 0.23262574 -0.14107276 0.34540796 0.1852638 -0.8655131 -0.51938325 -0.33265367 1.3985647
-0.5563772 0.061773088 -0.6508393 -0.85626435 2.9916315 -0.20983133 0.11498358 -0.6493004 0.0
