-0.8484445 -0.3985305 -0.4599982 2.5504508 -0.78837025 -0.47044724 -0.74272233 1.4144042 0.0
-1.2119293 -1.0926344 0.8198083 0.5292334 -1.1389017 -1.5777913 -0.16592747 3.9908662 0.0
-0.0088199545 -0.37959588 -0.20747055 0.3454251 0.24019907 -0.28330836 0.34261146 -0.28080374 1.0192183
-0.52639943 0.08542106 -0.33046165 -0.38408348 -0.16303508 -0.58334696 -0.39875236 1.5833496 1.3378837
-0.5505206 -0.5173173 0.16849266 -0.36619225 0.3209671 0.15420109 -0.0669955 -0.20785713 1.6291094
-0.3425302 -1.4620957 1.9858739 0.9533417 -0.8451099 -1.3803155 0.6829515 2.0291538 0.0
-0.56406385 -0.6453631 -0.3813568 -0.75560576 -0.010793124 -0.24154073 0.016365964 -0.18066545 2.5541658
-0.40625662 -0.1706605 -0.22609115 -0.6602219 -0.36501065 -0.1474339 -0.530364 -0.44888672 2.6376653
-0.3876364 -0.5698008 -0.08740258 -0.5545257 -0.35232973 -0.6416143 -0.45164666 0.073909454 2.727454
-0.7219101 -0.90005064 -0.18345353 0.13261183 -0.24104872 -0.7814702 -0.15456203 3.364959 0.0
-0.31475052 -0.4564184 -0.69048077 -0.2625442 -0.058816694 -0.48682314 -0.1912957 -0.035117377 2.320483
-0.47229704 -0.38331303 -0.72894365 -0.48412913 -0.17626841 -0.17959538 -0.20695765 -0.30370352 2.6745598
-0.4601099 -0.6598754 -0.36508384 -0.42413613 -0.33020514 -0.20741144 -0.05457203 -0.08615235 2.2663672
-0.93784994 -1.1438775 -0.2373662 0.71036977 -0.87858444 -0.2888686 -0.69229484 3.3411765 0.0
-0.6982045 -0.5466298 -0.23697492 -0.39834028 0.07660905 -0.45185766 -0.098136164 -0.10907318 2.5013077
-0.55273867 -0.57865715 -0.53969806 -0.38556504 -0.38504913 -0.26739442 -0.23314254 -0.17981115 2.7028468
-0.5530537 -0.57642716 -0.40411785 -0.37447625 -0.2920533 -0.22874191 -0.46590343 -0.36129957 2.6384776
-0.73436725 -0.67718774 -0.42557067 0.04424153 -0.6946758 -0.87001044 1.2644928 2.8240077 0.0
-0.20019148 -0.79887706 -0.50184435 -0.24009523 -0.1019307 -0.17723876 -0.13928771 -0.20719321 2.3329418
-0.5749493 -0.708096 -0.46252543 -0.33272722 -0.13426697 -0.21051918 -0.44105676 0.030006662 2.5547097
-0.58725005 -0.4172705 -0.4637044 -0.105149895 -0.24879932 -0.5456353 0.1279071 0.018486952 2.2764564
-0.5179535 0.51636225 -0.6980439 -1.140954 2.5218208 0.040935565 -0.2476686 -0.77544314 0.0
