-0.9142976 -1.4832517 -1.008872 4.432998 -0.88890845 -1.1223649 -0.8258924 1.6870704 0.0
-1.7279263 -1.1947359 -0.16762812 -0.45902547 -1.3241416 -1.260313 -0.38650966 6.069823 0.0
-0.24195932 0.68122447 -0.1046142 -0.111056805 -0.37503153 -0.41062054 -0.2885377 0.2419872 1.7158365
-0.7934704 -1.0314329 -1.1518857 -0.67885756 -0.49233282 0.3415135 -1.0569352 3.6016424 -0.40151817
-0.21812381 -0.74652356 0.2595011 -0.49614146 0.10834553 -0.5551003 0.1174023 0.27464148 1.9070301
-1.2943293 -1.6159595 0.7155093 -0.46599022 -0.98502433 -1.7602789 -0.45692247 5.218778 0.0
-0.34536418 -0.6463268 -0.9205442 0.21086629 -0.48320177 -0.43356958 -0.7160994 0.16686116 3.1397498
-0.18996567 -0.013149997 -0.47025004 -0.21237423 0.17419967 0.04820094 0.041127384 -0.24041547 2.2130027
0.5218953 -0.065620355 -1.3171502 -0.80856436 0.0147698345 0.9259383 -0.7505106 -0.052565992 2.1687949
-0.8833085 -1.2984903 -0.65655243 -0.6229838 -0.6686972 -1.1041455 -0.50411165 4.4501634 0.0
0.07783932 -0.44299263 -0.30783695 0.020149456 -0.09557318 -0.3660499 0.2145001 0.23084183 1.6492615
-0.24581616 0.7257415 -0.2560689 0.04040558 0.21902527 -0.48019052 -0.07087502 -0.32944104 1.4143516
-0.3198662 -0.6534688 -0.5237612 -0.48625714 -0.07121739 0.07446746 -0.24511814 -0.23506725 2.581077
-0.55922234 -0.8446768 -0.43625137 -0.20097871 -1.9126104 -0.21627156 -1.0395626 4.304477 0.0
-0.37776706 -0.56515163 0.30536106 -0.31003022 0.16731434 -0.4955205 0.06299427 -0.023085294 1.9147763
-0.430246 0.70110124 -0.66793936 -0.3413092 0.5461236 -0.46835586 -0.36596614 -0.53437763 2.5071242
0.11555037 -0.45287788 0.4958234 -0.030868758 -0.21073282 -0.19149019 0.028825592 0.018925097 1.5251676
-1.2091762 -0.8485478 -0.9291043 0.2647117 -0.59036684 -1.0445403 1.4228106 3.7202015 0.0
-0.33441296 -0.64139295 0.011216844 0.6434222 -0.084993914 0.18628584 0.004369393 0.21855645 0.8294619
-0.039277352 0.93571043 0.027560446 -0.36925897 -0.35850123 0.2121083 -0.21268278 -0.062341712 1.2903277
0.4149916 0.31346855 -0.15955497 0.36141753 0.19137202 -0.937805 -0.5415378 -0.34476244 1.4273088
-0.5613469 0.06220669 -0.6659727 -0.89370084 2.9889507 -0.113675356 0.11637326 -0.6809888 0.0
