-0.9154684 -1.487383 -1.0352169 4.1940384 -0.9054032 -1.1235169 -0.8690357 1.9269646 0.0
-1.739435 -1.229193 -0.16808403 -0.46118072 -1.3632318 -1.3132247 -0.40768299 6.0831823 0.0
-0.24660347 0.6882983 -0.10649386 -0.113368906 -0.12433724 -0.4147606 -0.29405764 -0.15291362 1.8583552
-0.80924577 -1.0357857 -1.1550651 -0.68270886 -0.54769653 0.3456414 -1.0705731 3.623776 -0.40302718
-0.22304553 -0.76356107 0.26459688 -0.5111289 0.11425741 -0.5695528 0.11923664 0.2716112 1.9212469
-1.3225316 -1.6669484 0.6481784 -0.47642285 -1.0214541 -1.7703604 -0.47984773 5.2696795 0.0
-0.36285907 -0.6564122 -0.9168996 0.1940462 -0.49858513 -0.44503057 -0.7305332 0.22620317 3.1405451
-0.19650853 -0.013203758 -0.47764066 -0.21185818 0.17686132 0.050016973 0.04218373 -0.241388 2.230699
0.5475965 -0.00029125335 -1.0532451 -0.81360406 0.03172773 1.002482 -0.7634224 -0.11385477 1.9760088
-0.9050043 -1.3010192 -0.65904206 -0.63429487 -0.67963415 -1.1066337 -0.508217 4.456525 0.0
0.08468661 -0.25226456 -0.310079 0.02056679 -0.097543456 -0.37325796 0.21774861 0.20650887 1.5933772
-0.2548762 0.5067152 -0.26078987 0.041042008 0.22263639 -0.47839597 -0.071709536 -0.34070942 1.5593281
-0.33742172 -0.70940727 -0.5322406 -0.4917173 -0.07348151 0.08905202 -0.25217956 -0.23989089 2.6095073
-0.5611613 -0.8544083 -0.4394499 -0.20354629 -1.9193838 -0.21758315 -1.0466613 4.313216 0.0
-0.38571292 -0.5977567 0.3101907 -0.31892195 0.17187937 -0.51072365 0.063791044 -0.02382626 1.9489107
-0.448771 0.68446225 -0.6730588 -0.31360307 0.37770343 -0.5011004 -0.37709737 -0.5591887 2.6057322
-0.05114188 -0.4653749 0.47378683 -0.0336806 -0.21137671 -0.16431996 0.029056085 0.019768978 1.57271
-1.2188895 -0.8716918 -0.9416214 0.26602647 -0.5989997 -1.1135976 1.4274358 3.733434 0.0
-0.15704504 -0.6669432 0.011588891 0.5610718 -0.08882651 0.1943135 0.02338749 0.21555108 0.8404463
-0.028105397 1.1434898 0.01525868 -0.38496646 -0.54691434 0.21943659 -0.21941306 -0.33453226 1.3205771
0.42216152 0.32224807 -0.22433892 0.36570057 0.16159315 -0.9593089 -0.79113096 -0.063823245 1.4626175
-0.56285006 0.06264601 -0.6714625 -0.9041761 2.9931703 -0.11471683 0.11615955 -0.6902272 0.0
