-0.91321427 -1.4794344 -0.98506176 4.4695764 -0.87389404 -1.1212989 -0.787831 1.6487793 0.0
-1.7173318 -1.1636741 -0.1672068 -0.4570377 -1.288926 -1.2131959 -0.36787194 6.0574718 0.0
-0.2520318 0.67704993 -0.102901265 -0.108917594 -0.3779337 -0.40659502 -0.2777305 0.24297167 1.7117071
-0.76279646 -1.0274165 -1.148948 -0.67530227 -0.4897498 0.33773404 -1.3326449 3.6902697 -0.40012518
-0.21362773 -0.7335835 0.2575156 -0.48260146 0.08745565 -0.5389685 0.11536262 0.3803329 1.8092164
-1.268737 -1.5701147 0.7173713 -0.45652798 -0.95243144 -1.7509902 -0.43667608 5.190887 0.0
-0.3299232 -0.63947165 -0.9139425 0.12827477 -0.46932444 -0.41469437 -0.7029806 0.1601916 3.1591563
-0.18409762 -0.01309939 -0.46350467 -0.2068693 0.17187174 0.010101857 0.04017737 -0.24286865 2.211164
0.53217477 -0.06548538 -1.3124919 -0.8039714 0.014984305 0.92222095 -0.7365897 -0.051482063 2.1557114
-0.8636711 -1.2905219 -0.6580699 -0.6126839 -0.6587209 -1.101765 -0.5003378 4.4445076 0.0
0.04588536 -0.73905945 -0.3057767 0.034687422 -0.09043471 -0.35948893 0.21010338 0.25024202 1.9208714
-0.24448992 0.41135857 -0.0014776827 0.039791137 0.21411826 -0.46939102 -0.07015572 -0.3195466 1.5511304
-0.322492 -0.49023622 -0.5160532 -0.48123896 -0.0691324 0.07299158 -0.23776469 -0.2482067 2.5196187
-0.5575028 -0.83575946 -0.43330872 -0.19862872 -1.9063566 -0.21504864 -1.0330287 4.296432 0.0
-0.3704945 -0.53652817 0.3007604 -0.30210418 0.16312511 -0.4818579 0.062187746 -0.022187205 1.8839493
-0.41490212 0.6806298 -0.66319156 -0.32070172 0.6200806 -0.43811494 -0.35599607 -0.51281524 2.4564004
0.10163779 -0.44159663 0.49043033 -0.030155372 -0.20767799 -0.1893136 0.028602187 0.018192725 1.5173893
-1.1977875 -0.8276528 -0.9176553 0.27242225 -0.58247954 -0.9843875 1.4180434 3.7007635 0.0
-0.33340478 -0.6183918 0.010950458 0.6416239 -0.0818983 0.17948271 0.0042619435 0.21770664 0.82481223
-0.038330223 0.92394876 0.02674966 -0.28146884 -0.3570053 0.20568939 -0.20663093 -0.059426486 1.272923
0.40849656 0.24962446 -0.15433668 0.35711637 0.18977231 -0.91830045 -0.52986556 -0.3319966 1.4177974
-0.55995774 0.062092733 -0.6609248 -0.88410395 2.9853535 -0.11451146 0.11601114 -0.6725397 0.0
