-0.8976336 -1.4251187 -0.6963405 4.3795915 -0.68237686 -1.1059384 -0.3968902 1.7027053 0.0
-1.5706565 -0.7937733 -0.16120963 -0.42913252 -0.8714702 -0.69767606 -0.1793143 5.881021 0.0
0.20552243 0.28871506 -0.37952262 -0.30343175 -0.40047526 -0.3524079 -0.21896355 0.36947966 2.0703604
-0.43012446 -0.9708452 -1.1071395 -0.62573975 -0.4555428 0.5784738 -1.2488337 3.5263395 -0.38044098
-0.15804054 -0.59656805 0.19520912 -0.32278907 0.0676111 -0.35026938 0.089444816 0.3568959 1.6890808
-0.9493761 -1.0339733 0.58048284 -0.33889163 -0.58421016 -1.6215404 -0.2259558 4.854994 0.0
-0.18422937 -0.51573277 -0.822274 0.10496476 -0.30730796 -0.21702349 -0.33587712 0.08975748 2.7107716
-0.116688825 -0.012386199 -0.37578127 -0.32486805 0.14158022 0.0039729713 0.02893543 -0.5315014 2.523813
0.3875057 -0.5749381 -1.1688445 -0.7940489 -0.070751116 1.0950031 -0.5561746 -0.036212128 2.1585252
-0.62307477 -1.1801902 -0.6254304 -0.4809398 -0.5295475 -1.067786 -0.44862986 4.3371286 0.0
0.03577739 -0.66196793 -0.06389234 0.08356664 -0.043931827 -0.2765163 0.04794487 0.24490759 1.6390892
-0.22487657 0.42495024 -0.4287643 0.015593642 0.4905388 -0.33722952 -0.37099123 -0.004778272 1.3749083
-0.1592457 -0.34335756 -0.41607988 -0.4139386 -0.04488621 0.054603744 -0.13963401 -0.20255156 2.2573228
-0.6670549 -0.7179355 -0.39275804 -0.16744475 -1.817849 -0.19802791 -0.9426717 4.270106 0.0
-0.00034457826 -0.2519875 0.236516 -0.0487747 0.4488163 -0.32655072 0.051556844 -0.25143355 1.1500721
-0.24476384 0.42797577 -0.59794617 -0.1250196 0.8384169 -0.16770886 -0.23832248 -0.2551591 2.0208852
0.065443285 -0.30610898 0.4197037 -0.029126924 -0.16429102 -0.15988547 -0.26473525 0.27167523 1.5238634
-1.04369 -0.5762009 -0.76646763 -0.0010233176 -0.4791369 -0.4158671 1.0934435 4.004846 0.0
-0.21211123 -0.3653348 -0.07170057 0.6099302 -0.04817774 -0.027350847 -0.005289953 0.21013752 0.75707483
-0.19651702 0.9424672 0.017154027 -0.17211102 -0.29524276 0.13282143 -0.13584827 -0.03357261 0.9169196
0.3968317 0.16535261 0.13720988 0.45473623 0.15183046 -0.67671347 -0.47802627 -0.3250326 1.0172415
-0.5404869 0.060497425 -0.595401 -0.7546176 2.9288313 -0.19163086 0.11081158 -0.43461958 0.0
