-0.6204888 -1.2522821 -1.1298755 3.5805995 -1.0631114 -0.8710959 -1.1037903 1.8069408 0.0
-1.574241 -1.3853952 0.13697538 -0.4703613 -1.5407572 -1.5613106 -0.5233192 5.8431616 0.0
-0.125892 0.34028685 -0.072728656 -0.37216824 0.09643595 -0.3266018 -0.22087225 -0.7053153 2.2120328
-0.95008135 -0.7821986 -1.0838739 -0.68744594 -0.944131 0.37558958 -0.9265782 3.4793468 -0.3091347
-0.6594823 -0.84133506 0.39056164 -0.5986982 0.088282 -0.41900092 -0.20234315 -0.11731021 2.4347618
-1.4480788 -1.8931872 0.69325227 -0.52293223 -1.19007 -1.8134092 -0.56654406 5.378766 0.0
-0.4624127 -1.006933 -0.41912934 0.2582747 -0.6252943 -0.5509898 -0.53965265 0.37650192 2.8379326
-0.5780984 0.32357827 -0.56849146 -0.51643676 0.58223593 -0.04152476 -0.05654453 -0.5584057 2.2737398
0.3646107 -0.15574919 -0.98506945 -1.1820364 0.63442636 1.1822966 -0.8399459 -0.5022829 2.308891
-0.9978377 -0.7944098 -0.6732439 -0.6841765 -0.7267221 -0.78776807 -0.5025329 4.0865035 0.0
0.01678445 -0.28056958 0.21201219 0.2906773 -0.06975841 -0.68092793 -0.061213065 -0.15394677 1.5421104
-0.57786226 0.3760719 -0.521006 -0.36099207 0.31685498 -0.13606706 0.11234727 -0.32684347 1.8158487
-0.4091421 -0.507472 -0.30502057 -0.32000256 0.24258873 0.12456669 -0.40985525 -0.37309724 2.1767771
-0.37882116 -0.9336868 -0.3476673 0.0808282 -1.694711 -0.27685356 -1.4009303 4.037952 0.0
-0.5118474 -0.70743567 0.054189134 -0.41341877 0.118827656 -0.6818145 0.4011101 0.25904807 2.1382763
-0.2557498 0.52487636 -0.21642742 -0.3060572 0.23301554 -0.6683197 -0.2440014 -0.4252754 2.1756654
-0.27628535 -0.24007127 0.14890958 -0.42464513 0.0011709909 -0.36349 -0.030749762 -0.06615768 2.0429196
-1.2679443 -0.99164456 -0.7218211 0.010672258 -0.888553 -1.4579349 2.001025 3.4413369 0.0
-0.53653693 -0.61256 0.11733256 -0.18354397 0.27342066 0.033429977 0.09372927 0.014352597 1.5325707
-0.09761237 0.38747936 -0.4626724 -0.46865815 -0.10794748 0.1838944 0.2116444 -0.5015306 1.6529393
0.47108424 0.07921924 -0.22970621 0.30879906 0.08807781 -0.99558717 -0.90928376 0.1828132 1.6569115
-0.10234941 0.46024594 -0.6933248 -1.2340292 2.398514 -0.1502136 0.40696314 -0.61764747 0.0
