-0.50029063 -1.1757274 -0.9576727 3.1065087 -1.4227024 -1.1113282 -0.91514826 1.9913259 0.0
-1.44366 -1.2090302 0.24737094 0.117442206 -1.1167744 -1.5951579 -0.20653309 4.6896834 0.0
-0.44415808 0.35133684 -0.30775008 -0.021495612 0.5904108 -0.22046855 0.20306607 -0.81572413 1.188484
-0.8350849 -0.19066998 -0.96721756 -0.32270244 -0.7442752 -0.4105774 -0.055721167 2.4609225 0.7944122
-0.7346539 -0.49282524 0.121126145 -0.3774578 0.29788047 -0.36449096 -0.114158176 0.023684716 1.8553231
-1.0398036 -1.4742526 0.9244955 0.066961266 -1.066423 -1.5333799 -0.33889118 4.2390456 0.0
-0.34634987 -0.8142988 -0.2879921 -0.36954916 0.028843151 -0.6571917 0.46525332 -0.3937041 2.4057515
-0.35322392 -0.04996576 -0.21786693 -0.80353826 -0.6395027 0.21682915 -0.19981186 -0.04011669 2.3701346
-0.13326713 -0.34189495 -0.26634362 -0.16028643 -0.21379714 -0.16886814 -0.6871087 -0.030476127 2.3266997
-1.407825 -0.7847617 -0.73455256 0.089534484 0.34039938 -1.2027167 -0.3068812 3.748219 0.0
-0.3722 -0.6312633 -0.7117055 -0.062508 -0.24953681 -0.26833436 -0.17410117 0.08425901 2.3368225
-0.088776425 -0.12446293 -0.28285345 -0.30551708 -0.22108386 -0.22437997 -0.2501195 0.16451113 1.9862144
-0.45352554 -0.5057579 -0.28189582 -0.45226622 0.14965504 -0.14609137 -0.23282564 -0.27866185 2.300558
-0.9397029 -1.1207471 -0.25247315 0.097230695 -1.1004554 -0.41435313 -1.0966744 4.058055 0.0
-0.2876273 -0.7602485 -0.5271432 0.41565743 0.040368963 -0.4343373 -0.28637955 -0.29894698 2.3741875
-0.5611445 -0.39457238 -0.043695338 -0.50512475 -0.52990776 -0.12931907 -0.45069754 -0.2269462 2.7114153
-0.3951441 -0.2181975 -0.44052505 -0.20169646 -0.32923564 -0.6045163 0.120197915 -0.31888485 2.4113357
-0.8278212 -1.0560913 -0.9869419 -0.31973493 -0.64815205 -1.2650385 1.1569278 3.5936813 0.0
-0.25774717 -0.45162016 -0.33611044 -0.15946469 -0.13786133 -0.34542254 -0.38993958 -0.3567249 2.3806689
0.17549288 -0.32045984 -0.738926 -0.7428096 -0.3535253 -0.2059755 0.005796602 -0.15774164 2.4139202
-0.12933649 -0.57487446 -0.45427242 -0.17122774 0.17400755 -0.3785299 -0.5241768 -0.15565513 2.3828201
-0.5934358 0.3722597 -0.83793944 -0.98763776 2.4862468 0.24186912 0.014168472 -0.60651016 0.0
