-0.8846647 -1.3807399 -0.5191393 4.358378 -0.5534632 -1.0931114 -0.22193186 1.6946113 0.0
-1.4564111 -0.5741872 -0.15630543 -0.40686247 -0.6257176 -0.43669587 -0.097467884 5.7358365 0.0
0.19583556 0.2873128 -0.36151317 -0.26329044 -0.3654429 -0.3122328 -0.17930655 0.34604725 2.060332
-0.26468408 -0.92543435 -1.0729691 -0.58666414 -0.42847818 0.54713666 -1.1808066 3.7809603 -0.6776633
-0.12232093 -0.5008033 0.16267727 -0.22959183 0.055534244 -0.24313152 0.07211001 0.3336975 1.5934958
-0.74277997 -0.72611785 0.48524156 -0.2633223 -0.38616693 -1.5195454 -0.12922896 4.5880785 0.0
-0.10499787 -0.43237522 -0.75192255 0.0886 -0.2146856 -0.12532195 -0.31901255 0.05539857 2.5925548
-0.07929188 -0.011813439 -0.31463668 -0.29269415 0.12000237 0.0026155945 0.021704545 -0.52492493 2.4918416
0.29619542 -0.544221 -1.0806175 -0.7412672 -0.061301522 1.0359857 -0.27553448 -0.027716829 2.0027192
-0.47258168 -1.0942566 -0.59907734 -0.3918185 -0.4402186 -1.0398675 -0.40907547 4.2483416 0.0
0.03116272 -0.6266743 -0.06069158 0.064054206 0.2811531 -0.22142933 0.040833917 0.22587188 1.3578998
-0.20954144 0.40338218 -0.42063972 0.010641745 0.48557907 -0.2548677 -0.36661327 -0.003703309 1.3311465
-0.08654257 -0.25856707 -0.34676185 -0.36415932 -0.031133434 0.04270596 -0.09603638 -0.16505794 2.0595396
-0.64401156 -0.63017184 -0.3614293 -0.14491081 -1.7462062 -0.18468525 -0.87243336 4.1766233 0.0
-0.0003425537 -0.13273008 0.19629265 -0.03730662 0.42573935 -0.23149708 0.043992225 -0.18665648 1.1433575
-0.15648805 0.29733548 -0.5477853 -0.05625593 0.78341544 -0.07353382 -0.16963774 -0.17776023 1.9532136
0.04508403 -0.22442864 0.36717227 -0.02280078 -0.13720807 -0.13858402 -0.25875905 0.2654632 1.4174095
-0.9289032 -0.42403027 -0.6581591 -0.0009952177 -0.4061356 -0.20025785 1.084518 3.972964 0.0
-0.18871824 -0.23394959 -0.054297347 0.5779953 -0.019038746 -0.0184406 -0.003989531 0.20033184 0.7046927
-0.15298901 0.8982845 0.011695573 -0.12504159 -0.27890164 0.09014403 -0.095217705 -0.02064781 0.8077665
0.334791 0.12484737 0.11798145 0.4536178 0.13363118 -0.5226182 -0.43815276 -0.29690155 1.01474
-0.5242946 0.05915169 -0.54228 -0.6608799 2.8827066 -0.17409232 0.10659607 -0.38029954 0.0
