-0.64614415 -1.2879075 -1.1475062 3.6605062 -1.1904414 -0.8878652 -1.138305 1.7752779 0.0
-1.5835682 -1.4094921 0.1389696 -0.4716909 -1.5680033 -1.6004877 -0.54040784 5.857337 0.0
-0.0032032358 0.42119977 -0.29447684 -0.29608953 0.20995198 -0.29855978 -0.24277732 -0.7138398 2.138214
-0.9937234 -0.5603508 -0.92030936 -0.68764263 -0.7491712 0.3790179 -0.936213 3.1126473 -0.10387092
-0.67277926 -0.82347316 0.45965773 -0.6131403 0.09282653 -0.4194021 -0.19373427 0.09797627 2.2734723
-1.4637883 -1.9289749 0.5210443 -0.52994037 -1.21639 -1.8196604 -0.5168746 5.442886 0.0
-0.4914357 -1.059839 -0.4159397 0.004330527 -0.37147784 -0.6749874 -0.5474829 0.31997222 2.973302
-0.5911407 0.102359645 -0.38395277 -0.5284914 0.5274156 -0.1145367 0.015169625 -0.5772287 2.3136673
0.31491655 -0.161415 -0.8364725 -1.0052426 0.60504913 0.9982572 -0.8560463 -0.520492 2.2730272
-1.0124627 -0.8175913 -0.6747776 -0.69163245 -0.72528964 -0.7898702 -0.5049655 4.091499 0.0
0.023451129 -0.26175597 0.23669258 0.25708088 0.001363692 -0.6385041 -0.19535488 -0.31648993 1.6570457
-0.5697132 0.34482285 -0.57538855 -0.3721673 0.32724082 -0.101259455 0.08162101 -0.32037878 1.881365
-0.38306624 -0.5212242 -0.31186163 -0.31176454 0.10548243 -0.062503584 -0.42936316 -0.17944437 2.2424095
-0.36398745 -0.94011366 -0.37308 0.0066691437 -1.3632923 -0.15512598 -1.4243814 3.9336393 0.0
-0.582415 -0.73179555 0.07008896 -0.42063445 0.3248067 -0.8949599 0.4206476 0.19779329 2.2323837
-0.24040177 0.6026082 -0.29201862 -0.35179302 0.34262747 -0.69851136 -0.26770383 -0.555984 2.2508054
-0.29399678 -0.24165891 0.25385183 -0.30864784 -0.0106321825 -0.36751184 -0.1578715 -0.078647524 1.9913921
-1.2656313 -1.007752 -0.73762804 0.019289318 -0.90061027 -1.5156345 1.816752 3.6171858 0.0
-0.55856234 -0.47854996 0.1362003 -0.23144327 0.127744 -0.13238515 0.12372437 -0.08631938 1.6289473
-0.14844306 0.42417276 -0.2598098 -0.48666564 -0.06895496 -0.038123287 0.35094377 -0.509421 1.602549
0.2505291 0.07540365 -0.07646066 0.1627436 -0.030162709 -0.90621555 -0.63459516 0.1490891 1.6095997
-0.015815206 0.5351712 -0.8985113 -1.3259898 2.435685 -0.18140493 0.4155505 -0.6194696 0.0
