0.07610996 -0.5258343 -0.14025486 1.7118368 -0.1367394 0.08099701 0.010553064 0.93462175 0.0
-0.55693984 -0.14997567 1.5582649 1.1968281 -0.47501656 -1.2688706 0.807696 2.0047402 0.0
-0.17447253 -0.15761304 -0.13811126 0.20957448 0.32444257 -0.18304892 0.15951703 0.17498769 1.1980785
-0.283651 -0.13148251 -0.5994105 0.19344987 0.2307202 -0.41710985 0.082260504 0.88414276 1.5327693
-0.52119875 -0.21008846 0.44067508 -0.21450078 0.4356981 0.14069174 0.12775138 0.19319092 1.1789943
0.23439887 -0.8348433 1.4594235 1.0194407 -0.1356137 -0.61095756 0.90731627 1.5038211 0.0
-0.66687196 -0.0001628112 -0.27055192 -0.5554352 0.08791805 -0.16768982 -0.10200673 0.26573765 1.9489554
-0.45640165 -0.071884274 -0.3099128 -0.1869775 -0.5113056 0.19984965 -0.24602373 0.07519074 1.915267
-0.05079397 -0.05879728 -0.49778175 0.104184896 -0.17225027 -0.38478628 -0.28675815 0.25396633 1.8006562
-0.039871663 -0.5521 0.25703695 0.5658172 0.38808367 -0.21163933 0.5619519 1.8742275 0.0
-0.08208695 -0.49533054 -0.4252736 -0.100391455 -0.18998732 -0.5707803 0.072091 0.26646864 1.8010619
-0.53370893 -0.47115397 -0.38451353 -0.10667106 0.33122718 -0.01773739 0.058340114 -0.2709886 1.9802706
-0.34880796 -0.9325289 -0.11668046 -0.55561405 0.29375958 -0.027931914 -0.07821757 0.26651704 1.5624857
-0.6553299 -0.71519625 0.4511999 0.90908474 -0.2470808 0.51781446 -0.24171628 1.8537995 0.0
-0.45085436 -0.5207257 -0.19964129 -0.069182985 0.29465538 -0.4642239 0.13831078 -0.16729671 2.2550814
-0.44365597 -0.6025204 -0.38186654 -0.46190214 -0.17254664 -0.21367778 -0.18459697 0.122269504 2.2216048
-0.5274794 -0.2893016 -0.38900575 -0.32539758 -0.3802683 -0.4208671 -0.24831942 -0.049489737 2.1067312
-0.37217462 -0.26783597 -0.19531532 0.57069093 -0.15279512 -0.111866646 1.4155393 1.3934159 0.0
-0.17228663 -0.6770373 -0.6594508 -0.24478532 -0.4233127 -0.21514978 -0.1547675 0.22554795 2.23452
-0.53210545 -0.79661274 -0.22999379 -0.113239825 -0.38435718 -0.28949973 -0.21803015 0.47947675 1.9808547
-0.5382163 -0.5109575 -0.54849726 -0.36114475 -0.309492 -0.39919588 0.07315883 0.63804287 2.1196551
0.22454919 0.9173853 0.06323286 -0.2502016 0.8595706 0.67354065 0.38456365 0.007297904 0.0
