5.7156982 -0.91633314 -0.7070609 -0.66499805 -0.9604827 -0.80433106 -0.56195307 -0.9468147 0.0
-0.7894882 -1.0502301 -1.024532 -0.7001725 5.9077377 -0.9215838 -0.94322926 -0.88398826 0.0
-0.7498772 -0.33734086 -0.60505795 -0.6378822 -0.3935271 -0.70176184 -0.61275744 -0.7913312 4.9443574
-0.6114986 -0.34164292 -0.39878505 -0.7598556 -0.63076574 -0.6095129 -0.62087077 -0.7046799 4.7795177
-0.4186579 -0.5950768 -0.33710444 -0.55332965 -0.52991843 -0.47562528 -0.6278978 -1.1797067 4.852257
-0.9017006 -1.0106966 -0.77898514 -0.5083892 5.5599475 -0.87903595 -0.96588796 -1.037104 0.0
-0.41003916 -0.87540764 -0.6515334 -0.7886831 -0.27178138 -0.4657098 -0.73627675 -0.71818686 4.7922163
-0.5569359 -0.45826653 -0.5135814 -0.4489058 -0.4258562 -0.6136137 -0.6229765 -0.50036573 4.3556924
-0.7378114 -0.33965367 -0.7262835 -0.49406633 -0.53176785 -0.7780283 -0.5019273 -0.53215945 4.7231226
5.7299953 -0.9551649 -0.8528823 -0.9875101 -0.64819586 -0.95760727 -1.3428913 -1.068074 0.0
-0.6060869 -0.39969933 -0.31862727 -0.78637195 -0.38583347 -0.47092876 -0.47233334 -0.6616737 4.581833
-0.5781637 -0.72533774 -0.66211724 -0.61790687 -0.45959377 -0.6941107 -0.35831946 -0.6412397 4.8257756
-0.48152393 -0.4782918 -0.66812587 -0.7495722 -0.48256624 -0.49685273 -0.46511275 -0.7882199 4.80033
-0.7962518 5.078185 -0.44768646 -0.9044509 -0.81351715 -1.0060409 -0.66255707 -1.2050393 0.0
-0.7149157 -0.763927 -0.62412506 -0.8743458 -0.2048024 -0.7661384 -0.57666767 -0.50203407 4.9377556
-0.5176829 -0.4685442 -0.4981119 -0.6881914 -0.39886177 -0.98908406 -0.624797 -0.6111019 4.9311824
-0.850576 -0.5525816 -0.53530717 -0.6651564 -0.38337153 -0.5931803 -0.6169545 -0.8594049 4.999218
5.1417127 -1.0723269 -0.7790222 -0.73307526 -0.5708032 -0.745064 -0.5856938 -0.87863755 0.0
-0.31414926 -0.47937202 -0.49680433 -0.9463345 -0.62981594 -0.3940175 -0.40936333 -0.74754506 4.74196
-0.584742 -0.6234501 -0.7376542 -0.80299205 -0.50792366 -0.39219806 -0.5840074 -0.8398839 4.9842434
-0.534934 -0.8650562 -0.5451865 -0.8717102 -0.29069695 -0.8574356 -0.664404 -0.6567789 5.125502
-0.8382232 -0.469412 -0.47685915 -1.0896616 4.942803 -0.3394327 -0.62801087 -0.7107399 0.0
