5.6714797 -0.86831295 -0.49932536 -0.87070435 -0.7423948 -0.73006886 -0.75593084 -1.032223 0.0
-0.8630602 -0.7409442 -0.7146556 -0.61225903 5.483163 -0.82124764 -0.89032763 -0.7068917 0.0
-0.66582 -0.4975694 -0.40538147 -0.751866 -0.43125385 -0.88110554 -0.59521335 -0.71488345 4.942587
-0.4671075 -0.59134364 -0.48888394 -0.7894192 -0.48734695 -0.65638644 -0.7479384 -0.8046076 4.894192
-0.6284709 -0.2917052 -0.36128417 -0.6530118 -0.6665841 -0.42916238 -0.4184993 -0.8682441 4.7322135
-0.48741904 -0.7702311 -0.62765676 -0.86781806 5.161545 -0.88859063 -0.8363573 -1.234001 0.0
-0.21589151 -0.70508873 -0.768037 -0.6455598 -0.33975092 -0.6267165 -0.5797259 -0.7311019 4.6496887
-0.65625095 -0.26525062 -0.7172483 -0.51904047 -0.51969886 -0.6014755 -0.6969976 -0.6148162 4.5281534
-0.58284056 -0.68028903 -0.50514466 -0.63584286 -0.7250034 -0.46450207 -0.4364577 -0.49631318 4.5963316
5.2018824 -1.0277311 -0.8239275 -0.8394711 -0.5166301 -0.9029122 -0.8808584 -0.91445965 0.0
-0.6003712 -0.6806394 -0.7100834 -0.54731643 -0.6030004 -0.65177256 -0.46114594 -0.89156276 4.9683213
-0.7029404 -0.68252987 -0.3362227 -0.6209234 -0.6562026 -0.6104975 -0.4795854 -0.6388072 4.850585
-0.5938096 -0.40200192 -0.7484162 -0.7676146 -0.4583931 -0.4023557 -0.66925466 -0.7289699 4.903479
-0.63959527 4.498526 -0.36788365 -0.6869209 -0.84113216 -0.73109007 -0.45575455 -0.98298156 0.0
-0.7197193 -0.69036067 -0.7079729 -0.6705929 -0.46290585 -0.49819553 -0.38266245 -0.63120973 4.8146424
-0.5969647 -0.6512258 -0.32386556 -0.70830363 -0.79869413 -0.6674388 -0.7863029 -0.5757766 4.9909186
-0.78243995 -0.6085296 -0.8117451 -0.4769005 -0.5100034 -0.59770805 -0.5062701 -0.5469236 4.912085
5.073312 -1.0935518 -0.7785995 -0.7971157 -0.42012617 -0.8344657 -0.67706174 -0.83607787 0.0
-0.40956965 -0.63628143 -0.4799196 -0.67912924 -0.42594644 -0.39670005 -0.6173198 -1.0093912 4.8831005
-0.46558112 -0.5624652 -0.8017654 -0.8177564 -0.42968172 -0.5965322 -0.41983357 -0.7626404 4.870398
-0.64359725 -0.49787855 -0.56400234 -0.82251114 -0.56922954 -0.50470304 -0.500877 -0.86786526 5.0169954
-0.76548994 -0.4928483 -0.7040619 -0.8547825 5.147554 -0.82183784 -0.72092444 -1.0199587 0.0
