5.2459216 -0.63513535 -0.766354 -0.47580975 -0.31822366 -0.994411 -0.32242003 -0.7840339 0.0
-0.7547281 -0.73756945 -0.99476194 -0.8362302 5.8434014 -0.5920717 -0.8626835 -0.5255584 0.0
-0.51104593 -0.59623814 -0.6871973 -0.40070266 -0.30596563 -0.35619026 -0.6485371 -0.93854654 4.9202433
-0.24551979 -0.22502936 -0.42514232 -0.6785288 -0.59619516 -0.021125147 -0.71596026 -0.88036215 4.5946183
-0.5870654 -0.52291924 -0.6225071 -0.4330919 -0.47728112 -0.4762371 -0.99427795 -0.592719 4.936114
-0.6291667 -1.2155653 -0.6330813 -0.64732206 5.607629 -0.80755186 -0.89032793 -0.57509816 0.0
-0.031716794 -0.8130778 -0.8812359 -0.5036237 -0.060670707 -0.6848076 -0.47099656 -1.0543762 4.6760697
-0.82355803 0.068579584 -0.7346072 -0.3524021 -0.06973247 -0.5330896 -0.60416937 -0.6697036 4.442689
-0.44285685 -0.86192447 -0.6960695 -0.1325114 -0.6252287 -0.50472784 -0.2543766 -0.7699188 4.9247704
5.5288854 -0.83327496 -0.41054413 -0.4107195 -1.0222623 -0.90346485 -0.9105794 -0.27683625 0.0
-0.44079593 -0.50106436 0.15373874 -0.81025004 -0.59503084 -0.5982785 -0.36586303 -0.5428331 4.283645
-0.2441376 -0.67652315 -0.99037063 -0.48317635 -0.6341049 -0.6121538 -0.48306 -0.3137731 4.8387284
-0.67538047 -0.6123553 -0.807685 -0.5774294 -0.5136902 -0.012127919 -0.7776098 -0.54111624 4.9422255
-0.5284814 5.343961 -0.90775406 -0.7128927 -0.28089982 -1.1421562 -1.1059563 -0.8203853 0.0
-0.118989676 -0.35987052 -0.51401675 -0.92625856 -0.5100737 -0.5434941 -0.8533144 -0.25709802 4.648017
-0.55899495 -0.78630537 -0.38521346 -0.5356806 -0.6819425 -0.5186372 -0.26281667 -0.90582407 5.0700192
-0.48708916 -0.39644083 -0.72875994 -0.65906423 -0.5490006 -0.57325256 -0.024667952 -0.9574784 4.946261
4.9412394 -0.66471136 -0.4446527 -0.73702806 -0.97426355 -0.6897439 -0.34941217 -0.38748044 0.0
-0.7719255 0.030248722 -0.38822487 -0.9685201 -0.11550647 -0.40442958 -0.42670262 -0.4774519 4.418186
-0.31409067 -0.40534365 -0.62526023 -0.8908696 -0.51758116 -0.5254589 -0.73298043 -0.76803994 5.0139823
-0.5549095 -0.31941122 -0.41656184 -0.820053 -0.12744644 -0.37710112 -0.46930152 -0.58048624 4.4592843
-1.119021 -0.4783515 -0.657101 -1.2509832 5.2656655 -0.5365 -0.5589778 -0.41112968 0.0
