5.5869164 -0.6009022 -0.79133224 -0.8525177 -0.6773478 -0.9777585 -0.39987123 -0.6319426 0.0
-0.5038994 -0.7397986 -1.165065 -0.7902501 5.778567 -0.80326325 -1.0912796 -0.65405196 0.0
-0.59604263 -0.79546374 -0.78391916 -0.25029913 -0.17471394 -0.38186547 -0.63859326 -0.7957358 4.825986
-0.41404223 -0.35906044 -0.48698637 -0.7110955 -0.5006304 -0.42205912 -0.7137858 -0.8210335 4.798517
-0.5319172 -0.5316103 -0.34484622 -0.34242088 -0.41165134 -0.5905506 -0.6696357 -0.8218286 4.562907
-0.7590803 -1.3861352 -0.55489844 -0.7707226 5.7233043 -0.78676873 -1.1001308 -0.7708136 0.0
-0.22247702 -0.9393565 -0.24797668 -0.6711004 -0.5958366 -0.65965396 -0.35845536 -0.7396133 4.628537
-0.6569411 -0.25824058 -0.7821439 -0.7141139 -0.107578546 -0.1743904 -0.7704561 -0.74243915 4.5824666
-0.6670568 -0.7309199 -0.88924074 -0.4359267 -0.4989208 -0.6569083 -0.50919 -0.6920486 5.0954227
5.288278 -0.7458904 -0.17554499 -0.56015456 -1.0546073 -0.7925046 -0.9739797 -0.50870484 0.0
-0.6592176 -0.22523017 -0.58506006 -0.663678 -0.3227767 -0.46813595 -0.34690136 -0.117729515 4.2142625
-0.6137505 -0.6218388 -0.7609043 -0.33661592 -0.62139785 -0.4632683 -0.5594032 -0.3986157 4.800695
-0.40561068 -0.573859 -0.5073705 -0.33432406 -0.36773795 -0.2507502 -0.91413015 -0.5924101 4.639382
-0.7093644 5.0082555 -1.0003483 -0.4904371 -0.61281645 -0.7668784 -0.588552 -0.826348 0.0
-0.4344874 -0.5788148 -0.46464726 -0.52255446 -0.6699486 -0.3657399 -0.93270516 -0.46807566 4.827221
-0.3722517 -0.85268056 -0.30104592 -0.5006865 -0.37970477 -0.880052 -0.45769867 -0.57857066 4.842026
-0.79548144 -0.43565837 -0.3722937 -0.77790815 -0.56420064 -0.23091471 -0.43209407 -0.75876427 4.835757
5.310803 -0.7729478 -0.6254342 -0.6574367 -1.0495119 -0.75122106 -0.5818504 -0.82080775 0.0
-0.49482584 -0.44135383 -0.6177805 -0.7454838 -0.17072001 -0.6615579 -0.60730034 -0.7707074 4.7812595
-0.46936482 -0.23615927 -0.34367788 -0.3824165 -0.6786054 -0.29425368 -0.8144728 -0.7493223 4.5233984
-0.47881433 -0.623966 -0.3293311 -0.9703289 -0.06908497 -0.5785685 -0.60612017 -0.47126123 4.70989
-0.61696494 -0.20699178 -0.6583314 -1.227732 5.288154 -0.6565099 -0.76196796 -0.8138006 0.0
