5.4161916 -0.3829308 -0.70415485 -0.97113 -0.7008046 -0.43102184 -0.009006344 -0.6695935 0.0
-0.7854573 -0.61002296 -0.30955705 -0.4717766 5.2591944 -0.6102046 -0.1399962 -0.14929359 0.0
-0.30555013 -0.30231082 -0.41279632 -0.26161864 -0.018198734 -0.50077784 -0.42824203 -0.17348336 4.02575
-0.35182777 -0.014553586 -0.3011678 -0.36275962 -0.59210026 0.08751528 -0.36659727 -0.26015258 4.398145
-0.28588068 -0.0030444763 -0.43134204 -0.18224862 -0.48497498 -0.46216956 -0.7668381 -0.30595654 4.820636
-0.27823895 -0.61726266 -0.6737156 -0.1576978 5.5349703 -1.0876946 -0.22376218 -0.31117818 0.0
-0.29215127 -0.3742807 -0.5892807 -0.5594158 -0.20218815 -0.11673647 -0.282903 -0.37073275 4.3344193
-0.27380309 -0.2442985 -0.45648044 -0.16242056 -0.17620768 -0.22574742 -0.45017996 -0.39070728 4.2529283
-0.29522136 -0.2648474 -0.40466186 -0.07094496 -0.4971651 -0.3681346 -0.39197508 -0.24424914 4.5357
4.8814626 -0.99353606 -0.28478813 -0.06446036 -0.43086055 -0.6826841 -0.19860777 0.10689052 0.0
0.09827743 -0.5566125 -0.13691176 -0.552877 -0.39240634 -0.36122906 -0.27353463 -0.77124 4.3211503
0.063907795 -0.6052381 -0.7863931 -0.13408346 -0.58705676 -0.11066749 -0.6244712 -0.06685963 4.746406
-0.5714828 -0.014495354 -0.4355267 -0.273054 -0.3886139 -0.2842566 -0.54058343 -0.60386425 4.475642
-0.13017197 5.020234 -0.8041242 -0.5637475 -0.20065008 -0.8157099 -0.70191956 -0.50725 0.0
0.06053825 0.085226856 -0.33640113 -0.80428827 -0.4052035 -0.3073688 -0.16424923 -0.089466125 3.7807403
-0.39571652 -0.69604135 0.059429523 -0.5048662 -0.5390115 -0.5681432 -0.30519232 -0.60034484 5.0288215
-0.13292645 -0.5396301 -1.0566308 -0.09316344 -0.3657707 -0.5530685 -0.13679124 -0.28789243 5.3521867
5.429492 -0.46427652 -0.032814622 -0.9298637 -1.1284341 -0.6495273 -0.2441275 -0.73256385 0.0
-0.17689745 -0.3519984 -0.33718434 -0.659739 -0.6936787 -0.3184434 -0.32641426 -0.51020414 4.6128244
-0.1505005 0.16639115 -0.5014425 -0.8222486 0.14119212 -0.20954126 -0.096684456 -0.73706585 3.8967185
-0.30035147 -0.1149087 -0.6828301 -0.46052182 0.08846722 -0.51115036 -0.08031892 -0.7771233 4.5194387
-0.42771402 -0.14198755 -0.29237628 -0.6888533 4.6913247 -0.71683633 -0.34060368 -0.4138973 0.0
