5.159608 -0.6351206 -0.55002004 -0.72685295 -0.31375742 -0.60975814 -0.18701287 -0.83524215 0.0
-0.6678573 -0.85751146 -0.7885607 -0.69409555 5.831581 -0.8039596 -0.4961491 -0.47582126 0.0
-0.5916137 -0.44278613 -0.32864353 -0.66615826 -0.20178804 -0.7657482 -0.7300963 -0.26725274 4.726053
-0.53022873 -0.17228977 -0.5156049 -0.69954264 -0.6951197 0.14433299 -0.7649004 -0.73943406 5.0504923
-0.41563937 -0.3198112 -0.539267 -0.4256234 -0.44774392 -0.9062393 -0.7975386 -0.21254289 4.822128
-0.5420114 -1.1497233 -0.5507781 -0.49204636 5.3808885 -0.8527661 -0.56716835 -0.44256565 0.0
-0.31764722 -0.44669718 -0.37652043 -0.83608913 -0.061764345 -0.5424813 -0.7191696 -1.0129031 4.6795335
-0.83283216 -0.47624183 -0.61778265 -0.5336293 -0.25094667 -0.63867235 -0.5577906 -0.43826848 4.5955667
-0.52147025 -0.80658245 -0.44748473 -0.031632133 -0.72117966 -0.46130317 -0.60298187 -0.5030056 5.014348
5.671972 -1.204077 -0.37167004 -0.2092407 -0.83442444 -1.0290215 -0.6243885 -0.12502842 0.0
-0.3088493 -0.43663034 -0.20613855 -1.0348413 -0.7532313 -0.5988805 -0.34033424 -0.36962184 4.4579353
-0.13371542 -0.37620148 -0.6728593 -0.40448785 -0.36239967 -0.5229838 -0.79888326 -0.13307832 4.4002724
-0.4383914 -0.056383852 -0.8435305 -0.8690828 -0.2346904 -0.14341338 -0.47987834 -0.5033472 4.730527
-0.14543244 5.1031713 -0.88852555 -0.30762866 -0.37685537 -1.1162935 -0.9821701 -0.8890885 0.0
-0.23829517 -0.29060015 -0.46215594 -1.0168177 -0.85274297 -0.4511408 -0.43305567 -0.49207243 4.699625
-0.2800389 -0.6729067 0.10410016 -0.47147742 -0.4377968 -0.53335 -0.624321 -0.5595198 4.5425143
-0.5421419 -0.7624233 -0.6186767 -0.32631418 -0.68735486 -0.53951544 -0.29174632 -0.64403325 5.2188516
5.143009 -0.6301926 -0.23714188 -1.0895829 -1.3329458 -0.5547375 -0.31985047 -0.25417048 0.0
-0.5512302 -0.25022647 -0.36882725 -0.58363634 -0.76070076 -0.25115183 -0.30255136 -0.65476376 4.661482
-0.5723172 -0.4946891 -0.7014554 -0.7049366 -0.055927634 -0.34915304 -0.3569562 -1.0129378 4.7988505
-0.2991102 -0.07384728 -0.8187861 -0.42005014 0.0251172 -0.25993225 -0.38975546 -0.36840293 4.346681
-0.8745352 -0.5047184 -0.6535344 -1.0514033 5.417279 -1.1089481 -0.6725496 -0.4905715 0.0
