5.2657123 0.55727017 -0.7464201 -0.9411486 -0.23095559 -0.43156987 -0.73654485 -1.2710888 0.0
-0.5937535 -0.9011934 -0.46707144 -0.82744336 5.2750134 -0.6450008 -0.86824656 -0.919174 0.0
-0.48548675 -0.47826332 -0.7761248 -0.79899174 -0.44763058 -0.60163134 -0.7100238 -0.9412281 5.0084677
-0.50713533 -0.5600514 -0.61935896 -0.74171096 -0.47523972 -0.6151538 -0.7260627 -0.89104235 4.948178
-0.524051 -0.5725172 -0.6924768 -0.7383078 -0.4494593 -0.5289814 -0.8135447 -1.0230827 5.0083313
0.34443232 -0.27877983 -0.02598632 -0.89829874 3.6312783 -1.064312 -0.61370873 -1.0082479 0.0
-0.531963 -0.6839341 -0.49848545 -0.63118875 -0.42684245 -0.5586173 -0.6057024 -0.5633862 4.7801447
-0.6760522 -0.47405738 -0.50817275 -0.6328735 -0.4476067 -0.5799229 -0.44414297 -0.63556665 4.5117545
-0.5137729 -0.612541 -0.64624274 -0.629423 -0.58593386 -0.5934944 -0.32185608 -0.70449847 4.7072763
4.1837826 -0.6780941 -0.69351846 -0.9474337 -0.20547454 -0.74955994 -0.35123357 -0.91295636 0.0
-0.60390174 -0.54086906 -0.71808094 -0.67074203 -0.67504823 -0.51332814 -0.5151587 -0.66591316 4.851238
-0.5446951 -0.5669563 -0.5168591 -0.70972 -0.6263591 -0.7572165 -0.61445 -0.64216 4.915172
-0.58178437 -0.6318315 -0.6367215 -0.7224447 -0.68716913 -0.5245495 -0.59408116 -0.71593726 4.894133
-0.777529 3.5124824 -0.44980896 -0.72146827 -0.42209786 -0.7540888 0.015283495 -0.83924586 0.0
-0.5803643 -0.6895762 -0.6935916 -0.68707573 -0.41017473 -0.54901314 -0.5012498 -0.7971691 4.856736
-0.684797 -0.5505324 -0.71084243 -0.8138116 -0.49866605 -0.59723896 -0.59542483 -0.7233226 4.934027
-0.6641535 -0.7136092 -0.65371376 -0.8169035 -0.5184085 -0.61584616 -0.6589794 -0.76531404 4.9734063
4.3958244 -0.7842144 -0.6554599 -0.7306525 -0.3100591 -0.5330657 -0.76992977 -0.82274145 0.0
-0.5001562 -0.6583955 -0.6539308 -0.9054616 -0.62905914 -0.6114192 -0.6506828 -1.0013763 5.0251155
-0.5566475 -0.4738063 -0.6946168 -0.8786436 -0.47466832 -0.5091777 -0.6613408 -0.98246163 4.9744067
-0.758929 -0.5450162 -0.5803693 -0.90195394 -0.5470814 -0.53543115 -0.6164828 -0.9092186 5.018287
0.059143968 0.47542158 -0.67029846 -1.1503445 4.221765 -0.45668337 -0.8341735 -1.2021942 0.0
