5.740278 -0.94137585 -0.6049065 -0.72379696 -1.0281076 -0.7919763 -0.6577351 -0.92540187 0.0
-0.82881683 -0.8491714 -0.92737013 -0.6422269 5.739553 -0.7898153 -0.91432357 -0.9868497 0.0
-0.6650542 -0.44297883 -0.54924965 -0.72078556 -0.28936937 -0.7626643 -0.66705096 -0.728434 4.9128547
-0.57464284 -0.39390585 -0.47323233 -0.8395365 -0.5735162 -0.54516095 -0.57934546 -0.74283123 4.805007
-0.41136444 -0.59456974 -0.40833482 -0.5220216 -0.53598833 -0.48299038 -0.6998186 -1.0304229 4.8277497
-0.74528074 -0.8484869 -0.7825198 -0.6149412 5.4972277 -0.9242883 -1.0505531 -1.152829 0.0
-0.26842043 -0.84568727 -0.6862517 -0.79052806 -0.306054 -0.5010133 -0.8424185 -0.71462154 4.814842
-0.53022206 -0.54256105 -0.5850112 -0.54620314 -0.34778455 -0.6766724 -0.6323219 -0.531301 4.4561434
-0.5199122 -0.49232712 -0.7939008 -0.6003044 -0.68056977 -0.70849925 -0.335753 -0.47797164 4.611577
5.561216 -1.0416505 -0.89427274 -0.8198678 -0.62817734 -1.0372083 -1.0230067 -1.1133808 0.0
-0.5555757 -0.47750887 -0.4217815 -1.006225 -0.30949333 -0.5670379 -0.48093635 -0.6972346 4.7386575
-0.49424163 -0.6923631 -0.6283889 -0.8068201 -0.6630284 -0.6521342 -0.4417836 -0.6384106 4.9200325
-0.5145825 -0.5222268 -0.51993215 -0.77280927 -0.41181973 -0.5930984 -0.45560002 -0.54530716 4.7177157
-0.8490544 5.005748 -0.36195642 -0.7217284 -0.7643568 -0.88964945 -0.71095294 -1.2365577 0.0
-0.75227314 -0.7058731 -0.5259137 -0.85945624 -0.32567853 -0.66009736 -0.5601431 -0.5256867 4.8841295
-0.5216107 -0.5248107 -0.46662474 -0.83216196 -0.46755818 -0.9834012 -0.48931012 -0.5479968 4.96325
-0.91035736 -0.4858827 -0.60647213 -0.59726477 -0.46845952 -0.6372277 -0.5220853 -0.78202254 4.99454
5.1487455 -1.0908581 -0.5133335 -0.7739504 -0.5711098 -0.8299836 -0.7323108 -0.8381916 0.0
-0.26612818 -0.46893802 -0.57942176 -0.85541666 -0.5667776 -0.5018372 -0.51044554 -0.67106235 4.750604
-0.4345402 -0.46600723 -0.79368174 -0.78843313 -0.49484736 -0.48227593 -0.5689219 -0.8059158 4.905131
-0.5492385 -0.93993574 -0.52764446 -0.8173117 -0.47511297 -0.81980175 -0.6079442 -0.73012376 5.1791687
-0.8680448 -0.66038525 -0.53436124 -0.90142214 5.1437364 -0.56950665 -0.75565267 -0.8008747 0.0
