4.9187536 -0.6657573 -0.56934893 -0.4548092 -0.30174652 -0.64368445 -0.20052923 -0.7642653 0.0
-0.6797647 -0.8719708 -0.8256866 -0.7115356 5.8915462 -0.81491417 -0.58185184 -0.50371504 0.0
-0.5822576 -0.4562993 -0.35944283 -0.6337407 -0.22921896 -0.81590456 -0.74815303 -0.2739181 4.754363
-0.54800296 -0.10588769 -0.5396356 -0.7198276 -0.70084584 0.15322666 -0.79309326 -0.7783391 5.081902
-0.44716355 -0.36640263 -0.5631079 -0.47234246 -0.48210943 -0.93704104 -0.81600213 -0.24733064 4.9113555
-0.5601019 -1.183845 -0.57280785 -0.5203521 5.4422646 -0.86702734 -0.59359705 -0.45943284 0.0
-0.33650124 -0.48379493 -0.6113642 -0.8527835 -0.06212129 -0.581927 -0.75830936 -1.0448776 4.8676486
-0.82191914 -0.21832187 -0.6528822 -0.29508948 -0.25621006 -0.6740894 -0.58833796 -0.46465945 4.528103
-0.5467379 -0.84828293 -0.48495328 -0.005552964 -0.75471455 -0.4913904 -0.61691433 -0.52457035 5.0833287
5.7103896 -1.214795 -0.3769396 -0.22170883 -0.86599743 -1.0500166 -0.6588755 -0.12419087 0.0
-0.32155406 -0.45095867 -0.19557115 -0.9640575 -0.6372325 -0.5882553 -0.343493 -0.3768751 4.408489
-0.21775678 -0.4024937 -0.70011383 -0.427334 -0.392348 -0.35752663 -0.7071621 -0.13982801 4.418757
-0.4342706 -0.05833561 -0.9030925 -0.8342603 -0.26045322 -0.1492431 -0.51649165 -0.72865075 4.7921147
-0.20305954 5.0720344 -0.77352065 -0.31623173 -0.3884718 -1.1336744 -0.99845594 -0.8937305 0.0
-0.27142143 -0.30026463 -0.3821973 -0.9882874 -0.90004414 -0.4703594 -0.45558178 -0.40355858 4.6568575
-0.30330327 -0.7382172 0.112366475 -0.47808602 -0.44569343 -0.5312759 -0.6546123 -0.5462217 4.583441
-0.5692566 -0.77339804 -0.6450623 -0.3640547 -0.7137065 -0.5745024 -0.30282596 -0.6897916 5.281094
5.2089195 -0.6359029 -0.26990005 -1.1129658 -1.3439273 -0.74751675 -0.3241343 -0.27778587 0.0
-0.5825368 -0.25746876 -0.3942962 -0.6270347 -0.792452 -0.28644767 -0.32922256 -0.67256236 4.7343335
-0.6035547 -0.5333312 -0.48702165 -0.7357646 -0.06233607 -0.37687454 -0.39592323 -1.0523643 4.748784
-0.3345684 -0.07817364 -0.82726514 -0.4466606 0.031955775 -0.2845475 -0.42697713 -0.41426048 4.391697
-0.90397704 -0.5208211 -0.6803805 -1.086588 5.4491343 -1.0990171 -0.6969829 -0.4959491 0.0
