5.5745544 -0.30307692 -0.8811342 -0.9468281 -0.74167705 -0.7763662 -0.80204815 -1.0934472 0.0
-0.7746075 -0.93102175 -0.6167994 -0.84955966 5.366092 -0.8234071 -0.75624764 -0.63681346 0.0
-0.59506583 -0.5379564 -0.42319503 -0.6570538 -0.6042166 -0.55587596 -0.68247056 -0.85323364 4.9675083
-0.5349875 -0.5046228 -0.5469399 -0.72205824 -0.24856876 -0.5007652 -0.76885265 -0.76963556 4.8097196
-0.8424544 -0.5362243 -0.5083803 -0.8012518 -0.35953873 -0.38053492 -0.79464746 -0.9428257 5.0758934
-0.4867415 -0.90193003 -0.65128154 -0.86053586 4.9932632 -1.2967165 -0.6541853 -0.8944794 0.0
-0.6692047 -0.5979933 -0.62414265 -0.71641415 -0.35998288 -0.5095079 -0.5700391 -0.4693474 4.6607604
-0.631476 -0.67067224 -0.6054519 -0.4846503 -0.3239307 -0.6387749 -0.49986956 -0.64821607 4.4403377
-0.6049882 -0.39130324 -0.51505005 -0.5882591 -0.3490677 -0.5667356 -0.7814586 -0.6785387 4.5903645
4.785491 -0.88743865 -0.63155496 -0.88573724 -0.3145836 -0.9913794 -0.72377956 -0.89595056 0.0
-0.63997513 -0.5328163 -0.5969686 -0.62682366 -0.4966661 -0.50118864 -0.46284086 -0.6260344 4.742699
-0.5241411 -0.6745903 -0.5623437 -0.7533303 -0.46526852 -0.6193503 -0.57606125 -0.6375145 4.905027
-0.5515227 -0.532155 -0.8895131 -0.6083323 -0.47377864 -0.6977093 -0.6938782 -0.8045501 4.9832077
-0.7549074 4.601444 -0.583513 -0.7338712 -0.9011404 -0.8092141 -0.5096683 -0.9106853 0.0
-0.5863568 -0.4778665 -0.60999393 -0.5708719 -0.33497322 -0.4447663 -0.8268056 -0.71906644 4.737986
-0.6678275 -0.44643453 -0.59129107 -0.7065082 -0.62110525 -0.50538284 -0.502524 -0.6204599 4.860568
-0.5627903 -0.5921091 -0.5220594 -0.7291798 -0.4417205 -0.54594964 -0.4619306 -0.7570953 4.9274416
4.8403106 -0.88854456 -0.6010317 -0.60010463 -0.5959215 -0.8945522 -0.59309024 -0.6708788 0.0
-0.49393633 -0.5781026 -0.5949749 -0.82762975 -0.5513095 -0.6228403 -0.4969145 -0.77585834 4.926512
-0.4512811 -0.53612405 -0.71528673 -0.68920326 -0.4710394 -0.5401239 -0.5731104 -0.7566817 4.8729873
-0.55014896 -0.56818837 -0.6314073 -0.8336802 -0.36837083 -0.5358939 -0.5278287 -0.7686527 4.9066744
-0.76904565 -0.39173207 -0.8238555 -0.8517329 4.9536033 -0.7043806 -0.6894655 -0.97300696 0.0
