5.5208745 -0.70040655 -0.5084738 -0.80899644 -0.78968334 -0.7115118 -0.6760239 -0.8306284 0.0
-0.34317377 -0.68831456 -1.2783128 -0.7665788 5.6558456 -0.97009844 -0.9440609 -0.4951066 0.0
-0.73748845 -0.5939239 -0.719676 -0.5017903 -0.14988793 -0.508356 -0.5338344 -0.9789515 4.89089
-0.45377737 -0.22036578 -0.49659428 -0.57465315 -0.4275452 -0.5308157 -0.68050915 -0.7161273 4.662952
-0.5972073 -0.7285624 -0.26543298 -0.41150254 -0.49089184 -0.42867422 -0.8632769 -0.86379087 4.780441
-0.6227901 -1.2698439 -0.51308745 -0.6024658 5.5468 -0.98398286 -0.9599478 -0.9918666 0.0
-0.5620385 -0.91493845 -0.34916225 -0.7142579 -0.5266847 -0.54434013 -0.4927393 -0.8559939 4.7767053
-0.7984537 -0.30642805 -0.87135774 -0.5269178 -0.40647843 -0.20570625 -0.79871756 -0.22855935 4.469528
-0.736828 -0.5933864 -0.75041723 -0.56465125 -0.43812475 -0.44019392 -0.6354632 -0.580013 4.8443155
5.344845 -0.9094839 -0.24387607 -0.6402885 -0.8160423 -0.91300875 -1.0704443 -0.5143364 0.0
-0.658327 -0.56000936 -0.62010235 -0.4390402 -0.5076428 -0.7690498 -0.37989104 -0.06660801 4.518025
-0.60750914 -0.39319494 -0.7284505 -0.22991328 -0.5536256 -0.5301352 -0.44495744 -0.73309994 4.7502275
-0.4372699 -0.5591712 -0.699797 -0.683242 -0.33012542 -0.31714758 -0.543247 -0.5954531 4.6793246
-0.6383559 4.925008 -0.651249 -0.74743354 -0.6628946 -0.6877495 -0.6808781 -0.87918776 0.0
-0.5572857 -0.52461547 -0.596391 -0.8521651 -0.65692264 -0.6165589 -0.5815822 -0.3984254 4.87213
-0.6027868 -0.893368 -0.33950403 -0.6347996 -0.51647377 -0.83500224 -0.28647694 -0.6459353 4.9627004
-0.5953697 -0.6848958 -0.54018825 -0.42026865 -0.14544933 -0.29105565 -0.49824634 -0.54232854 4.613018
4.961249 -0.60024726 -0.5134645 -0.82549703 -0.83725214 -0.51033205 -0.36995617 -0.8159993 0.0
-0.5343006 -0.633003 -0.35077715 -0.7528736 -0.3152448 -0.48966706 -0.6341065 -0.62649226 4.731759
-0.48066476 -0.28403437 -0.552833 -0.5135176 -0.5941022 -0.3854233 -0.6161741 -0.7217877 4.6714587
-0.64965 -0.5966976 -0.5667983 -0.7657365 -0.2287371 -0.56289953 -0.31992942 -0.42617857 4.7078233
-0.73941964 -0.14770721 -0.6537689 -0.74600077 5.199517 -0.83778614 -0.82691324 -0.92795885 0.0
