5.4462023 -0.46048537 -0.7277382 -0.97666645 -0.7285204 -0.46832472 -0.015911127 -0.74957985 0.0
-0.54081917 -0.6618306 -0.38727942 -0.5304248 5.1465697 -0.6525572 -0.16527413 -0.1971151 0.0
-0.348585 -0.40525144 -0.45621568 -0.32786527 -0.033800848 -0.5184156 -0.4865969 -0.19445573 4.221013
-0.41017756 -0.0266591 -0.36519608 -0.42292562 -0.61617666 0.114442036 -0.43721366 -0.33418396 4.5555124
-0.35098878 0.0018294883 -0.4956556 0.0465797 -0.49781203 -0.54388857 -0.8427546 -0.34323716 4.6939435
-0.32645893 -0.710791 -0.7079583 -0.20715377 5.588728 -1.0985564 -0.27935594 -0.35217398 0.0
-0.35429808 -0.43634963 -0.5229905 -0.6158606 -0.22414996 -0.1691824 -0.3620495 -0.4033308 4.4176555
-0.36015683 -0.02601924 -0.60405296 -0.19526257 -0.1767058 -0.29452822 -0.4629667 -0.43185306 4.289358
-0.36249283 -0.2919258 -0.41606355 -0.093847945 -0.57985437 -0.42986864 -0.43478352 -0.31437957 4.6491423
5.0438495 -1.0403011 -0.30495733 -0.08550292 -0.51507264 -0.7531402 -0.26003003 0.11944686 0.0
0.104566075 -0.59124255 -0.15951675 -0.580535 -0.47762996 -0.40811142 -0.3048098 -0.19478703 3.9433153
0.074021794 -0.6206507 -0.8051845 -0.17605741 -0.60499495 -0.16221918 -0.68035036 -0.09019131 4.8162284
-0.6397869 -0.017069168 -0.50996846 -0.2768807 -0.3953554 -0.29981804 -0.5959799 -0.63541895 4.560651
-0.13362111 5.0850754 -0.823675 -0.5752917 -0.23334816 -0.8793135 -0.7603277 -0.5802344 0.0
0.08077779 0.09071483 -0.365772 -0.6195598 -0.45642292 -0.36364508 -0.18378344 -0.19640891 3.8578491
-0.3806833 -0.7089486 0.06709595 -0.58272356 -0.57284147 -0.59384894 -0.33527634 -0.61026686 5.0415564
-0.25486684 -0.5870076 -1.0645138 -0.14759375 -0.4362582 -0.5871774 -0.16402628 -0.37766257 5.394237
5.474277 -0.4995084 -0.050916594 -0.9650279 -1.174319 -0.6495341 -0.26043817 -0.74269146 0.0
-0.23250468 -0.38572836 -0.3956821 -0.6957667 -0.73634 -0.35887995 -0.38300833 -0.52815336 4.7243714
-0.2080712 -0.17040902 -0.56310016 -0.71059054 0.14280972 -0.28417802 -0.14992647 -0.8115572 4.15215
-0.3474973 -0.14506924 -0.7309015 -0.49497986 0.09717507 -0.5365138 -0.12499707 -0.8107314 4.6370134
-0.50762415 -0.14600937 -0.35568228 -0.79232013 4.8004947 -0.7957807 -0.4081633 -0.43441507 0.0
