-1.1248974 -0.5647694 -1.5174606 4.761873 -0.58908373 -1.3015312 -1.3891045 0.39490926 0.0
-1.1320293 -1.1028446 -0.96796614 -0.4030824 -0.98475873 -1.0583956 -0.5783646 5.8022647 0.0
0.48587435 -0.54693776 -0.14943315 -0.7136484 -0.7144849 -0.35677275 -0.14445072 1.9580207 0.2274699
-0.87322754 -0.14673226 -0.9120976 -0.52968293 -0.5024691 -0.45946836 -0.89150244 3.5651436 -0.48266047
-0.59838337 0.08134803 -0.72252786 0.5746841 0.20559986 -0.5957063 -0.81991655 -0.2747743 2.155943
-1.3252174 -1.3357472 -0.5485786 0.15398948 -1.2844429 -1.2614053 -0.0938466 5.0571556 0.0
-0.5416719 -0.48710653 -0.20099135 -1.1510752 -0.43378088 0.8368662 -0.46151218 -0.59499186 2.8901913
-0.78649706 -0.048462868 -0.77535415 0.6938636 0.024819179 0.010194955 -0.6278754 -1.1184196 2.6405528
0.42922762 0.51357806 0.18697654 -0.49731547 -0.7458587 -0.019644856 -0.30661297 0.40299374 1.4653969
-0.36127096 -1.3128935 -0.55366135 -0.28355804 -0.9335551 -1.2558992 -1.5146568 5.093767 0.0
0.7093923 -0.44747028 -0.7031858 -0.29976574 -0.31531748 -0.65413076 1.1439346 -0.31884876 1.4439657
-0.10032632 -0.58980805 -0.08934747 -0.37556595 0.019744543 -0.0018367231 0.24397035 0.5660761 0.8737328
-0.33799103 -0.23990117 -0.5276076 0.07804644 1.1848046 0.05885826 -0.49671313 -0.22611803 1.5139616
-0.8701241 -0.87254286 -0.9268324 0.8270993 -1.3222303 -0.8346679 -1.3435066 4.6138067 0.0
-0.3221269 0.20547049 -0.22590946 -0.6205956 -0.02610296 -0.26188788 -0.13568349 -0.24087314 2.2265072
-0.057391778 -0.70782137 -0.45094737 -0.27157238 0.52462137 0.26026556 -0.17375836 -0.25960872 2.0798619
-0.33119208 -0.6008546 0.87862915 0.011847255 0.7404574 -0.5172082 -0.55705535 0.03600579 1.4424306
-1.058008 -1.0262228 -0.891101 0.06574296 -1.0051503 -1.025228 0.96614975 3.9454474 0.0
-0.494731 -0.34328747 0.1947094 -0.42367476 -0.28856212 -0.5167303 0.3211786 0.28653792 1.798468
-0.25241932 -0.2819381 -0.32001856 -0.29038844 -0.16766348 -0.3832942 -0.6097154 -0.13452731 2.6363144
-0.53441954 -0.3180627 0.8745114 -0.14178671 -0.45552748 -0.28061774 0.096181534 -0.34844583 1.5552818
-0.14478146 0.66325927 -0.287581 -0.68601125 2.278111 -0.55816156 0.80523103 -1.5475992 0.0
