-0.9818456 -0.5879666 -1.1825342 4.365045 -0.5392624 -1.2116714 -1.2966136 0.5613753 0.0
-0.9789593 -1.2300165 -0.925791 -0.30970678 -0.6925035 -0.80529785 -0.4646653 5.721176 0.0
0.7241764 -0.44941464 -0.25951448 -0.5969522 -0.6525237 -0.3465304 0.11677442 1.8452163 -0.14861962
-1.013249 -0.32789364 -0.90253776 -0.093900464 -0.34564453 -0.7071703 -0.81936187 3.6994677 -0.6319276
-0.5890425 -0.27601033 -0.5783183 0.6893041 0.2913838 -0.3384676 -0.5429992 -0.24058184 1.95702
-0.9481742 -1.1010311 -0.5083672 0.1380969 -1.2231091 -0.9336067 -0.23470673 4.736034 0.0
-0.4328302 -0.5499815 -0.20129587 -0.81258297 -0.34826207 0.8121005 -0.0712247 -0.5060365 2.4522471
-0.6784836 -0.08319713 -0.4708216 0.43037242 0.2280856 -0.03189193 -0.84871703 -0.9232012 2.7333891
0.6153474 0.8470059 0.18723156 -0.8497472 -0.72294503 0.3789261 -0.98290896 -0.10948727 1.9317722
-0.32260135 -0.98428005 -0.53375983 -0.92606395 -0.9154745 -1.1436058 -1.3145721 5.529683 0.0
0.540191 -0.60427576 -1.0744834 -0.14980267 -0.27891502 -0.36058158 0.5930586 -0.22797422 2.0674949
-0.24822617 -0.46105826 -0.20059748 -0.16962442 0.10734403 0.24528205 0.230526 0.5559941 0.54531974
-0.2995876 -0.12783551 -0.3275104 0.1669648 0.8291597 0.09791429 -0.5540162 0.22837938 1.1288092
-0.8345738 -0.5543306 -0.8963407 0.78749627 -1.1045158 -0.6876483 -1.283799 4.525277 0.0
-0.31491426 0.43788952 -0.1809348 -0.5817099 0.099547155 -0.24640696 -0.45695645 -0.036289625 1.9459027
0.13872334 -0.56096596 -0.3813927 -0.2528034 0.6785832 0.33962625 0.10254825 -0.47840428 1.5201579
-0.22524354 -0.497031 1.052302 0.07612163 0.68558323 -0.51813865 -0.046961147 -0.2953533 0.95078444
-0.94931406 -0.8434115 -0.8576052 0.014138563 -1.1158181 -0.9043822 0.90111816 3.8978322 0.0
-0.4875437 -0.26642308 0.4993747 -0.5823736 -0.3570747 -0.37739468 0.2494366 0.37525663 1.6696707
-0.44197652 -0.34616068 -0.10236416 -0.23361193 -0.1088784 0.21887359 -0.4989135 -0.029054016 2.0630767
-0.531149 -0.19148244 0.894927 0.017523933 -0.37140393 -0.4099277 -0.109790355 -0.5079399 1.6550018
-0.11120832 0.8966313 -0.27184 -0.589486 2.2507997 -0.8186275 0.7812512 -1.3844768 0.0
