-0.7731019 -0.49891567 -1.1538215 4.3022237 -0.45699936 -1.0471474 -1.1488327 0.5437199 0.0
-0.75844693 -1.1085353 -0.8556751 -0.19484714 -0.35549495 -0.4981498 -0.31624046 5.393318 0.0
0.6722111 -0.41515344 -0.24323815 -0.49358174 -0.58500427 -0.052127138 0.108668976 1.5713853 -0.14081447
-0.9118062 -0.3064035 -0.7969638 0.20013663 -0.30804667 -0.6328128 -0.68896693 3.3957155 -0.5761838
-0.8730083 -0.21962102 -0.4244896 0.6599997 0.23514934 -0.26242402 -0.70636725 -0.19788553 2.2833261
-0.9438872 -0.78412324 -0.44473776 0.13488558 -1.117172 -0.55025434 -0.19195141 4.7158704 0.0
-0.27277216 -0.4462709 -0.18090984 -0.6174885 -0.23930219 0.98913395 -0.06905886 -0.4262925 2.3186655
-0.52285534 0.2083168 -0.32774764 0.40746558 0.2894107 -0.025387656 -0.7690783 -0.7703252 2.4349866
0.58312166 0.5467888 0.15211411 -0.6950636 -0.36526296 0.4242501 -0.906266 -0.10621823 1.7213179
-0.2644111 -0.59340024 -0.5005261 -0.9095747 -0.885372 -0.97012436 -1.0246352 5.4461427 0.0
0.45392 -0.5267248 -0.99588525 -0.28459254 -0.228945 -0.33410105 0.536716 -0.0779492 2.029935
-0.2099739 -0.41569018 -0.27771392 -0.14383122 0.08970486 0.0982427 0.08243627 0.84162503 0.5036662
-0.23779991 -0.10810834 -0.2332261 0.14580482 0.68559533 0.06291663 -0.36063018 0.19779128 0.9854154
-0.77478147 -0.24953869 -0.857057 0.72049785 -0.80523694 -0.48936954 -1.1852318 4.3830037 0.0
-0.28555664 0.35620502 -0.10573493 -0.46103022 0.09496747 -0.34617144 -0.24505046 -0.104203686 1.7210332
0.10281976 -0.37196663 -0.27896708 -0.22502291 0.59948224 0.23673107 0.1356055 -0.37074038 1.313396
-0.14327902 -0.31181145 0.5881741 0.28676292 0.90384966 -0.31789944 -0.042064294 -0.24079385 0.8360853
-0.76579016 -0.69053274 -0.7658772 0.012584062 -0.95273834 -0.72086567 0.79927164 3.9378123 0.0
-0.43111837 -0.0016969184 0.6163234 -0.5218275 0.012378726 -0.48819017 -0.07295078 0.2558454 1.4504864
-0.4643042 -0.20881179 -0.06843742 -0.1579859 -0.05849678 0.20557137 -0.60861415 -0.026782079 2.0373707
-0.36835486 -0.14493963 0.43718788 0.2768565 -0.22077584 -0.30249375 -0.08219699 -0.43294188 1.7344657
0.19115718 0.5935991 -0.26501498 -0.28065762 2.467543 -0.7829093 0.48287582 -1.3183924 0.0
