-0.60593116 -0.82696056 -0.93982655 2.76379 -0.7912475 -0.44203338 -0.59138924 1.6095272 0.0
-1.093633 -1.1246513 0.8783279 0.22939976 -1.0618173 -1.551122 0.031091437 3.953415 0.0
-0.011519313 -0.09278437 -0.24644808 0.2732126 -0.14661177 -0.395479 0.69998205 -0.13411847 0.8892933
-0.2732252 -0.2999011 -0.5097289 -0.09975034 -0.350429 -0.61094534 -0.57754284 1.9640914 1.0300704
-0.5094581 -0.26335296 -0.40091762 0.033000093 0.41958728 -0.23280202 -0.13411605 -0.06584131 1.6856577
-0.23238325 -1.5962733 1.7168608 0.82155764 -1.0975851 -1.3403938 0.60549825 2.4330652 0.0
-0.36682373 -0.07285931 -0.313521 -0.6741171 -0.23406328 -0.0048411153 -0.07440055 -0.34498504 2.2652874
-0.6855272 -0.16300805 -0.3006432 -0.23931354 -0.45624366 -0.024624804 -0.38498724 0.24578811 2.3641322
-0.24494861 -0.45313862 -0.17729707 -0.01262297 -0.31665605 -0.40422127 -0.6294604 -0.064793006 2.3736928
-0.8075676 -1.0418009 -0.11443243 0.38615438 -0.40748724 -0.853901 -0.16767 3.385491 0.0
0.01711787 -0.4483783 -0.34573933 -0.12906754 -0.35240486 -0.44191924 -0.052041862 -0.13050672 1.985865
-0.2577366 -0.32836634 -0.6614395 -0.4872319 0.13132238 -0.24730134 -0.09799057 -0.26760915 2.3428347
-0.41828325 -0.75539124 -0.5909003 -0.22159326 0.26260993 -0.70091766 -0.34008905 0.13292979 2.4130654
-0.9801907 -0.9742051 0.2088726 0.8510831 -0.8783659 -0.4309598 -0.71850127 3.2661252 0.0
-0.40753922 -0.42276412 -0.3086561 -0.55407405 -0.08958863 -0.32444513 -0.36616206 -0.35525042 2.8374577
-0.5129003 -0.2957415 -0.22188793 -0.36823282 -0.5099501 -0.24393888 -0.39937565 -0.15354519 2.598433
-0.45245346 -0.41721362 -0.19655004 -0.6895229 -0.7134797 -0.26136327 -0.13107263 -0.04560279 2.6798742
-0.70455694 -1.0843581 -0.7926295 0.41466844 -1.0112357 -0.9178312 1.8566403 2.6910002 0.0
-0.14075297 -0.7259611 -0.1015647 -0.5093758 -0.3659677 -0.26217476 0.053652987 0.07316333 1.9261899
-0.4089548 -0.5774687 -0.5404494 -0.34798038 -0.25701874 -0.122972876 -0.35774243 -0.2852829 2.587479
-0.28226203 -0.67166495 -0.46696728 -0.35620514 -0.10250472 -0.11390209 0.16570032 0.04756519 1.7610221
-0.2540932 0.6187558 -0.38970932 -0.5754792 1.8110039 0.38851517 0.37158638 -0.42595333 0.0
