-0.9585558 -0.5780063 -1.1796176 4.3627787 -0.53037167 -1.1940315 -1.2809477 0.554041 0.0
-0.9541849 -1.2172348 -0.91849536 -0.2956314 -0.6476723 -0.76738334 -0.4470564 5.6873426 0.0
0.7183253 -0.44581482 -0.23740324 -0.5908463 -0.6802089 -0.0552044 0.11616433 1.6322565 -0.14790095
-1.0073825 -0.3268943 -0.89133 0.20259836 -0.34239987 -0.69943124 -0.8052203 3.445549 -0.6260926
-0.57790345 -0.2701489 -0.55658364 0.68532765 0.28501937 -0.32992262 -0.80448705 -0.23013625 2.0332549
-0.9475448 -1.0641267 -0.50158495 0.13777085 -1.2120281 -0.885335 -0.23001441 4.733807 0.0
-0.41582087 -0.5385576 -0.19914843 -0.82710487 -0.33542404 1.0535523 -0.070733376 -0.4972085 2.3752804
-0.66106147 0.21675453 -0.5711095 0.42820138 0.29692733 -0.030382048 -0.840358 -0.90659463 2.5169983
0.61203873 0.84167373 0.1833047 -0.8454752 -0.71338505 0.37548602 -0.9749342 -0.109154 1.9264847
-0.31622094 -0.93550855 -0.5303239 -0.92439383 -0.91240466 -1.1248628 -1.2820766 5.521232 0.0
0.5301972 -0.5959963 -1.066315 -0.14759144 -0.27339396 -0.35437757 0.5897741 -0.22409023 2.0586429
-0.24408108 -0.45616394 -0.19791132 -0.16695026 0.10627323 0.24308811 -0.07273185 0.85654896 0.54028136
-0.29271278 -0.12463553 -0.31653127 0.16470763 0.814367 0.093661726 -0.53064466 0.22772652 1.1100096
-0.8283645 -0.5116709 -0.8923143 0.78049463 -1.0700074 -0.66455626 -1.2735378 4.510776 0.0
-0.32292563 0.40076798 -0.17147395 -0.568286 0.09507077 -0.47814414 -0.31760445 -0.13301565 2.0068634
0.13680196 -0.5382951 -0.3696032 -0.24995914 0.6694386 0.32753742 0.15227765 -0.46631166 1.4572593
-0.21524456 -0.45358142 1.0360456 0.039358858 0.66579676 -0.47335714 -0.046434898 -0.2861255 0.9360119
-0.92905015 -0.82663906 -0.8479154 0.013974102 -1.0982488 -0.88401455 1.1060578 3.707447 0.0
-0.5559677 -0.25543684 0.5547371 -0.5759955 -0.3373577 -0.3583005 0.24133351 0.36514142 1.6528997
-0.43007508 -0.33489144 -0.09830783 -0.22697198 -0.102315836 0.21782964 -0.48564333 0.027567245 2.0376017
-0.5119428 -0.18620203 0.6507457 0.01653658 -0.3527487 -0.39764467 -0.10664386 -0.49985465 1.8658435
-0.1109374 0.60855305 -0.27114645 -0.28263324 2.2433467 -0.81496674 0.7959637 -1.3528329 0.0
