-1.0911592 -0.6435796 -1.4936606 4.5982666 -0.5801587 -1.2775213 -1.3678126 0.5661562 0.0
-1.0957586 -1.08297 -0.95856917 -0.37997106 -0.928736 -0.995504 -0.550677 5.757634 0.0
0.53886586 -0.5146259 0.009871719 -0.6897717 -0.7058683 -0.35232544 -0.1463593 1.8513514 0.22101717
-0.83679485 -0.16622177 -0.94392455 -0.32503828 -0.47586006 -0.74118716 -0.8725006 3.6463666 -0.658279
-0.6003502 0.05696535 -0.6152461 0.7380927 0.34207648 -0.5657256 -0.74573594 -0.2685114 1.9295908
-1.3049524 -1.2791167 -0.5392965 0.13955168 -1.2728908 -1.1791109 -0.09106356 5.0568194 0.0
-0.514491 -0.49952194 -0.22169511 -1.1064326 -0.41374692 0.86776 -0.42641115 -0.59210837 2.8525693
-0.7606987 -0.032540005 -0.74331915 0.6610419 0.056447487 -0.17375635 -0.60543334 -0.9303613 2.5938087
0.49992678 0.63307697 0.20035677 -0.6142121 -0.76598847 -0.0010947228 -0.5970752 0.36846605 1.5273445
-0.35221857 -1.2307782 -0.5491362 -0.7039671 -0.92909765 -1.2298051 -1.4675359 5.3745456 0.0
0.7327563 -0.5943823 -0.8306794 -0.29323253 -0.31031016 -0.40109506 0.926759 -0.2455405 1.6401922
-0.17558812 -0.5720753 -0.12440452 -0.36070085 0.024114406 0.10582138 0.2364066 0.55860215 0.8657737
-0.3321746 0.011035277 -0.41499954 0.13944693 1.1051075 0.062571146 -0.659666 -0.07992229 1.2287961
-0.8624222 -0.7881956 -0.9215426 0.8203247 -1.2699636 -0.79923254 -1.3299164 4.5943346 0.0
-0.48395982 0.22621334 -0.21631096 -0.65012074 0.083398856 -0.32109866 -0.09578247 0.009986502 2.132957
0.059070546 -0.6725129 -0.43332574 0.0041250754 0.41133702 0.35924235 -0.16724735 -0.5300499 1.9573222
-0.28645602 -0.6135702 0.89833903 0.08774751 0.75741845 -0.50960785 -0.5224595 -0.04072181 1.3581175
-1.0420042 -0.9881766 -0.9007285 0.0150230955 -0.96258503 -0.99958736 0.92350626 3.9659295 0.0
-0.4272548 -0.37211883 0.39907104 -0.3506286 -0.25487584 -0.5819557 0.32334754 0.2746388 1.6100199
-0.24405116 -0.26075456 -0.05089093 -0.26700637 -0.14377813 -0.36229083 -0.577504 -0.37298784 2.5673542
-0.4079001 -0.3111498 1.0704066 0.05892391 -0.40201265 -0.43428382 -0.13230085 -0.35669947 1.452545
0.14841583 0.65548927 -0.27472168 -0.6490209 2.368613 -0.8344517 0.69421834 -1.530998 0.0
