-0.52795744 -0.9536819 -0.8448534 2.6980743 -0.78263074 -0.3816555 -0.5995404 1.6397697 0.0
-1.1007588 -1.1131655 0.9057441 0.30871007 -1.0870048 -1.6087135 0.029849738 3.9189413 0.0
-0.074098885 -0.14175257 -0.18581815 0.26305425 -0.10254271 -0.45540974 0.6784226 -0.044598747 0.88254285
-0.28174666 -0.30937582 -0.5235898 -0.09695001 -0.33092147 -0.5976683 -0.5760431 1.948444 1.0572716
-0.4881235 -0.27312368 -0.31495753 -0.021257643 0.44871545 -0.3284348 -0.08500943 -0.011278341 1.6359195
-0.25697443 -1.5917068 1.680563 0.88913226 -1.0352056 -1.2803874 0.61909956 2.388978 0.0
-0.39206555 -0.10355117 -0.2927472 -0.64640397 -0.20343764 -0.027463833 -0.08208598 -0.35980326 2.2802978
-0.6721548 -0.2256355 -0.30718392 -0.19172373 -0.376779 -0.03614892 -0.45142806 0.13188362 2.4297116
-0.22497068 -0.4338402 -0.17635252 -0.014017831 -0.36313707 -0.44320744 -0.6217793 -0.039816216 2.372401
-0.7941462 -1.0492095 -0.15316458 0.402998 -0.4252201 -0.847166 -0.18737426 3.412521 0.0
-0.004249467 -0.48116794 -0.3060185 -0.17085204 -0.326568 -0.4513357 -0.07942731 -0.12679149 2.0322309
-0.31724125 -0.3329272 -0.6668354 -0.5066221 0.13697979 -0.19869809 -0.124542594 -0.2760115 2.3859105
-0.39848042 -0.7830675 -0.5983148 -0.21182813 0.22177662 -0.6818197 -0.35263297 0.17924902 2.4002018
-0.93188334 -0.9940176 0.1724438 0.9267128 -0.86296976 -0.44295886 -0.68933654 3.2149272 0.0
-0.39176953 -0.5195253 -0.40262383 -0.5271452 -0.04584045 -0.33975023 -0.31103492 -0.3387038 2.8649626
-0.49945852 -0.27643833 -0.20936559 -0.36550707 -0.48745352 -0.21909185 -0.45432392 -0.20116149 2.5956101
-0.4674413 -0.5233649 -0.24046727 -0.698713 -0.6413444 -0.2814355 -0.13292639 0.044440337 2.6737094
-0.68555754 -1.1189103 -0.8020745 0.42791444 -0.9793995 -0.9243873 1.8150741 2.7320597 0.0
-0.13863349 -0.631486 -0.1348885 -0.5621646 -0.32748798 -0.24705625 0.043101013 0.12454491 1.8557137
-0.36351427 -0.5827132 -0.491279 -0.33082247 -0.32872623 -0.18709113 -0.29887855 -0.20105347 2.5069745
-0.2756663 -0.607195 -0.5178618 -0.40559784 -0.1792409 -0.10080939 0.19870552 0.10247394 1.7553504
-0.30636227 0.76352936 -0.35831198 -0.50511247 1.5292172 0.5319111 0.4762886 -0.39035743 0.0
