-1.0429462 -1.0151472 -1.3863602 4.2275844 -0.5216464 -1.0189943 -0.9587188 0.75310004 0.0
-1.2522025 -1.165614 -0.48981023 -0.49272797 -1.2775147 -1.2760606 -0.67783815 5.6476173 0.0
0.32686853 -0.52376896 -0.77751285 -0.8385959 -0.76240283 -0.45050856 0.5007829 1.9305338 0.28625646
-0.969297 -0.13888007 -0.88497937 -0.66141284 -0.655626 -0.53258216 -0.54078984 3.5349085 -0.06785288
-0.33508798 -0.24500802 -0.8566416 0.5172652 0.37302983 -0.4915239 -0.8020829 -0.40991125 2.1146023
-0.92968345 -1.5247741 -0.41188356 0.023225684 -1.0541521 -1.49017 -0.31670693 4.9283314 0.0
-0.5531257 -0.23235759 -0.08160136 -1.3580638 -0.16817904 0.8451533 -0.49488315 -0.49318004 2.4852705
-0.46156317 -0.1270277 -0.80673844 0.79055375 0.30818337 0.24959202 -0.37458128 -1.0997319 2.0130544
0.35531238 0.2057893 0.019738926 -0.7439526 -0.5425642 0.089143425 -0.5859888 0.25368083 1.8524743
-0.7154205 -1.6028826 -0.45370507 -0.19760051 -0.9750072 -1.247994 -1.6636585 5.2341056 0.0
0.1555599 -0.37208456 -0.47579947 -0.02694447 -0.12658802 -0.6191841 0.3696618 -0.24293974 1.8677595
-0.56300795 -0.71390754 0.30823183 -0.34506345 0.09331523 0.07988641 -0.41437405 0.7085867 1.3283778
-0.7255921 -0.4067548 -0.5577562 0.17632629 1.2437167 -0.18769781 -0.44614092 -0.1452218 1.6753963
-1.2514304 -1.0951471 -0.8989112 0.84272665 -1.3572847 -0.8607054 -0.85742825 4.574256 0.0
0.15825967 -0.13865285 -0.35337973 -0.59731203 -0.19676454 -0.3198438 -0.23720622 -0.22461894 2.4531744
-0.113478474 -0.46937045 -0.6731788 -0.63760394 0.5684105 -0.044510916 0.3103414 -0.24479267 2.14341
-0.08081145 -0.7329248 1.0181917 0.025245238 0.42137358 -0.7182507 -0.51695997 -0.2487855 1.7196882
-0.97176903 -0.9148457 -0.64300424 0.36287895 -1.3755258 -1.5993358 1.0073947 3.791452 0.0
-0.46130434 -0.35104153 0.07686719 -0.36255106 -0.57101357 -0.20572115 0.1256571 0.07101508 2.0734944
0.021504268 -0.2011652 -0.49003118 -0.419724 -0.3181061 -0.25292405 -0.14334829 0.108397245 2.375883
-0.4863606 -0.37052932 0.15944462 -0.4496327 -0.43590504 -0.27151537 0.2351003 -0.49286094 2.1484988
-0.26103118 1.1062794 -0.9300447 -0.8893272 2.2595758 -0.44092554 0.6603613 -1.2610359 0.0
