-1.1096425 -0.55964667 -1.5067592 4.753449 -0.58684546 -1.2907288 -1.3795321 0.39400443 0.0
-1.1156464 -1.0939027 -0.9639043 -0.39256772 -0.947864 -1.029764 -0.56580204 5.7812896 0.0
0.5132799 -0.5195018 -0.002315512 -0.69490063 -0.7014192 -0.3540722 -0.1391591 1.8659258 0.22821404
-0.8567276 -0.16635008 -0.90554225 -0.34402657 -0.48360023 -0.46131045 -0.8826104 3.5649931 -0.6146908
-0.6051455 0.0568678 -0.64655006 0.74375695 0.32955268 -0.58212745 -0.8008621 -0.27170652 1.9439964
-1.3161066 -1.3100914 -0.5444037 0.14278716 -1.2778097 -1.223876 -0.09259034 5.061058 0.0
-0.52918947 -0.6630824 -0.4141644 -1.1377206 -0.42459133 0.8368768 -0.441024 -0.59649247 3.084891
-0.77477545 -0.010892018 -0.757227 0.6997278 0.041466787 -0.17551287 -0.61774313 -0.9460077 2.5888906
0.42751935 0.6418071 0.20474535 -0.53407854 -0.73922104 0.008910208 -0.4830402 0.400197 1.4369433
-0.35719004 -1.275475 -0.5516309 -0.6884691 -0.9312952 -1.2441508 -1.493242 5.3699107 0.0
0.717851 -0.58060735 -0.84104556 -0.29661185 -0.31502375 -0.6660762 1.1705278 -0.25351733 1.5524061
-0.11549982 -0.58184725 -0.11526881 -0.36703882 0.019514712 0.08743556 0.2340437 0.5678554 0.8388294
-0.3375923 -0.16548029 -0.5145682 0.07718938 1.1154559 0.060604107 -0.48122296 -0.0920497 1.4104007
-0.86644566 -0.83372456 -0.92446035 0.8257144 -1.2985713 -0.8186146 -1.3374279 4.6043973 0.0
-0.37391144 0.213305 -0.21789835 -0.612705 0.029260363 -0.2523792 -0.103646405 -0.24114159 2.1979828
-0.05375056 -0.69308347 -0.44297957 -0.25333232 0.42816594 0.3544002 -0.17243725 -0.26371226 2.0565445
-0.32372424 -0.6268856 0.8896692 0.03817144 0.7753637 -0.50407696 -0.548552 0.0013086128 1.4058805
-1.045103 -1.0145861 -0.8853767 0.016270703 -0.98022497 -1.0120336 0.959618 3.954751 0.0
-0.48604774 -0.33480528 0.28338695 -0.4149167 -0.27251843 -0.6049373 0.31980434 0.28182858 1.7529371
-0.2544203 -0.27397406 -0.25644398 -0.27375677 -0.16188543 -0.37726247 -0.59463304 -0.17769565 2.604237
-0.46502197 -0.317212 1.0034794 0.040483247 -0.4399963 -0.43294436 -0.021189537 -0.36987808 1.5005667
-0.08777522 0.63899773 -0.27491903 -0.6729855 2.390041 -0.7034588 0.69657135 -1.5555574 0.0
