-0.64071 -0.43873763 -1.1317612 4.25006 -0.4012624 -0.93386847 -1.0446568 0.53487337 0.0
-0.6206106 -1.0215838 -0.8043431 -0.13531227 -0.21032162 -0.3414282 -0.23365445 5.1492577 0.0
0.6316742 -0.39010412 -0.22742835 -0.45698225 -0.5127635 -0.050058857 0.10421881 1.5269333 -0.13469411
-0.8357823 -0.29914692 -0.72275835 0.19754188 -0.28571153 -0.5798354 -0.6012406 3.3586416 -0.5358641
-0.8595866 -0.18327045 -0.31514883 0.6345657 0.1987341 -0.21480542 -0.6302593 -0.17347614 2.2508879
-0.94070596 -0.60052514 -0.40038276 0.13241602 -1.0404333 -0.36307645 -0.1638895 4.7002654 0.0
-0.19929259 -0.37868446 0.11456472 -0.47901404 -0.17812027 0.9263148 -0.29220125 -0.3726747 2.2746425
-0.42653385 0.1542466 -0.26780674 0.44241688 0.27635798 -0.021709561 -0.7117942 -0.66816634 2.380945
0.5589896 0.526409 0.12886055 -0.67022246 -0.36241308 0.42104393 -0.85027355 -0.10371955 1.6897013
-0.2261437 -0.3986025 -0.4758792 -0.89683133 -0.8624255 -0.8524988 -0.8424653 5.3814254 0.0
0.12117202 -0.47284082 -0.93820035 -0.2572522 -0.19606818 -0.29210442 0.8196402 -0.06890544 1.962718
-0.18405224 -0.38329205 -0.27229214 -0.12710246 0.08294196 0.09250262 0.08159643 0.8316994 0.46796474
-0.19828548 -0.09550549 -0.17837167 0.13107814 0.5954134 0.044451866 -0.25727323 0.17115636 0.88634044
-0.7308338 -0.13306856 -0.8274141 0.67189574 -0.62815243 -0.3745299 -1.1131461 4.274426 0.0
-0.24254183 0.30938345 -0.06925454 -0.3840343 0.06643723 -0.26028305 -0.21052326 -0.08402253 1.5274694
0.07904952 -0.2692557 -0.2181322 -0.20528713 0.54445505 0.17823029 0.1224262 -0.3034099 1.1999297
-0.10036673 -0.23068756 0.5766189 0.24228778 0.88588524 -0.22445486 -0.038513042 -0.21657553 0.7652462
-0.6468357 -0.5901084 -0.7007511 0.011483603 -0.8415162 -0.6031837 0.7915292 3.9003532 0.0
-0.3449997 -0.0013899768 0.5309095 -0.47870344 0.012003945 -0.39521036 -0.0707523 0.20682667 1.3481852
-0.3744019 -0.16068117 -0.049850054 -0.12537315 -0.03591055 0.19543242 -0.529134 -0.021888144 1.9466361
-0.27630433 -0.11643723 0.41238922 0.2500867 -0.14652675 -0.23812684 -0.06546651 -0.3818645 1.6226884
0.19057792 0.5920185 -0.259775 -0.27986512 2.5604472 -0.75595164 0.48141193 -1.4146496 0.0
