-1.0973636 -0.64036196 -1.498058 4.763561 -0.58243954 -1.2819529 -1.3717473 0.3932662 0.0
-1.1024147 -1.0866387 -0.960363 -0.3841666 -0.9398074 -1.0069098 -0.55572385 5.7660446 0.0
0.5394312 -0.5156437 0.00964516 -0.69139963 -0.7070243 -0.35374734 -0.13696769 1.8486681 0.22339466
-0.84345376 -0.16627163 -0.9210217 -0.32615715 -0.47711566 -0.73459363 -0.87606186 3.6399803 -0.65589815
-0.6030805 0.056678753 -0.6212048 0.7444266 0.34261477 -0.571196 -0.78744864 -0.26958162 1.9323207
-1.3086972 -1.2894629 -0.5410107 0.13968848 -1.2747222 -1.193997 -0.091574796 5.059176 0.0
-0.5193931 -0.52454334 -0.26611912 -1.1169401 -0.41755223 0.85963714 -0.43074343 -0.59417105 2.9030387
-0.76538867 -0.0069429683 -0.7414343 0.61728084 0.05522722 -0.17466204 -0.6096207 -0.9345232 2.6313038
0.4273905 0.6281867 0.20138994 -0.60267204 -0.7653975 -0.0009041735 -0.5151477 0.49261138 1.4515556
-0.3538847 -1.2456493 -0.5499749 -0.7040978 -0.9298356 -1.2346166 -1.4762306 5.3768425 0.0
0.71275634 -0.5942695 -0.83717495 -0.29436508 -0.31351405 -0.624456 1.0582222 -0.24665119 1.6630161
-0.158754 -0.57521635 -0.12463267 -0.36280105 0.024072146 0.085263334 0.23707837 0.5694252 0.8614142
-0.33401138 0.0148029 -0.50815594 0.12223223 1.112439 0.059355237 -0.6152977 -0.08056513 1.265464
-0.86387783 -0.8032404 -0.922524 0.82231206 -1.2795243 -0.8057067 -1.3324409 4.5977006 0.0
-0.37388453 0.226937 -0.2190693 -0.6492226 0.08228898 -0.28347173 -0.09280974 -0.1546263 2.1441338
0.05626672 -0.67919344 -0.43655282 -0.042244587 0.4146116 0.3621978 -0.17490071 -0.4844836 1.9736085
-0.31229895 -0.61914897 0.90337664 0.036715813 0.76498157 -0.49323353 -0.5264412 -0.03937331 1.3900771
-1.0373738 -1.0024478 -0.8985832 0.015746241 -0.96845865 -1.0045923 0.9543061 3.954264 0.0
-0.46451706 -0.38605538 0.39234018 -0.3533996 -0.25390854 -0.58961064 0.33111697 0.27704373 1.6382262
-0.24752457 -0.26665288 -0.053201113 -0.26989922 -0.1495387 -0.36747903 -0.583212 -0.37024602 2.5800924
-0.43494934 -0.313158 1.0574958 0.056746177 -0.40753937 -0.43689188 -0.03701515 -0.35875022 1.4330745
0.0554665 0.6619719 -0.27448362 -0.6528556 2.3998234 -0.8327162 0.6756645 -1.5393767 0.0
