-0.733943 -0.88094646 -0.9023737 2.627614 -0.8670474 -0.6644471 -0.5174193 1.929856 0.0
-1.2152466 -1.2370951 0.797941 0.24685843 -1.1048001 -1.428272 -0.12638928 4.106016 0.0
0.075254664 0.08399586 -0.5735565 -0.034480248 -0.12992458 -0.014957422 0.4693218 -0.17600282 1.1368946
-0.21513371 -0.46227965 -0.53587466 -0.06737028 -0.6232684 -0.5205839 -0.40763867 1.8221226 1.2466917
-0.8475722 -0.5622097 -0.5030508 -0.06379691 0.6166142 -0.24610451 -0.109971605 0.067221105 1.9079036
-0.34000292 -1.7097187 1.3297392 0.56665015 -1.138673 -1.2466778 0.259203 3.0745609 0.0
-0.31640804 -0.36426347 -0.34700376 -0.67488587 -0.3966175 -0.15822147 -0.2307474 -0.3234157 2.6273754
-0.55774134 -0.27996117 -0.1756796 -0.4767528 -0.26371354 -0.15273732 -0.4515895 -0.21402358 2.6373627
-0.12116181 -0.24000336 -0.39670715 0.034445386 -0.12184024 -0.44609213 -0.6884127 -0.15636815 2.3043075
-0.55131364 -0.88048166 -0.3421506 0.23473875 -0.3879079 -0.8152713 -0.2708996 3.3919437 0.0
-0.18697415 -0.41284108 -0.20035161 -0.27613938 -0.3746065 -0.72478455 0.08413046 -0.1926365 2.2052102
-0.19300269 -0.6235393 -0.5626241 -0.42616987 0.0028890767 -0.11776451 -0.08664538 0.22016406 2.0615163
-0.27360648 -0.744343 -0.3829098 -0.3273386 0.089656785 -0.5962537 -0.25609082 0.20654798 2.2697272
-0.7737896 -1.1760075 0.36393008 0.5455211 -0.5521709 -0.54080623 -0.6318143 3.2860708 0.0
-0.5333394 -0.49486697 -0.23414889 -0.5007589 -0.16370201 -0.10313386 -0.32328135 -0.20170733 2.70501
-0.54402137 -0.31277463 -0.45397773 -0.3724896 -0.32859096 -0.41296178 -0.48090082 -0.24929889 2.8676374
-0.5995404 -0.3613298 -0.40823123 -0.5086143 -0.62665606 -0.33897993 -0.3475288 -0.11349446 2.9723184
-0.84766376 -0.97389925 -1.0368545 0.45181865 -0.91917217 -0.8706278 1.7968318 2.7234354 0.0
-0.44543162 -0.7046838 -0.14436515 -0.53079903 -0.46459273 -0.5662049 -0.029731823 -0.014988477 2.5171492
-0.36972234 -0.61999017 -0.5919215 -0.2242429 -0.44072142 -0.23834606 -0.0045181066 -0.34265393 2.6434755
-0.45600852 -0.74830693 -0.41992703 -0.540774 -0.46999922 -0.14357172 0.3067418 0.11840787 2.1581974
-0.253028 0.6026835 -0.63686335 -1.0068381 2.6659794 -0.22947782 0.057455413 -0.9040734 0.0
