-1.088046 -0.64294636 -1.4914502 4.551164 -0.57901216 -1.2752944 -1.3658347 0.6148152 0.0
-1.0924206 -1.0811265 -0.9576668 -0.3778748 -0.921777 -0.9898071 -0.54815185 5.7532635 0.0
0.5381355 -0.5141249 0.009886909 -0.6889444 -0.70481795 -0.35158268 -0.14755107 1.8508762 0.22064471
-0.8334602 -0.1661999 -0.94532686 -0.3246042 -0.4752616 -0.7411355 -0.8706972 3.64617 -0.65797013
-0.5989498 0.044490233 -0.6123829 0.72854656 0.34132522 -0.5629896 -0.68467695 -0.2679738 1.9300435
-1.3030698 -1.273936 -0.53843504 0.13950598 -1.2716118 -1.1716822 -0.09080708 5.0555243 0.0
-0.512039 -0.5534752 -0.21662341 -1.0122228 -0.41186637 0.8674127 -0.42425835 -0.590927 2.8448915
-0.7583473 -0.06261333 -0.74104553 0.672424 0.056501262 -0.1732941 -0.6033292 -0.92829806 2.5882132
0.5644468 0.632921 0.20152618 -0.61479896 -0.7651037 -0.0011122064 -0.69997966 0.3259174 1.5531018
-0.35138223 -1.2233541 -0.5487142 -0.703771 -0.92872614 -1.2273883 -1.4631704 5.3732944 0.0
0.7343589 -0.5945924 -0.827362 -0.28946117 -0.3079862 -0.3727499 0.8442204 -0.24506883 1.7035519
-0.1914576 -0.5704542 -0.112107225 -0.35964242 0.023322294 0.11157125 0.23617488 0.55440426 0.86527514
-0.33053404 0.0055872956 -0.39449468 0.13829495 1.1007824 0.06558445 -0.6618819 -0.079680346 1.2252663
-0.86166346 -0.7807235 -0.92104864 0.8194065 -1.2651743 -0.7959908 -1.3286463 4.5925994 0.0
-0.50056535 0.22569396 -0.21492879 -0.64880764 0.0831478 -0.32276025 -0.09615217 0.034516852 2.1277115
0.059090942 -0.66920584 -0.4317087 0.009184438 0.40975574 0.3584603 -0.15292674 -0.53193045 1.9416337
-0.2482223 -0.6107417 0.89594805 0.09569609 0.75454307 -0.5428937 -0.5206955 -0.04082993 1.3511087
-1.0404191 -0.98473126 -0.9000097 0.014918033 -0.95964026 -0.9969235 0.8894007 3.9802394 0.0
-0.39776894 -0.36908287 0.3987623 -0.33981264 -0.2535002 -0.5781895 0.3215 0.27343792 1.5890211
-0.242319 -0.2584884 -0.050574534 -0.26550224 -0.14232141 -0.35945612 -0.57465005 -0.37224597 2.5609128
-0.40321258 -0.31005642 1.0633988 0.05894761 -0.3994307 -0.43275928 -0.13270439 -0.35571572 1.452908
0.15882869 0.64420265 -0.27475396 -0.6471858 2.3689482 -0.8342924 0.6963654 -1.5267905 0.0
