-1.1339636 -0.56291395 -1.5237876 4.766241 -0.5923225 -1.3078797 -1.3947573 0.39545438 0.0
-1.1417589 -1.1081316 -0.96593744 -0.4093951 -1.0071179 -1.0755997 -0.5858773 5.811031 0.0
0.48855522 -0.55383855 -0.19172624 -0.7162907 -0.6955797 -0.34426054 -0.15984252 1.9791509 0.19737005
-0.88307154 0.055981163 -0.915974 -0.7792876 -0.49922243 -0.46497267 -0.89671135 3.395075 -0.31635988
-0.6023155 0.06461203 -0.728394 0.570537 0.23908445 -0.60376656 -0.8309028 -0.28357196 2.1622415
-1.3306022 -1.3510656 -0.55104816 0.054967556 -1.288359 -1.2840065 -0.09459312 5.1531425 0.0
-0.55335116 -0.48805 -0.20438123 -1.1017705 -0.43921787 0.8327622 -0.46534315 -0.45934886 2.7908268
-0.7933657 -0.031613644 -0.78579044 0.68918145 0.025173174 0.012260459 -0.6308397 -1.1268622 2.6471224
0.40658167 0.5384025 0.188399 -0.499362 -0.7416136 -0.016325045 -0.31369245 0.40338147 1.4776771
-0.36369288 -1.335405 -0.5548586 -0.27988446 -0.9422879 -1.2628282 -1.5273898 5.1043816 0.0
0.7160138 -0.26622057 -0.69712085 -0.30373612 -0.319399 -0.66305983 1.1432762 -0.45713347 1.3698719
-0.28248385 -0.59339726 0.058982447 -0.42929786 -0.09866874 0.00604844 0.24280448 0.6719087 0.88020295
-0.30793968 -0.23943968 -0.56652313 0.079467796 1.205639 0.0014222087 -0.5061628 -0.22792031 1.5240251
-0.8721317 -0.8961213 -0.92823267 0.80394274 -1.3363303 -0.8442527 -1.346842 4.6277895 0.0
-0.32506734 0.20762804 -0.24249022 -0.6184168 -0.023692938 -0.2676601 -0.14187251 -0.24939369 2.2435982
-0.10001894 -0.599968 -0.45548412 -0.4531598 0.5677715 0.15141444 -0.17187034 -0.24072604 2.1605663
-0.32233322 -0.6165993 0.88770497 0.0059537794 0.6364346 -0.52616 -0.5623599 0.099132404 1.4806316
-1.0654548 -1.033298 -0.89452434 0.32542938 -1.1806109 -1.0330752 0.97002804 3.8725104 0.0
-0.4960207 -0.34888574 0.15216224 -0.427873 -0.37917224 -0.45361647 0.2945541 0.28548783 1.8587841
-0.17932957 -0.2746665 -0.32988387 -0.30285257 -0.17204544 -0.37484384 -0.6311635 -0.13717493 2.6311815
-0.5207742 -0.31651974 0.7595296 -0.15022767 -0.4680552 -0.16246884 0.092865914 -0.23072192 1.5048026
-0.16207725 0.6413709 -0.50916356 -0.69323003 2.449183 -0.56036085 0.79054874 -1.5576359 0.0
