-0.54959023 -0.82799196 -0.7158735 2.6935208 -0.6107183 -0.42266953 -0.37429455 1.3335298 0.0
-1.0021671 -0.8591038 1.0772449 0.5453935 -0.9700639 -1.8067907 0.21802033 3.490305 0.0
0.0015085567 -0.32981813 -0.19825654 0.20338653 0.013546159 -0.361167 0.29396886 0.4693735 0.84409577
-0.36140245 -0.35456762 -0.514914 0.005088377 -0.28841832 -0.77651525 -0.26048732 1.7552664 1.2331684
-0.51193804 -0.42753857 -0.02099505 0.12803583 0.20109661 -0.10308197 -0.009343413 0.0675877 1.39521
-0.16528729 -1.3617216 1.7244202 0.8806533 -0.6548123 -1.263924 0.39501908 2.2224443 0.0
-0.44015154 -0.3687315 -0.34841096 -0.46581578 0.022429973 -0.25629434 -0.39082873 -0.016200872 2.3665407
-0.5187185 -0.23750667 -0.55541503 -0.2259856 -0.23637527 -0.026506577 -0.56188995 0.012873437 2.575781
-0.12984285 -0.23875047 -0.45758972 0.04591814 -0.21725106 -0.33520776 -0.49720138 -0.169255 2.235275
-0.7777007 -1.1125406 0.020851344 0.5097766 -0.42645353 -0.72714067 0.030588988 3.1614568 0.0
-0.16050284 -0.3953326 -0.36176118 -0.3479862 -0.069529355 -0.34120992 0.0083811255 -0.13338205 1.9668808
-0.41312367 -0.4231839 -0.39286909 -0.16352151 0.14578925 -0.1793913 -0.054000724 -0.24297838 2.0983326
-0.31673703 -0.7799258 -0.47777212 -0.19594744 0.19982006 -0.35833943 -0.26745853 0.20286423 2.0072453
-0.94010174 -1.0946037 0.2774439 1.0828305 -1.0054351 -0.14858547 -0.7486591 3.0370398 0.0
-0.51003903 -0.44702053 -0.5391655 -0.2536395 0.06729858 -0.29868338 -0.08563255 -0.14371498 2.5845315
-0.49722183 -0.4253386 -0.3446367 -0.33672887 -0.32965708 -0.22101739 -0.3662961 -0.25194964 2.6068854
-0.60078937 -0.67452437 -0.31461075 -0.3422331 -0.49096012 -0.26584357 -0.061579596 0.08644978 2.4760375
-0.7696883 -0.96237326 -0.72845536 0.63496715 -0.8895337 -0.9590156 2.4678886 1.8088677 0.0
-0.28469795 -0.47641376 -0.40157092 -0.37351117 0.070585474 -0.075429685 -0.08747796 0.223689 1.5889492
-0.21070696 -0.5985977 -0.31410733 -0.4041897 -0.30901575 -0.32954118 -0.053739205 0.033114124 2.182189
-0.35511246 -0.38391566 -0.21953122 -0.24064866 -0.13802718 -0.17537595 0.17002197 0.1869711 1.3666186
-0.57073563 1.1303391 -0.2655932 -0.26864928 0.5729807 0.9903692 1.113422 -0.2758828 0.0
