0.13018496 -0.39030653 -0.14116307 1.3946815 -0.06324837 0.29576945 -0.061307423 1.3546375 0.0
-0.347791 0.07570503 1.4217676 1.3228047 -0.46545112 -0.99360454 0.48158547 1.8035684 0.0
-0.15478034 0.059048615 -0.139879 0.23551437 0.26438445 -0.09414442 0.18526296 0.66941524 0.6884792
-0.3034596 0.09290591 -0.5889324 0.31748426 0.096225485 -0.5306276 0.12406356 1.193639 1.0825694
-0.17845595 -0.0751609 0.24260764 0.4238594 0.25445417 0.19918828 0.27791247 0.03276294 0.7699746
0.3530271 -0.5836363 1.1290065 1.1283547 0.036830187 -0.569051 0.59833 1.5206194 0.0
-0.39020976 -0.109965794 -0.099188596 -0.1021356 0.18809062 -0.041871242 0.082154304 0.040055975 1.3031837
-0.20734571 0.13757409 -0.3347155 -0.068061985 0.11669363 0.2837429 -0.25547072 -0.20357394 1.5188496
-0.045003094 0.14651023 -0.38745797 0.36714628 0.17581046 -0.17016277 0.051679935 0.40638706 0.8533965
-0.12135646 -0.5170717 0.45475173 0.5246631 0.271549 -0.35000467 0.4935588 1.906228 0.0
0.067632355 -0.46036 -0.35952264 -0.28697547 0.20526761 -0.3766357 0.47231504 0.12824386 1.2545251
-0.35814235 -0.25559393 -0.35075882 0.15222098 0.2775796 0.15123276 0.39165598 0.16302718 1.0519129
-0.061853103 -0.60219586 -0.079618745 -0.105139025 0.3665582 -0.082451366 -0.13379595 0.35683927 1.0322435
-0.59579384 -0.41520524 0.45150095 0.96555156 -0.15777884 0.65007406 -0.26883182 1.5934823 0.0
-0.17395222 -0.07788217 -0.10703238 -0.053437922 0.2768724 -0.08400165 0.42470747 0.13027167 1.2614708
-0.35028994 -0.3653166 -0.10664833 -0.1685931 0.079896815 0.046765313 0.09814694 0.057927802 1.2659228
-0.42240104 -0.29366046 -0.3852438 0.043549176 -0.43942013 -0.48847735 0.070720434 0.75873685 1.221349
-0.3747804 -0.08641981 -0.08213672 0.70635235 -0.11785206 -0.26648694 0.984546 1.4495181 0.0
-0.18650211 -0.43214127 -0.20920925 0.15109463 0.13988632 -0.14613518 0.10797243 0.30116722 1.0104676
-0.41556233 -0.34928843 -0.000239283 -0.003559212 -0.097037956 -0.024374533 -0.18117307 0.41948804 1.2371228
-0.3270338 -0.23791496 -0.16427399 0.023479426 0.04358891 -0.07448537 0.26738572 0.20164782 0.8772395
-0.100131765 0.9904281 0.013996895 -0.10924378 1.3499278 0.51230454 0.5244212 0.23329599 0.0
