-0.90110856 -0.5540691 -1.1721425 4.345273 -0.508152 -1.1496776 -1.2414852 0.5510481 0.0
-0.89325184 -1.1849393 -0.8999784 -0.2622611 -0.54514366 -0.6777796 -0.40472677 5.6011863 0.0
0.70720476 -0.43677512 -0.25694802 -0.57585627 -0.6514091 -0.05387807 0.11237459 1.6271985 -0.1458596
-0.9789307 -0.31245583 -0.8631151 0.20227998 -0.33427927 -0.67960215 -0.7699289 3.427237 -0.6113187
-0.8766991 -0.2545414 -0.5409196 0.68147904 0.2697229 -0.30895838 -0.7752161 -0.22031835 2.3032963
-0.9464916 -0.97471416 -0.48453858 0.13693509 -1.1839638 -0.77223617 -0.21836123 4.7286434 0.0
-0.37496954 -0.5102341 -0.19372511 -0.7610907 -0.30441958 1.0435287 -0.07024757 -0.4756935 2.3566644
-0.6182388 0.21459186 -0.5349877 0.420828 0.2997188 -0.028844288 -0.81921685 -0.86512774 2.496195
0.6035837 0.82831484 0.17415285 -0.8345775 -0.68935215 0.6493505 -0.95467526 -0.1083019 1.7475604
-0.3003693 -0.8207839 -0.5215806 -0.9201089 -0.90454984 -1.0780138 -1.2020739 5.4995384 0.0
0.5071706 -0.57520056 -1.0455731 -0.29219085 -0.25980145 -0.3919303 0.58142924 -0.21434766 2.0999205
-0.23380026 -0.44414175 -0.2368389 -0.16029367 0.103571974 0.103232205 0.058645986 0.8509565 0.5273562
-0.27573037 -0.1196531 -0.2899362 0.15903628 0.7774909 0.08354191 -0.47490397 0.21741155 1.071764
-0.81259215 -0.416318 -0.8820326 0.7627558 -0.98605067 -0.60861236 -1.2474991 4.473664 0.0
-0.32622865 0.39959678 -0.149233 -0.5351341 0.113373056 -0.43670648 -0.30186594 -0.12419685 1.9205745
0.12602702 -0.48405737 -0.34092218 -0.24252124 0.64847285 0.2983621 0.14739901 -0.43656614 1.4143181
-0.19149236 -0.3986283 0.59784496 0.3288773 0.91872567 -0.42216837 -0.045202322 -0.26254338 0.8987123
-0.87885064 -0.78498 -0.8234719 0.01355952 -1.0542829 -0.83366567 0.80719554 3.9671311 0.0
-0.5168595 -0.0019973808 0.69589293 -0.5598735 -0.07482465 -0.57998914 0.012311584 0.30904087 1.5382828
-0.55331177 -0.25893596 -0.08860534 -0.19076058 -0.08699665 0.21423309 -0.6435224 0.025776917 2.0897927
-0.46566093 -0.17326711 0.6404678 -0.008438129 -0.30831933 -0.36765587 -0.09895562 -0.47962713 1.8263544
0.19240133 0.5942075 -0.26936936 -0.28130615 2.2706223 -0.8056186 0.4840832 -1.2747504 0.0
