-1.0210307 -0.64121103 -1.3436651 4.2084436 -0.61019534 -0.9914506 -1.0852286 0.6865398 0.0
-1.1963887 -1.1418176 -0.459854 -0.46084553 -1.1598243 -1.1905059 -0.63528687 5.555638 0.0
0.5119917 -0.24517153 -0.53743565 -0.9865713 -0.72219044 -0.27217734 0.13522193 1.8994298 0.0947371
-0.74929845 0.25547796 -0.85730195 -0.65724015 -0.5117201 -0.5053532 -0.68603414 3.1216226 -0.309136
-0.61719877 -0.2426581 -0.7497664 0.3550805 0.42486995 -0.5719904 -0.9180577 -0.037646025 2.2724166
-1.1732802 -1.4514965 -0.5575572 -0.18162298 -1.3132675 -1.4357172 -0.30595887 5.364046 0.0
-0.82003653 -0.4813783 -0.26466754 -1.2127626 -0.18983065 1.128254 -0.25434482 -0.4146473 2.425766
-0.72660965 -0.060707297 -0.8717459 0.5595706 0.019326627 0.17360233 -0.49115998 -1.2319311 2.7002742
0.4475533 0.31350097 0.2358214 -0.7174483 -0.48074952 -0.11320728 -0.6683088 0.45184296 1.5577631
-0.6681113 -1.4860919 -0.56244653 -0.16879468 -1.2218466 -1.2144958 -1.6099544 5.405024 0.0
0.26180965 -0.27496916 -0.6196746 -0.14368412 0.078695804 -0.8464486 0.6167919 -0.41302675 1.8451031
-0.33423722 -0.787298 0.089918956 -0.45146075 0.020331832 0.07507779 -0.009539097 0.5858478 1.2240825
-0.42757553 -0.030444838 -0.7982471 0.2234669 1.1562468 -0.16471212 -0.66952944 -0.36311835 1.7145357
-1.1878028 -1.0048486 -0.93712896 0.82323885 -1.2577132 -0.9070463 -0.789853 4.5984216 0.0
0.10671328 0.13367295 -0.3685517 -0.7234573 -0.16068748 -0.30768746 -0.21197306 -0.25434953 2.308576
-0.15789557 -0.53356504 -0.47415042 -0.6217374 0.70434254 -0.110060245 0.010019791 -0.22674508 2.1539066
-0.25170484 -0.8484764 1.0059513 0.007262848 0.6035241 -0.6496342 -0.53884137 -0.18137607 1.6776671
-1.1073323 -0.81579953 -0.6305218 0.39096785 -1.2886077 -1.2777524 1.0166844 3.6885486 0.0
-0.4806131 -0.20966335 0.2617998 -0.47137687 -0.5205809 -0.23470418 0.19075881 0.073628046 1.9190273
-0.1309833 -0.26558185 -0.44929746 -0.1233841 -0.46207628 -0.22599131 -0.32399938 0.12213614 2.3633459
-0.5663152 -0.019371893 0.37662762 -0.38144177 -0.41633737 -0.22779407 0.17425095 -0.49491408 1.8203679
-0.264458 1.0421467 -0.6182553 -0.80553114 2.0468752 -0.5020134 1.0151083 -1.4335647 0.0
