-1.1828945 -1.1325338 -0.80973417 3.5323524 -0.98428315 -0.90085465 -1.1723883 1.5905268 0.0
-1.3030379 -1.4652513 0.00575627 -0.20504086 -1.3682317 -1.3422713 -0.49952972 5.189094 0.0
-0.05670791 0.10242556 -0.7226309 -0.26041186 -0.29451272 0.558921 0.63827616 -0.10257286 0.836783
-0.56329685 -0.33139864 -1.0019349 -0.480772 -0.77470803 -0.45582289 -0.5074768 2.9637237 0.36652654
-0.58133656 -0.737229 -0.6471115 0.37453637 0.60646415 -0.19929312 -0.6091205 -0.10519846 1.9433175
-0.5746457 -1.8567445 0.6062163 -0.12237037 -0.9551188 -1.5016752 -0.08544719 4.189878 0.0
-0.6166238 -0.111550786 0.045338187 -0.47375008 -0.050681762 0.058541443 -0.4261906 -0.37534475 2.1991742
-0.503344 -0.24968183 -0.30097723 -0.10474936 0.16346022 0.10037439 -0.43007973 -0.3201565 2.2404134
-0.09629787 0.04653179 -0.72346455 -0.42638126 -0.111630954 0.046401057 -0.8858658 -0.33586875 2.5121922
-1.0939991 -1.1333243 -0.62671137 -0.1179312 -0.6501485 -0.64377177 -0.7271534 4.227767 0.0
0.33098373 -0.5481476 -0.22758006 -0.14117889 -0.232033 -0.3973678 0.16047193 -0.5010531 1.8143483
0.2002374 -0.39147964 -0.62662375 -0.30412284 0.058564503 -0.35282135 -0.418205 0.26675722 1.8596759
-0.62242514 -0.51963997 -0.5080482 0.00027889354 0.39817214 -0.38255993 -0.7609594 0.12088646 2.3025498
-0.69296885 -1.117761 -0.14826843 0.5397932 -0.8618595 -1.0319823 -0.63609684 3.8116913 0.0
-0.54558235 -0.28913897 -0.55141973 -0.4512664 0.05348769 -0.18902715 0.053293355 -0.38773862 2.5097694
-0.6765581 -0.50020564 -0.25501966 -0.3966248 -0.06867036 -0.352169 -0.040311363 0.011754516 2.521738
-0.33441284 -0.0756955 0.20248206 -0.7352452 -0.1829618 -0.48894402 -0.37974793 -0.2620111 2.4725294
-1.3772299 -1.0183836 -0.5304202 0.24863654 -1.2421929 -1.3972988 1.9067545 3.1270344 0.0
-0.3700565 -0.51448363 -0.06352626 -0.004056152 -0.51528376 -0.42266026 -0.06888337 -0.37521988 2.3302362
-0.38259545 -0.42806113 -0.7624198 -0.44720563 -0.04426989 -0.12383256 -0.19083336 -0.21347296 2.5985284
-0.15809433 -0.15619457 -0.22281536 -0.38061407 -0.41699275 -0.4711848 0.07518868 -0.051481895 1.9274536
-0.46243382 0.4668319 -0.84063554 -1.192733 2.8125083 -0.21353392 0.3278567 -1.2065519 0.0
