-0.4379579 -0.33818763 -1.0884037 4.146439 -0.30834255 -0.7406664 -0.8617987 0.5174098 0.0
-0.41340303 -0.86589277 -0.70967317 -0.06457472 -0.07243265 -0.15867984 -0.12648678 4.689179 0.0
0.55694896 -0.34392983 -0.1984994 -0.39098775 -0.39264193 -0.04612052 0.09590152 1.4406799 -0.12310843
-0.70073307 -0.28498298 -0.5930074 0.19239378 -0.24533093 -0.4857733 -0.45631617 3.2848592 -0.46267378
-0.8330551 -0.12702414 -0.17229001 0.5860494 0.141333 -0.14317982 -0.50034446 -0.13287562 2.1866524
-0.934302 -0.3497729 -0.3236574 0.12755613 -0.90085936 -0.15620007 -0.11898961 4.668851 0.0
-0.105454564 -0.27152386 0.1348438 -0.2863274 -0.097880244 0.81110615 -0.30384073 -0.28385833 2.188101
-0.28235325 0.14341998 -0.17786199 0.4088362 0.25171342 -0.015811078 -0.6085607 -0.5009089 2.2752302
0.71347153 0.48745778 0.09207921 -0.62262833 -0.3567145 0.4146306 -0.74730176 -0.09884135 1.5240299
-0.16476105 -0.17783956 -0.42964455 -0.8715881 -0.8177924 -0.65620667 -0.56674784 5.2528257 0.0
0.21926269 -0.3800263 -0.83146656 -0.20967275 -0.14322992 -0.22252752 0.7987984 -0.053677052 1.631999
-0.1409438 -0.32522663 -0.2616426 -0.098947115 0.07077126 0.08188946 0.07992122 0.8119727 0.40325087
-0.13721322 -0.07430379 -0.10378708 0.1056553 0.499781 0.02193879 -0.129697 0.12769242 0.676758
-0.649361 -0.037066873 -0.7705226 0.58331585 -0.3797907 -0.21779943 -0.9803816 4.0629168 0.0
-0.17424156 0.23256175 -0.029338183 -0.26521593 0.032182664 -0.14600268 -0.15477592 -0.054317012 1.1998333
0.047657296 -0.13981995 -0.13248773 -0.17047 0.4480264 0.10280551 0.09953265 -0.20214814 0.9976256
-0.048748896 -0.1252172 0.5566296 0.17221135 0.85061705 -0.11079455 -0.032214552 -0.17473954 0.62917894
-0.4595215 -0.42924067 -0.5853671 0.009541377 -0.65450144 -0.4204054 0.7760912 3.8256447 0.0
-0.21981408 -0.00092772197 0.39246982 -0.40199995 0.011279838 -0.25757396 -0.06650367 0.13440679 1.1627382
-0.24207658 -0.09446804 -0.026214065 -0.078467056 -0.013331054 0.17641504 -0.39854997 0.20764206 1.6846939
-0.15424323 -0.07470855 0.36641505 0.20332849 -0.0668152 -0.1466245 -0.041276168 -0.2961416 1.4188577
0.18941125 0.5888326 -0.24948642 -0.27826837 2.553853 -0.704201 0.47846344 -1.4109333 0.0
