-0.7940292 -0.5081188 -1.1569941 4.3096967 -0.46553048 -1.0643375 -1.1644701 0.5449901 0.0
-0.78038806 -1.1214892 -0.86323726 -0.20520952 -0.38301608 -0.52562684 -0.33014157 5.4289765 0.0
0.67818385 -0.41884443 -0.24557446 -0.49901977 -0.59607244 -0.052428182 0.109305985 1.5778207 -0.1417073
-0.9231662 -0.30744988 -0.8081185 0.20050848 -0.31136188 -0.6407304 -0.7024408 3.4010222 -0.58215934
-0.8749345 -0.22534423 -0.44284672 0.6636992 0.24084255 -0.27000037 -0.7179125 -0.20162487 2.2879782
-0.9443405 -0.8144361 -0.4514326 0.13524058 -1.1285367 -0.5837501 -0.1963139 4.7180934 0.0
-0.28521574 -0.45681423 -0.18308108 -0.6401878 -0.2495589 0.9984085 -0.06926458 -0.4345195 2.3249967
-0.5382128 0.20939706 -0.33729535 0.40976354 0.2913166 -0.025958957 -0.7775915 -0.78606987 2.4427726
0.58663756 0.5497509 0.15574484 -0.69867104 -0.3656701 0.42470816 -0.91452366 -0.10657851 1.7258637
-0.27035448 -0.62792903 -0.5041338 -0.91140205 -0.888685 -0.9881216 -1.0535611 5.4554114 0.0
0.46278313 -0.5348709 -1.0043727 -0.28870973 -0.23404741 -0.340544 0.5399895 -0.07932821 2.039681
-0.21394517 -0.420515 -0.27849382 -0.14638251 0.09071043 0.099087514 0.08228255 0.8433632 0.50896025
-0.24402401 -0.11003071 -0.24224736 0.14802939 0.6994511 0.066107154 -0.378362 0.20190115 1.0003781
-0.78124315 -0.27284482 -0.86135864 0.72769016 -0.8341806 -0.5083333 -1.1958569 4.398672 0.0
-0.29226315 0.363415 -0.11228668 -0.47316536 0.099913545 -0.36049145 -0.25039965 -0.10744186 1.750492
0.10653392 -0.389449 -0.28889492 -0.22797962 0.6077471 0.24647748 0.13759153 -0.3814565 1.330454
-0.1507132 -0.32545662 0.5898364 0.29371727 0.90643436 -0.33402017 -0.04259525 -0.24445114 0.84667915
-0.78439575 -0.70613813 -0.7756184 0.012748902 -0.96970695 -0.7393685 0.8003791 3.94317 0.0
-0.44497007 -0.0017457434 0.6295372 -0.52826816 0.012432974 -0.5030778 -0.07326899 0.2637013 1.4656488
-0.47873008 -0.216698 -0.071590185 -0.16326487 -0.06269442 0.20705554 -0.620847 -0.027561514 2.0506132
-0.3837224 -0.14952235 0.44092342 0.28073242 -0.23401757 -0.31295925 -0.08489974 -0.44074 1.7509782
0.19123971 0.59382427 -0.26576886 -0.28077054 2.2607653 -0.78682095 0.4830844 -1.1285552 0.0
