-0.8461234 -0.5307028 -1.164578 4.3275285 -0.48647287 -1.1063806 -1.202537 0.5480244 0.0
-0.83517593 -1.1529226 -0.88150007 -0.23212506 -0.4573359 -0.5972338 -0.36571366 5.51479 0.0
0.69260883 -0.4277601 -0.25122297 -0.5122012 -0.62325424 -0.05315148 0.11083673 1.5932395 -0.14385447
-0.9507672 -0.30995414 -0.8352904 0.20139606 -0.31987482 -0.65996903 -0.73556656 3.4137518 -0.59662753
-0.87953466 -0.23956634 -0.48976868 0.6725854 0.2549472 -0.28891438 -0.7461459 -0.21080782 2.2990856
-0.9454204 -0.8913483 -0.46776885 0.13608903 -1.1560445 -0.67185336 -0.20709527 4.7233896 0.0
-0.3171461 -0.4829098 -0.18835235 -0.69760257 -0.27575815 1.0208231 -0.069756575 -0.4547359 2.3401318
-0.57658684 0.21199001 -0.36128336 0.4152847 0.29590195 -0.027370322 -0.79822797 -0.8248341 2.461415
0.595089 0.55694705 0.16473474 -0.7073303 -0.36742443 0.42654243 -0.93447536 -0.10744066 1.7367271
-0.28503665 -0.7183599 -0.51282275 -0.915765 -0.89661837 -1.0322958 -1.1257102 5.47753 0.0
0.48457146 -0.5547621 -1.0248598 -0.29874656 -0.24664824 -0.35637748 0.55025226 -0.082710914 2.0611763
-0.22369796 -0.43222103 -0.2803583 -0.15378594 0.09314857 0.10112695 0.08196959 0.84756017 0.52178144
-0.25949377 -0.11474275 -0.265134 0.15345952 0.7335555 0.074353285 -0.4241229 0.21202575 1.0368986
-0.79683495 -0.3373851 -0.8716813 0.74509287 -0.90729237 -0.5564528 -1.2215227 4.43618 0.0
-0.30885804 0.38116044 -0.1295463 -0.50334686 0.112737566 -0.39698157 -0.2823526 -0.11555534 1.8373513
0.11591731 -0.43440822 -0.31395483 -0.23517145 0.6278723 0.27130482 0.1424344 -0.40821072 1.3719372
-0.16998245 -0.36036262 0.5938108 0.31094754 0.9126143 -0.37572667 -0.043885633 -0.25337744 0.8724275
-0.83049905 -0.74469835 -0.7992966 0.013149829 -1.0113052 -0.7853206 0.80302066 3.9559486 0.0
-0.47973776 -0.0018676155 0.66125655 -0.54391384 0.012562989 -0.5403458 -0.074031696 0.288747 1.5010216
-0.51487637 -0.23677498 -0.079685315 -0.17654265 -0.0738958 0.21063007 -0.6509482 -0.00846828 2.0777557
-0.42290443 -0.16101466 0.62074786 -0.007648896 -0.2687908 -0.33933392 -0.09169175 -0.4598622 1.7907631
0.19143629 0.59436053 -0.2675712 -0.28103954 2.265711 -0.79620713 0.48358116 -1.1997614 0.0
