-0.19723047 -0.81978524 -0.62345105 -1.2844858 -1.5414335 -0.7706051 -0.8995488 6.994798 0.0
-0.84664154 -0.3515052 6.363778 -0.5819011 -0.2115252 -1.0489868 -0.8647098 -0.68911666 0.0
0.085599884 -0.85879934 -0.64652574 -0.58446264 -0.3010958 0.8959094 -0.29955477 -0.72239786 3.5913563
-0.23777623 0.045669373 -0.29864374 -0.40822515 -0.39343858 -0.27320653 -0.2767227 -0.8033056 4.0001197
-0.14177135 0.19274049 -0.31343463 -0.43123546 0.0060744523 -0.90981746 -0.91328466 -0.62250406 4.1766653
-0.6200332 -0.7593231 -0.9448343 -0.5807598 -0.8080615 -1.1912822 -0.04164095 6.317544 0.0
-0.5535247 -0.236297 -0.90866894 -0.71249276 0.06310243 -0.21502231 -0.39175352 -0.62614775 4.236386
-0.70439404 0.04761071 -0.95026386 -0.28754872 -0.27518722 -0.31828195 -0.613708 -0.3738293 4.198122
-0.7325793 -0.34056705 -0.39550984 -0.6870532 -0.5118735 -0.4349407 0.18230677 -0.6407245 4.486615
-1.006795 -0.67703426 -0.61218727 -0.52236426 -0.9749665 -1.1115137 -0.17926179 6.3977385 0.0
-0.06426637 -0.55668575 -0.8159206 -0.48877683 -0.47092608 -0.5201297 -0.60008067 -0.29615715 4.031889
-0.27491844 0.0080004055 -0.8575626 0.116742626 -0.8251095 -1.1312006 -0.82085085 -0.58609873 4.413872
-0.31862566 -0.22546175 -0.45220146 -0.8063085 0.29861656 0.011070622 -0.5695587 0.11640294 3.1014247
-0.9941269 -0.61505526 -0.34051016 6.6617637 -1.6464965 -1.2523034 -0.55951756 -0.7503199 0.0
-0.50121164 -0.99923366 -0.8210771 -0.38974118 -0.24828142 -0.6131705 -0.011099712 0.14983219 3.9074476
-0.71897215 -1.026377 0.060575176 -0.30521637 -0.38743368 0.014478547 -0.0527226 -0.10997233 3.7797132
-0.0046779253 -0.18713541 -0.8852088 -0.34760115 -0.63859576 -0.40246165 -0.8877189 -0.686762 4.355883
-1.1976227 -0.7968401 -0.9241345 -1.1088998 -0.860554 -0.5711653 -0.14612676 6.6168623 0.0
0.45783028 -0.6544774 -0.7051925 -0.00445881 -0.4186047 -0.21900864 -0.64391804 -0.25052416 3.3176837
-0.4164434 -0.11049384 -0.21783517 -0.041696668 -0.72321093 -0.58647853 -0.64071506 -0.4993763 3.8400068
-0.61046535 -0.221618 -0.33915776 -0.4268338 -0.9131176 0.19648512 -0.6370386 0.07038288 3.1981454
-0.19438656 -0.62761796 -1.1958991 -0.88812906 5.099362 -0.5978591 -0.6766945 -0.42561355 0.0
