-0.7403728 -0.9130974 -1.1417986 -1.2304331 -1.1688485 -0.8613523 -0.9335766 6.6744637 0.0
-1.3037103 -0.6257962 6.4142294 -0.31761044 -0.585316 -1.3197899 -1.0092728 -0.989313 0.0
-0.40602165 -1.1138221 -1.1668309 -0.5594024 -0.2985132 0.60113686 -0.86239636 -0.88206124 4.3587575
-0.14173466 -0.106597394 -0.7011482 -0.3841178 -0.48447317 -0.51559407 -0.2629738 -0.5832497 4.0613303
0.099969536 -0.21623324 -0.6410273 -0.73692006 -0.04411336 -0.9977097 -0.50572836 -0.37242016 4.136511
-0.60931396 -1.0990001 -0.8972945 -0.5489536 -1.0618466 -1.4295976 -0.82937205 6.573908 0.0
-0.5149574 -0.2931782 -0.8485533 -0.4456458 -0.31675282 -0.6031036 -0.5940314 -0.8107996 4.2800837
-0.5867373 0.045960605 -0.76015013 0.14474726 -0.4208122 -0.74290943 -0.3628295 -0.31260026 3.901287
-0.20660228 -0.31466797 -0.59478986 -0.7863741 -0.83583504 -0.7842332 0.21733186 -0.4272686 4.1391835
-0.9039414 -0.9517656 -1.0276195 -0.60186833 -1.2557421 -1.2429084 -0.25389135 6.4914756 0.0
-0.40269205 -0.89991444 -0.97002655 -0.6718937 -0.41578394 -0.79588276 -0.3349346 -0.29060167 4.338494
-0.16848798 -0.46544498 -1.1931117 -0.13229626 -0.4293013 -0.90683085 -0.7940505 -0.72358805 4.3041835
-1.0306208 0.24503921 -0.14523096 -0.23850192 0.12251583 -0.5263536 -0.21876414 -0.42209217 3.054069
-1.4805515 -0.4218153 -0.22190148 6.0670357 -1.3146524 -1.0793726 -1.0271665 -0.51198626 0.0
-0.67014414 -0.889878 -0.95622677 -0.70644844 -0.05187696 -0.22194868 -0.61173046 0.091756344 4.086868
-0.34668323 -1.3674358 -0.7065727 -0.45140678 -0.16863395 -0.34046656 -0.13150555 -0.6069033 4.291013
0.35834518 -0.31843844 -0.9287917 -0.6109516 -0.4014236 -0.58954275 -0.68621355 -0.76180357 3.9891238
-1.443395 -0.82472706 -0.72889465 -1.0260471 -0.8240159 -0.7962019 -0.35606173 6.272179 0.0
0.061053555 -0.5895399 -0.5073627 -0.029043125 -0.48805973 0.40057302 -0.5281447 0.084746264 2.8047721
0.27944145 -0.1893779 -1.0425334 -0.2322026 -0.16766518 -0.6590718 -0.8068853 -0.19054654 3.3649645
-0.46715993 -0.48055017 -0.716119 -0.1456151 -0.74724597 0.5060809 -0.30660766 0.07060949 2.902136
-0.35774046 -0.6962807 -0.70783836 -1.0723143 5.183374 -0.70291036 -0.6044718 -0.6187214 0.0
