-1.1638207 -0.6782296 -1.5131698 -1.1535703 -1.2573973 -0.9497869 -1.0412099 6.342985 0.0
-1.4902866 -1.0151771 6.551713 -0.5148656 -0.7920744 -1.3106924 -0.8873352 -1.022045 0.0
-0.4213745 -0.54848063 -0.9617734 -0.66786134 -0.43174005 -0.14744161 -0.36058262 -0.6809211 4.295193
-0.3057398 -0.5187211 -0.6659847 -0.36799487 -0.37981692 -0.7429308 -0.6470901 -0.36849108 4.193489
-0.4446012 -0.24501024 -0.71233517 -0.59583336 -0.28108993 -0.52452 -0.90961593 -0.94300604 4.364062
-1.0747157 -0.89380836 -0.4144631 -0.6461738 -0.89050454 -0.9664631 -0.92047954 5.995144 0.0
-0.3521799 -0.34418517 -1.0029866 -0.44729218 -0.07195919 -0.48164654 -0.7179853 -0.6006068 4.13097
-0.80907196 -0.59311557 -0.9770823 -0.041275304 -0.6700022 -0.59149975 -0.79557216 -0.43525353 4.472843
-0.31251293 -0.3151629 -0.7216805 -0.5787071 -0.75581706 -0.42652187 -0.31028944 -0.6796871 4.1635947
-0.9474273 -1.117484 -1.1236944 -0.9670172 -0.68640727 -0.94611955 -0.96871823 6.110231 0.0
-0.2393358 -0.89875495 -0.5836434 -0.7031181 -0.4340797 -0.33206052 -0.31181183 -0.47514206 3.962822
-0.055588897 -0.2986941 -0.9773274 -0.50822955 -0.42795956 -0.37878186 0.109242275 -0.7880531 3.737679
-0.3309268 -0.7860688 -0.61906147 -0.63510406 -0.41316092 -0.45376801 -0.07385392 -0.55183125 3.8846254
-1.4290267 -0.9033646 -0.77700347 6.2237315 -1.4875199 -1.0666293 -1.097307 -0.7785841 0.0
-0.6327845 -0.85497016 -0.34224588 -0.5087509 -0.4341422 -0.8063468 -0.417824 0.24946713 3.7216363
-0.14994423 -1.0230792 -1.0800307 -0.28896174 0.5396538 0.07393791 -0.5309003 -0.7353496 3.562523
0.2704049 -0.04120209 -0.45381904 -0.9949198 -0.7329951 -0.13582617 -0.4831368 -0.6441241 3.564421
-1.1008234 -1.0762013 -0.96219176 -0.8383701 -0.92588717 -0.4536762 -0.5016898 5.9020624 0.0
-0.44362074 -0.120233245 -0.1837129 -0.23025978 -0.31954944 -0.6221871 -0.44371167 -0.17620203 3.150253
-0.67810315 -0.49043384 -0.8556147 -0.5203862 -0.3076743 -0.4907442 -0.35519165 -0.19040854 3.597814
-0.2628524 -0.5305777 -0.2138585 -0.13911083 -0.24744783 -0.30689716 -0.13292062 -0.12788329 2.7555172
-0.87675226 -0.8191564 -0.7218759 -0.8034763 5.574114 -0.9065955 -1.0753541 -0.5115483 0.0
