-0.8485862 -0.29700285 -0.8158234 -0.0357965 2.1046038 -0.4725216 0.013004487 1.2248309 0.0
-1.1305472 0.057490844 2.6496603 -1.2076805 -0.5361904 -0.39188737 1.6516912 -0.6316517 0.0
-0.25763962 -0.17181128 -0.70361257 0.61785424 -0.045599565 -0.7138474 -0.20139349 0.10371238 1.79876
-0.71569234 -0.5526165 0.20881389 0.90026194 -0.5531109 -0.30454707 -0.83354425 -0.16820744 2.1857846
-0.7398393 -0.19883673 -0.41913277 -0.060471714 -0.7810382 -0.9590183 -0.1935449 -0.23345143 3.224233
0.9852744 -1.2349912 -0.32759586 1.9657422 -0.5868519 -1.378223 -0.7419568 2.0604932 0.0
-0.2601946 -0.54255366 -0.43263462 -0.5082864 0.40274453 -0.65953803 -0.066136576 -0.30888945 2.5817964
-0.38157862 -0.52826744 -0.2078925 -0.32019794 -0.72459674 -0.3930083 -0.4692322 -0.33199006 3.1471522
-0.38708162 -0.6782524 -0.4997341 -0.5967545 -0.19009489 -0.6693791 -0.13739172 0.19081414 2.897675
-1.1859044 -0.7231266 -0.42432225 0.2239378 0.071475446 0.17567028 -0.4925604 2.696644 0.0
-0.5340137 -0.5817784 -0.6172763 -0.35429433 -0.37751392 -0.28955835 -0.29270887 -0.028370783 2.9322584
-0.110484384 -0.47795764 -0.6678282 -0.10302829 -0.26990843 -0.42074794 -0.16899706 -0.42497227 2.5020416
-0.5406689 -0.7374381 -0.47023964 -0.030344892 -0.017527133 -0.09021195 -0.6253763 -0.00295047 2.5397282
-0.69478065 -1.3163614 -0.5008161 1.5353159 -0.048016228 -0.23062111 0.6201515 1.1697406 0.0
-0.4303081 -0.6477386 -0.36498582 -0.2913246 -0.47065556 -0.34955743 -0.40679714 -0.16000803 2.8587494
-0.50579786 -0.69480515 -0.4928597 -0.29513782 -0.3270953 -0.17806214 -0.23062162 0.008750604 2.5437043
-0.65449965 -0.6359546 -0.6645565 -0.300691 -0.2728164 -0.40443122 -0.43879566 -0.008982703 2.982306
-0.92713636 -1.0715177 -0.2970539 0.3090484 0.10743035 -0.7707206 1.2927835 1.8375219 0.0
-0.6341472 -0.5706013 -0.43184412 -0.27728364 0.08030081 -0.23818585 -0.2582741 0.12299388 2.2388492
-0.4180325 -0.6443161 -0.6527188 -0.3532535 -0.20170887 -0.061355285 -0.05942593 0.0705014 2.433807
-0.41997945 -0.6312271 -0.39497626 0.15735196 -0.20832959 -0.23043995 -0.16923098 -0.043319747 2.028405
-0.86818063 1.0053777 -0.71317387 -0.67381847 2.5975683 -0.27341256 -0.37606066 -0.5571229 0.0
