-1.2315764 -0.9608551 -1.365902 -0.9013895 0.10136335 -1.1926502 -0.5977968 4.550368 0.0
-1.4890083 -0.9662778 5.47908 -1.3018202 -1.1142739 -1.0772741 -0.014092176 -0.8783535 0.0
-0.6775327 -0.51534456 -0.73284745 -0.11319139 -0.63830376 -0.65098304 -0.72141683 -0.47404996 3.8751779
-0.78966945 -0.74217623 -0.67288256 0.00012316507 -0.35328946 -0.5270574 -0.63948053 -0.7072348 3.9295309
-0.5773276 -0.27538526 -0.8139887 -0.35186255 -0.5706942 -0.646793 -0.69246626 -0.58474016 4.1210685
-0.63038003 -1.4366963 -0.9939292 1.3035259 -1.1806101 -1.6509888 -1.2162315 4.7744493 0.0
-0.33601794 -0.49725372 -0.6905729 -0.7202655 -0.4829552 -0.7525562 -0.42642596 -0.61139673 3.946744
-0.65284896 -0.6137455 -0.28148615 -0.641551 -0.6474155 -0.53448206 -0.35318846 -0.568791 3.8994687
-0.57460725 -0.48460847 -0.5425515 -0.5122724 -0.59685045 -0.816283 -0.6428805 -0.31361735 4.0404654
-1.0950093 -0.9877266 -1.0140598 -0.73299706 -0.8712775 -0.7156061 -0.9074252 5.051974 0.0
-0.7829887 -0.5236604 -0.5634153 -0.37257224 -0.46354336 -0.6147418 -0.38314778 -0.4239064 3.7976816
-0.71916866 -0.7926291 -0.6216636 -0.46008593 -0.57416105 -0.32683402 -0.2780509 -0.4241207 3.676682
-0.84246504 -0.8280532 -0.59441835 -0.48920718 -0.3667331 -0.43465328 -0.38504046 -0.480026 3.920572
-1.3786895 -1.4102758 -1.0574672 4.816005 -1.1944162 -1.205527 -0.90532947 0.503811 0.0
-0.728701 -0.56803817 -0.35166898 -0.5980404 -0.3226072 -0.31476578 -0.47200823 -0.23407179 3.452344
-0.5236638 -0.5925681 -0.46206075 -0.5793035 -0.46610558 -0.41872382 -0.44971347 -0.5216105 3.731284
-0.50126314 -0.6594523 -0.2257078 -0.69128907 -0.35614374 -0.62628126 -0.34911093 -0.28487852 3.5361164
-1.1408404 -1.1309062 -0.8473439 -0.45800975 -1.0492299 -1.1831089 -0.026719995 4.9172425 0.0
-0.6778548 -0.45622012 -0.5599511 -0.5320075 -0.38400394 -0.43773022 -0.56656474 -0.30444476 3.5257905
-0.25341836 -0.8135752 -0.50010496 -0.49900135 -0.4743532 -0.3038192 -0.46915063 -0.4206738 3.4943163
-0.67091537 -0.5727957 -0.6586571 -0.47745994 -0.33350223 -0.3547344 -0.5471073 -0.3795171 3.5444338
-1.0088426 -0.59618384 -0.8541294 -0.9226822 4.943355 -1.0394738 -0.901491 -0.90795773 0.0
