-1.4334673 -1.1641363 -1.3687109 -1.2664516 -0.60767686 -1.2133635 -0.8194983 5.7111583 0.0
-1.4483293 -1.0570353 6.1463056 -1.0972002 -0.93657357 -1.2890861 -0.5681764 -1.0640428 0.0
-0.7740251 -0.52697825 -0.765666 -0.2664201 -0.6085594 -0.48922676 -0.82126826 -0.55508006 4.2127523
-0.80739814 -0.50486946 -0.76705915 -0.38337323 -0.36785853 -0.5933832 -0.56009644 -0.87783784 4.3322854
-0.42400086 -0.35153913 -0.5953464 -0.35042304 -0.4811015 -0.56196743 -0.67494065 -0.7759474 4.1385865
-0.688422 -1.4590048 -0.9372988 0.26810563 -1.0392532 -1.3837593 -1.0590014 5.6262236 0.0
-0.5166863 -0.7590028 -0.88001084 -0.6853525 -0.2546111 -0.26057193 -0.32265255 -0.37337795 3.91985
-0.40056288 -0.8323074 -0.7393404 -0.5012971 -0.8514847 -0.23840246 -0.57157594 -0.38236254 4.2082705
-0.505267 -0.5474037 -1.0003449 -0.6539419 -0.52163005 -0.6192047 -0.5134358 -0.49385175 4.336139
-1.2313037 -0.7422198 -1.376381 -1.0088814 -0.8319736 -1.008676 -1.0994755 5.766084 0.0
-0.9725268 -0.58111787 -0.21558043 -0.63355887 -0.09685315 -0.5346432 -0.43168893 -0.76203734 4.005974
-0.40377432 -0.552727 -0.7634928 -0.5692617 -0.38429952 -0.58346367 -0.47024453 -0.67707634 4.02106
-0.75075924 -0.8221812 -0.55926037 -0.5517091 -0.6996445 -0.43129525 -0.21537203 -0.28493008 3.9852617
-1.3610497 -0.9545865 -1.0192568 5.417726 -1.1986837 -1.193434 -0.9502752 -0.0896444 0.0
-0.67486584 -0.5465427 -0.3942423 -0.28572047 -0.6080116 -0.46529725 -0.437276 -0.3088488 3.5822592
-0.7763397 -0.71718985 -0.5505237 -0.59102446 -0.55237824 -0.10129403 -0.5704184 -0.60826814 4.0050445
-0.47280192 -0.53374535 -0.3482547 -0.31766576 -0.4500544 -0.46080017 -0.37443876 -0.4943253 3.5410051
-0.9075246 -1.0045745 -1.0645069 -0.6951162 -0.8527215 -1.2676408 -0.73365325 5.557647 0.0
-0.7260261 -0.32689968 -0.6869915 -0.5230252 -0.48814452 -0.38264507 -0.26563713 -0.36007842 3.5966287
-0.47212508 -0.69404113 -0.4245708 -0.51703 -0.54246026 -0.37057278 -0.57835263 -0.30921596 3.6233711
-0.5768023 -0.57688147 -0.4142197 -0.35122773 -0.50202143 -0.5379144 -0.5551372 -0.08504504 3.448493
-0.9778677 -0.9008512 -0.8901398 -0.7262487 5.2853193 -1.050504 -0.98164225 -0.56994087 0.0
