-1.2633864 -0.97381973 -1.3839785 -0.94345504 0.07451249 -1.1773456 -0.6133891 4.6174116 0.0
-1.4592494 -0.9635731 5.5063477 -1.2888318 -1.1255469 -1.0588595 -0.039586972 -0.920284 0.0
-0.7007177 -0.5294218 -0.7502148 -0.16750972 -0.6545455 -0.621511 -0.7370038 -0.49382508 3.9555545
-0.7642883 -0.7424846 -0.68367845 -0.021512555 -0.3371924 -0.48587257 -0.6845178 -0.7029381 3.9424882
-0.5216119 -0.23632257 -0.79555583 -0.33717865 -0.5161808 -0.6219769 -0.6714276 -0.6219883 4.0653563
-0.62765676 -1.4042352 -0.98368776 1.2242895 -1.1644028 -1.6646514 -1.2093596 4.8367968 0.0
-0.34715125 -0.46629375 -0.6468737 -0.6875134 -0.4648945 -0.77271724 -0.41258556 -0.6254995 3.9079802
-0.67573494 -0.6101081 -0.29246685 -0.64030653 -0.6854476 -0.4994486 -0.3680236 -0.51454765 3.9074626
-0.54327875 -0.508472 -0.5534967 -0.5596013 -0.5926421 -0.782443 -0.6224478 -0.32839924 4.0472875
-1.1945071 -0.98142725 -1.0413486 -0.75283843 -0.85474277 -0.75307006 -0.9211075 5.1338143 0.0
-0.8303847 -0.50808346 -0.6087353 -0.39178175 -0.444657 -0.61193526 -0.30274513 -0.43296933 3.804552
-0.71387595 -0.7270642 -0.6368179 -0.456822 -0.52671 -0.31609413 -0.29824117 -0.46130252 3.6617358
-0.848862 -0.82688767 -0.5859573 -0.4507192 -0.40223986 -0.409271 -0.41270623 -0.48487803 3.9284332
-1.4007287 -1.3762015 -1.0600413 4.8615985 -1.1731114 -1.2645115 -0.9193181 0.48886067 0.0
-0.7111079 -0.5837968 -0.41017738 -0.61005807 -0.3864799 -0.30910584 -0.4634625 -0.23069349 3.4983077
-0.49002668 -0.5889982 -0.47930095 -0.59529287 -0.471349 -0.35685948 -0.39237273 -0.51176083 3.685212
-0.51691335 -0.65258837 -0.21602361 -0.6607701 -0.37502798 -0.6061329 -0.3382631 -0.2870017 3.5216362
-1.1348104 -1.1240841 -0.8254657 -0.48102206 -1.0405989 -1.2109075 -0.032292347 4.9361367 0.0
-0.66520125 -0.44352135 -0.52845484 -0.53485423 -0.44236296 -0.45360038 -0.5441357 -0.31110469 3.5361738
-0.28214672 -0.8467423 -0.44972152 -0.50713116 -0.43352073 -0.29408026 -0.4516514 -0.4086938 3.4728162
-0.56270266 -0.5891426 -0.66169745 -0.48763055 -0.30801988 -0.35367918 -0.5335767 -0.4045519 3.515934
-1.0085245 -0.60604006 -0.86446637 -0.9329086 4.993426 -1.0307581 -0.9377567 -0.9383077 0.0
