-1.4469159 -1.0885139 -1.3251525 -1.3058268 -0.6865339 -0.96793544 -0.75991493 5.6932654 0.0
-1.4619626 -1.0726274 6.280419 -1.1312375 -1.1282976 -1.3385623 -0.57696617 -1.0023965 0.0
-0.64478505 -0.62384796 -0.8616746 -0.23326673 -0.6159749 -0.5590723 -0.7183563 -0.37238616 4.178666
-0.82810897 -0.51155156 -0.9851678 -0.36722478 -0.3837752 -0.46564502 -0.5159214 -0.781805 4.368182
-0.3616144 -0.40010214 -0.6514491 -0.399994 -0.63636106 -0.52811426 -0.6291855 -0.761728 4.206945
-0.7687045 -1.3315836 -0.88789064 0.057294145 -0.9324083 -1.4974523 -0.9154041 5.7536316 0.0
-0.39526474 -0.69709146 -0.8864349 -0.69965327 -0.30216256 -0.37492153 -0.2595269 -0.35891405 3.893349
-0.32940966 -0.69419855 -0.7544632 -0.48667163 -0.70363516 -0.2186146 -0.5753125 -0.42886752 4.0906157
-0.41772476 -0.4570911 -1.0053841 -0.73405856 -0.39855126 -0.6663459 -0.42787778 -0.6361845 4.3132796
-1.3153915 -0.73391324 -1.3379786 -0.94939053 -1.0344788 -0.8930394 -0.9903894 5.8440533 0.0
-0.9841925 -0.78238 -0.28063497 -0.6051952 -0.14596337 -0.6866931 -0.40599233 -0.6806139 4.176091
-0.363336 -0.29834512 -0.78303635 -0.3337643 -0.38163424 -0.56234664 -0.5262005 -0.6662162 3.884127
-0.6784822 -0.7577554 -0.49257204 -0.5626908 -0.5930116 -0.36137864 -0.38873595 -0.37143034 3.9691207
-1.3329973 -0.9373963 -1.0392722 5.4148693 -1.064524 -1.2298644 -0.8886945 -0.112022385 0.0
-0.94949526 -0.73586637 -0.398164 -0.38210145 -0.6357027 -0.55243194 -0.24434768 0.0046482817 3.644184
-0.74400765 -0.7857963 -0.6248562 -0.47630933 -0.6439894 -0.16992363 -0.5274818 -0.78496194 4.1459494
-0.45766667 -0.5679955 -0.27160403 -0.40245333 -0.4631915 -0.45461437 -0.4899265 -0.537491 3.6087403
-0.8724063 -0.9459838 -1.0200793 -0.717271 -0.8896545 -1.3247697 -0.7462412 5.601796 0.0
-0.7530665 -0.21027444 -0.54565907 -0.6434796 -0.6287014 -0.33855256 -0.25341478 -0.27447796 3.5745316
-0.6190304 -0.43819916 -0.46012378 -0.49224278 -0.5075069 -0.23600091 -0.6054726 -0.38300803 3.5533216
-0.5410927 -0.5125509 -0.45148593 -0.42122027 -0.4772537 -0.32275575 -0.41195837 -0.06569162 3.337746
-0.94030905 -0.86191744 -0.79820234 -0.61927074 5.334661 -1.226062 -0.9953936 -0.6844366 0.0
