-1.2245718 -0.6597855 -1.4070393 -1.1603887 -0.996405 -1.1522164 -0.9594474 6.122988 0.0
-1.5938307 -1.1448588 6.665105 -0.7810525 -0.8551921 -1.3646839 -0.7014099 -0.9764152 0.0
-0.73297566 -0.51479524 -0.8792118 -0.5642786 -0.5873637 -0.058454424 -0.53828734 -0.7133847 4.3811617
-0.76363355 -0.499543 -0.4712781 -0.37523794 -0.5470712 -0.7139194 -0.6405116 -0.2877649 4.1746626
-0.4284572 -0.102423914 -0.7222829 -0.5571777 -0.1984803 -0.4743621 -0.8673639 -0.7441817 4.160699
-1.11582 -0.65969986 -0.37819153 -0.5984861 -0.81723917 -1.1980913 -1.1795785 5.916813 0.0
-0.34163094 -0.6573703 -0.8415746 -0.11970411 -0.20561159 -0.7403711 -0.5469227 -0.740134 4.0863304
-0.91540664 -0.23467144 -0.857441 -0.16864045 -0.4725608 -0.2803101 -0.5647953 -0.34588498 4.0283165
-0.17626835 -0.24592611 -0.9545566 -0.57155234 -0.61347204 -0.45388186 -0.34851328 -0.7392053 4.1340094
-1.1078725 -1.1676124 -1.4596205 -0.94736195 -0.75230795 -0.85791314 -0.8923378 6.193486 0.0
-0.48717967 -0.74147904 -0.56403005 -0.69878066 -0.47531968 -0.5125523 -0.7023318 -0.43121484 4.3288236
-0.16725443 -0.21380125 -1.3088605 -0.46892494 -0.41649053 -0.5151628 0.016652802 -1.067192 3.9942827
-0.8767676 -1.0356447 -0.38032883 -0.6635406 -0.7855481 -0.56179607 -0.035883486 -0.37695768 4.153089
-1.5713855 -0.838606 -0.89306515 5.990283 -1.407254 -0.8357657 -1.1536437 -0.4995449 0.0
-0.5992036 -0.6010916 -0.24055877 -0.7963037 -0.3427841 -0.68282527 -0.37392038 -0.19539252 3.7649894
0.08500758 -1.0682428 -0.61485124 -0.39218026 0.03200557 -0.24668117 -0.5441473 -0.56736994 3.6539185
-0.28134885 -0.3063784 -0.5101369 -0.9420684 -0.67974406 -0.4020085 -0.40034539 -0.5866836 3.929827
-0.85717213 -1.0493275 -0.928865 -0.94900143 -0.86856097 -0.7366014 -0.70082194 5.841159 0.0
-0.5605777 -0.20423001 -0.51248306 -0.2817796 -0.3430278 -0.47335926 -0.36954656 -0.098150186 3.263862
-0.52169937 -0.6173955 -0.5606145 -0.49518222 -0.5305584 -0.5665016 -0.17806314 -0.3385303 3.5532458
-0.5782236 -0.33065593 -0.4945108 -0.30791506 -0.13039653 -0.19211769 -0.16279195 0.0859174 2.8612545
-1.1384997 -1.0262432 -1.0833914 -0.973786 5.9768586 -1.0575098 -1.1205273 -0.549107 0.0
