-1.3020011 -0.7989781 -1.2633556 -0.64975137 0.96885794 -1.0927783 -0.22096853 3.3563013 0.0
-1.3866426 -0.693657 4.4847255 -1.2510473 -0.96563536 -0.79610604 0.7109658 -0.8688094 0.0
-0.6221586 -0.38009435 -0.7342182 0.25862536 -0.33066142 -0.7779165 -0.456444 -0.23520662 3.0840042
-0.6447405 -0.4938631 -0.5710119 0.14570494 -0.5530054 -0.4365063 -0.71544254 -0.4106193 3.5018623
-0.65629387 -0.14791441 -0.48939583 -0.33391148 -0.70004493 -0.83016646 -0.683031 -0.2771504 3.8425543
0.2416325 -1.516966 -0.8225594 2.4104702 -0.93920267 -1.5065886 -0.97778356 2.902417 0.0
-0.38708392 -0.32697645 -0.5587677 -0.5845624 -0.16026388 -0.6218114 -0.44825625 -0.38737416 3.3238397
-0.5489247 -0.44197032 -0.49200457 -0.42852914 -0.66385794 -0.4085705 -0.5932362 -0.17734598 3.5395112
-0.5546482 -0.47018862 -0.5126413 -0.6219791 -0.2561249 -0.6124357 -0.5677959 -0.19248076 3.5720265
-1.0764444 -0.97072995 -0.778818 -0.21106958 -0.6253406 -0.37837726 -0.85777766 4.2089744 0.0
-0.5436776 -0.59830797 -0.30387884 -0.47626856 -0.43845832 -0.49295074 -0.2966236 -0.2918327 3.346799
-0.49123907 -0.42657194 -0.6493423 -0.40206397 -0.49489555 -0.35645118 -0.26248243 -0.46272802 3.282995
-0.7294505 -0.7505572 -0.62658215 -0.37491223 -0.2196975 -0.29462373 -0.49736232 -0.3900196 3.5860934
-1.0322037 -1.4015226 -0.80036664 3.2114973 -0.7772408 -0.94087386 -0.3583865 1.3663447 0.0
-0.45531866 -0.6804932 -0.23072717 -0.42723057 -0.36724332 -0.48145694 -0.45080847 -0.39490154 3.2948785
-0.6429996 -0.52842605 -0.5328056 -0.48188895 -0.39516765 -0.3925444 -0.4037779 -0.39179435 3.4065356
-0.47728303 -0.44659692 -0.5363793 -0.47632423 -0.24845712 -0.30265325 -0.5134245 -0.31978133 3.2851753
-1.1943567 -1.0838453 -0.5402785 -0.07797733 -0.6013517 -1.1321737 0.68927723 3.6283345 0.0
-0.67035174 -0.4526278 -0.6289919 -0.61882496 -0.38153684 -0.3130733 -0.4551815 -0.25592023 3.2277951
-0.51007736 -0.766515 -0.6050569 -0.52778524 -0.28461632 -0.2521515 -0.28577736 -0.2533865 3.2107964
-0.6426118 -0.77096117 -0.42390147 -0.19902349 -0.28510496 -0.31377858 -0.32392246 -0.34696656 2.9633465
-0.82668006 0.06263275 -0.81167 -0.9299798 4.006564 -0.83822876 -0.774258 -0.74337643 0.0
