-1.0605261 -0.5392306 -1.3543195 -1.3457171 -1.28052 -0.7178238 -0.9468161 6.335609 0.0
-1.3626989 -0.804631 6.472336 -0.51750195 -0.60991305 -1.3698688 -0.80235326 -1.010826 0.0
-0.31514987 -0.85600305 -0.9293145 -0.73560125 -0.22359222 0.04706557 -0.74558467 -0.9175309 4.3920946
-0.30642134 -0.19055629 -0.9737885 -0.48079094 -0.63656783 -0.43581977 -0.45364845 -0.40485755 4.2568817
-0.25993294 -0.19443293 -0.7351769 -0.5990342 0.25608802 -0.62858903 -0.83391064 -0.24253598 3.7895799
-0.82775986 -1.1376996 -0.8812877 -0.45996985 -0.90195173 -1.2492785 -0.8487902 6.4375095 0.0
-0.6334696 0.086816035 -0.79035205 -0.39792466 -0.031579394 -0.7228042 -0.6555173 -0.75167763 4.036418
-0.7698557 -0.45351282 -0.9428734 0.17049354 -0.445871 -0.4390172 -0.6997781 -0.40871105 4.2089515
-0.11026099 -0.47401348 -0.62991214 -0.66612303 -0.8549801 -0.4268697 -0.10971134 -0.6779043 4.1203427
-1.0487509 -1.0424967 -0.8346519 -0.76516575 -1.2790812 -1.2733744 -0.73147243 6.6254525 0.0
-0.6802243 -0.90252984 -0.6757955 -0.7415976 -0.2777405 -0.6252373 -0.32934472 -0.41954035 4.2108865
-0.08477009 -0.3989441 -1.1644264 -0.2104402 -0.6956775 -0.56640804 -0.14067414 -0.47834602 3.8531346
-0.35653114 -0.38659498 -0.38168055 -0.36895058 -0.44088268 -0.4097325 -0.30749178 -0.4559462 3.6680562
-1.6570058 -0.5014309 -0.49649212 5.9995546 -1.3000021 -0.8622263 -1.0121948 -0.72801006 0.0
-0.97232735 -0.74941677 -0.2811706 -0.7290371 0.048768308 -0.4518982 -0.36251357 0.35474566 3.5998175
-0.35261524 -0.9947107 -0.7216697 -0.5084737 0.10932967 -0.15822521 -0.5715841 -0.4142594 3.9067824
-0.080609955 -0.23238935 -0.7534109 -0.666565 -0.62949526 -0.49608633 -0.5210236 -0.55554277 3.9038458
-1.2562264 -0.98579216 -0.79950714 -0.8851648 -0.77456754 -0.6977909 -0.45659927 6.016448 0.0
-0.3179149 -0.019583434 -0.045694884 0.23317061 -0.35220012 0.22850628 -0.70430744 -0.045409404 2.4848278
-0.3740471 -0.11050112 -0.87401825 -0.4943557 -0.24867281 -0.32572278 -0.6813763 -0.13599542 3.4445424
-0.35311258 -0.52314854 -0.3216329 0.056705274 -0.43737698 0.13716328 -0.346266 -0.20298024 2.7368085
-0.5147861 -0.5981746 -0.8054098 -1.0085189 5.469401 -0.78681874 -1.0565246 -0.6086365 0.0
