-1.4227688 -1.0664859 -1.2924455 -1.2955525 -0.69514227 -0.9532712 -0.75294995 5.6740284 0.0
-1.4378182 -1.0600544 6.257452 -1.1095241 -1.1408912 -1.3170462 -0.571007 -0.99143666 0.0
-0.5820488 -0.6929838 -0.8465481 -0.2568977 -0.6187261 -0.55449003 -0.7425544 -0.36713332 4.1986837
-0.83468646 -0.48743835 -0.9868196 -0.35861298 -0.37888682 -0.442216 -0.5089538 -0.77021706 4.3468933
-0.33391505 -0.36686835 -0.6247985 -0.3930485 -0.63961375 -0.5682965 -0.66978693 -0.74292046 4.1964793
-0.7686482 -1.3016678 -0.8673705 0.03265871 -0.90689415 -1.4956841 -0.88511634 5.7454786 0.0
-0.40389818 -0.6636829 -0.9128596 -0.6266892 -0.28959155 -0.43920764 -0.34124056 -0.3097324 3.91307
-0.29190826 -0.6785088 -0.7307515 -0.3959128 -0.71327496 -0.2249265 -0.5756228 -0.4697425 4.0451827
-0.35291097 -0.4997613 -1.0059248 -0.75767916 -0.3966471 -0.6514687 -0.4019885 -0.57219255 4.2804527
-1.2947189 -0.7519931 -1.3286936 -0.92157775 -1.0184513 -0.8673018 -0.985328 5.821296 0.0
-0.99593383 -0.78048116 -0.30066374 -0.5835642 -0.13451762 -0.6728875 -0.3682341 -0.6771313 4.1514797
-0.31026325 -0.2838132 -0.781079 -0.35019326 -0.3707515 -0.58769625 -0.53376323 -0.62968224 3.8626678
-0.6773451 -0.73582906 -0.4825705 -0.5276014 -0.59341407 -0.33652896 -0.39888647 -0.36601636 3.9391658
-1.3316207 -0.9204015 -1.0319505 5.4024644 -1.0598332 -1.206832 -0.9052907 -0.092286274 0.0
-0.90909433 -0.735074 -0.42453164 -0.37351298 -0.5890708 -0.5293993 -0.26809105 0.02195877 3.616925
-0.7249766 -0.7632579 -0.6132191 -0.43907467 -0.6631129 -0.19551511 -0.528024 -0.7901125 4.1388087
-0.5386888 -0.59821767 -0.29619703 -0.443516 -0.42301092 -0.5075168 -0.4905714 -0.4524336 3.6504521
-0.8760267 -0.96564406 -1.0021296 -0.71230245 -0.87155515 -1.2933514 -0.7259243 5.579208 0.0
-0.7245938 -0.24124649 -0.51029015 -0.59446824 -0.62569827 -0.35492107 -0.19203329 -0.229969 3.505836
-0.5762627 -0.40141067 -0.43712175 -0.5364206 -0.503028 -0.32543972 -0.62386495 -0.38583615 3.5738993
-0.6344141 -0.56826425 -0.45866436 -0.43871048 -0.47662577 -0.26097375 -0.38203314 -0.0302903 3.3741243
-0.9062811 -0.8406711 -0.7871702 -0.68058795 5.3288007 -1.2205852 -0.9748378 -0.67872363 0.0
