1.2492064 1.2646458 1.1683477 0.73739856 1.2602357 1.2668129 0.7524962 0.73917985 0.0
0.82126683 0.87186545 1.0484234 0.7738706 1.0876961 0.9836781 0.9207765 0.7328262 0.0
1.0334165 0.79369086 0.75633353 0.74630135 0.97472554 0.749471 0.7539711 0.74515384 1.2668828
0.8412201 0.75412655 0.76061565 0.74329275 1.0906206 0.7496887 0.7409401 0.73831254 1.2659488
0.8431934 0.84257203 0.7868176 0.7467711 0.85414547 0.76165074 0.7426119 0.7355218 1.2651193
0.99931705 0.88719606 0.8325743 0.7946209 1.0899192 0.7926748 0.83299863 0.75043523 0.0
0.7323946 0.751728 0.7507532 0.7459052 0.7536213 0.73826283 0.7704084 0.750689 1.2659426
0.7401832 0.7528195 0.74828815 0.74147594 0.7716611 0.74890155 0.7359513 0.75205225 1.2630903
0.7438089 0.75152874 0.7425504 0.75251526 0.79385394 0.74549633 0.74473083 0.7484726 1.2650622
0.96353406 0.9156049 0.8039941 0.7585118 0.9796808 0.80062103 0.82484007 0.77120113 0.0
0.7448496 0.7470065 0.74170625 0.7454066 0.75084156 0.76360935 0.7430474 0.7405237 1.2656713
0.7450813 0.7681304 0.7441285 0.7375568 0.7544186 0.74660486 0.742261 0.74459183 1.2632412
0.7857406 0.7592611 0.745803 0.7413334 0.7430824 0.7778443 0.7463338 0.7431311 1.2654588
0.7731177 0.8028545 0.7771505 0.78553087 0.90958756 0.82587695 0.83643454 0.77609724 0.0
0.75061274 0.7524101 0.7410564 0.7426226 0.8431741 0.74866766 0.74432075 0.74097025 1.2642186
0.74229616 0.7452509 0.74207675 0.7398856 0.8548875 0.7448658 0.74200517 0.74287814 1.2641878
0.76248664 0.74050987 0.7456777 0.7411688 0.7399661 0.7461009 0.75013393 0.7413382 1.263284
0.92885596 0.7899807 0.83199 0.7393029 0.92350507 0.9693761 0.77549684 0.75459725 0.0
1.2396353 0.77510196 0.73971874 0.740606 0.7446364 0.7679875 0.74614084 0.74100703 1.2624358
0.8723853 1.2053277 0.7382603 0.7397734 1.1509737 0.7967609 0.74444497 0.7407573 1.2634857
0.78097427 0.92437416 0.74612933 0.7416312 1.1521326 0.7758383 0.7428492 0.7405744 1.2627523
1.08448 1.2624959 0.930806 0.737715 1.1680486 1.2322495 0.7834862 0.74343365 0.0
