4.3297477 -0.82583714 0.07988035 -0.5924232 -0.50342333 0.4532481 -0.927799 -1.2240397 0.0
-1.2143519 -0.716472 -0.5663545 -0.6629995 4.9692283 -0.41260192 0.19417433 -0.51138484 0.0
0.5828538 -0.3626564 -0.15005054 -0.8796788 0.4834244 -0.77480066 0.2410376 -0.09340539 2.1284297
-0.56343824 0.4385369 -0.27736223 -0.048408046 1.0012624 -0.58457315 -0.21119456 -0.12678853 1.7976195
0.13029084 -0.18391243 0.370196 -0.6430854 -0.13482474 -0.42755756 -0.3977934 -0.30928612 2.7435896
1.5013789 -0.14401865 -0.13538276 -0.62651604 0.16136615 -0.73023266 2.2585464 -0.15510276 0.0
-0.44709015 -0.096975945 -0.07162255 -0.27535805 -0.5897766 0.07153519 0.1607961 -0.5595421 2.698804
-0.4640017 -0.3306565 0.036540195 -0.39542428 -0.26354802 -0.25105086 0.16347589 -0.31898493 2.780032
-0.38958925 -0.5283478 -0.32901832 -0.4959831 -0.2479949 -0.3588446 -0.47270885 -0.35572216 3.3975544
-0.36168253 0.17003457 0.41074404 0.02559748 0.44347975 -0.9970317 1.5415804 0.91182256 0.0
-0.80774826 -0.49432427 0.33669987 0.7078338 -0.42122257 -0.27082914 -0.4819322 -0.4522467 2.6923268
0.19728573 -0.2519444 -0.5290614 0.08364782 -0.74156404 -0.64912 -0.1435611 -0.44133657 3.1713393
-0.44940728 -0.5432662 0.14023854 -0.5188416 0.034762163 -0.3531 0.09417122 -0.31172743 2.7627199
-0.3701766 0.42883444 0.3098995 0.33460367 -0.14985198 -0.24633212 0.7629654 1.4520997 0.0
0.03068701 -0.42121056 -0.08224379 -0.4012361 -0.21760833 -0.4569169 -0.2914507 -0.47068065 3.3353992
-0.26711145 -0.08827251 -0.60689914 0.0931232 -0.032470852 0.0006147225 -0.77177596 -0.7257352 3.28987
0.07961726 -0.4330499 -0.42461896 -0.12895441 -0.6610311 -0.47152054 -0.6508387 -0.23182161 3.306346
-0.060726523 0.20453228 -0.43024522 0.073276356 1.7989144 -0.03603374 0.88170934 -0.47064534 0.0
-0.14238924 -0.5661151 -0.3335715 0.24990718 -0.055829685 -0.39386934 -0.6895888 -0.5756339 2.9840858
-0.5992489 0.32242087 -0.5071972 -0.5296711 -0.494063 -0.4969573 -0.12869282 -0.4173291 3.4568589
-0.2250696 -0.357461 -0.33673158 -0.65984315 -0.120917976 -0.31466922 -0.85304344 -0.7697615 3.7487876
0.44627577 1.1061997 -0.20354137 -1.0047748 1.3947922 1.8204257 -1.0390819 -0.7695094 0.0
