2.6969538 -0.6065375 1.6874084 -0.66139877 0.68937457 0.6424133 -0.8319814 -0.94660807 0.0
-0.1460496 -0.051634766 0.081010066 0.29607704 2.8316631 0.747952 0.88230556 -0.18003902 0.0
0.98031336 0.4584245 0.6762824 -0.46106368 -0.13370949 0.0033623388 0.015423129 -0.6658627 1.9110336
0.0022924186 0.49954 -0.07770223 -0.57519364 0.6696931 -0.116718285 0.09491265 -0.6696128 2.3920546
0.19001925 -0.07461535 0.19553035 -0.54067427 0.16292225 0.23428938 0.05458698 -0.8749132 3.0114167
1.3366253 0.44915327 0.5837411 0.14136289 0.5744144 0.2832165 0.87573177 0.14171705 0.0
-0.06526192 -0.14026608 -0.17175254 -0.33458188 -0.059104353 -0.21168526 -0.05696756 -0.49652538 3.2997403
0.18197225 -0.15403731 0.08612783 -0.3311926 -0.07856063 -0.2109596 0.18459894 -0.12955488 2.7276642
-0.09539509 -0.114780776 -0.29969835 0.06319283 0.12358447 -0.6317869 -0.069231115 -0.26306343 3.065068
0.40355885 -0.105765834 0.35963884 0.71636647 0.85525095 -0.09347673 0.91373736 0.7024992 0.0
-0.43253118 -0.061406583 -0.28482676 -0.45205516 -0.16929875 -0.12216051 -0.30538154 -0.6096358 3.32017
-0.08394573 -0.51499164 -0.20557047 -0.4839411 -0.35509095 -0.5077815 -0.42209113 -0.50696033 3.5489407
-0.21545881 -0.31813076 -0.34598085 -0.40097 -0.43152502 -0.1729802 -0.56150496 -0.5321436 3.648791
-0.24618489 0.055632234 0.4166581 0.4660409 0.4274399 0.3395428 1.5521266 0.40717235 0.0
-0.22200137 -0.49693924 -0.58574826 -0.63439953 0.035154518 -0.5246067 -0.55634415 -0.6429198 3.4809062
-0.44035268 -0.41866565 -0.33011663 -0.6853102 -0.23941223 -0.28054845 -0.5317587 -0.69756234 3.6755838
-0.50799996 -0.65849996 -0.746789 -0.6708936 -0.3824362 -0.5536316 -0.6878513 -0.63912666 3.6608467
0.44791523 -0.46180868 0.337047 0.25229934 1.2026072 0.4363636 1.162315 -0.16082819 0.0
-0.27722362 -0.28928262 -0.7255978 -0.7659543 -0.4572048 -0.4005607 -0.5669107 -0.9390401 3.4327137
-0.28852504 -0.049878944 -0.691517 -0.8082363 -0.34986907 -0.5272657 -0.6340232 -0.89120036 3.4897692
-0.5422073 -0.22816385 -0.53162795 -0.8796685 -0.36191368 -0.30092207 -0.6662135 -0.84268165 3.5140357
1.5049158 1.1103605 0.24479891 -0.68382794 1.2296554 1.2724098 -0.04899392 -0.77125925 0.0
