3.538916 -1.0900255 1.2871011 -0.6446251 -0.039567236 0.24908113 -1.229927 -0.7887075 0.0
-0.5374555 -0.46569863 -0.29408494 -0.122252665 3.9332244 0.19576609 0.49412054 -0.6101896 0.0
0.8333297 0.04838657 0.3772367 -0.5181063 -0.21632953 -0.1551887 -0.45659193 -0.31051445 2.1141777
-0.28718376 0.113778576 -0.08039181 -0.56917155 0.57355696 -0.33672702 -0.12388941 -0.13154739 2.4355917
0.03036774 -0.34887162 0.0066402555 -0.3545575 0.04570778 -0.12231049 -0.11110053 -0.65260744 2.9857426
1.6094294 0.16776618 0.15021424 0.13474818 0.66640747 -0.1366478 0.76889884 0.103971876 0.0
-0.23634104 -0.121166416 -0.37872747 -0.36363345 -0.15001605 -0.37863117 -0.25144777 -0.4048084 3.2241328
-0.3807388 -0.015510322 -0.028090823 -0.5053756 -0.07972706 -0.13819039 -0.040058102 -0.33455542 2.8698988
0.06246653 -0.1968942 -0.44635436 -0.22069247 -0.12740152 -0.23029873 -0.38796374 -0.05392974 2.895906
0.21683468 -0.50157946 0.3943138 0.32766998 0.89072573 -0.622973 1.162314 0.8245971 0.0
-0.28935674 -0.48932335 -0.2578803 -0.15330826 -0.30068842 -0.19426768 -0.35852617 -0.63145864 3.2740097
-0.17735124 -0.48244882 -0.3235106 -0.13418289 -0.3183123 -0.1406779 -0.3663387 -0.3799079 3.1187997
-0.25499701 -0.2340595 -0.31775507 -0.2591539 -0.19411077 -0.34251672 -0.3755834 -0.11231935 3.0521574
-0.6004361 -0.04061509 0.15189236 0.52702814 -0.13575146 0.17354168 1.9706614 0.14535193 0.0
-0.46363744 -0.5929381 -0.6490255 -0.41823235 -0.3593091 -0.44344628 -0.39835012 -0.55813557 3.7020357
-0.33437365 -0.08009154 -0.43588477 -0.34368902 -0.4162729 -0.26725245 -0.38646373 -0.5497037 3.3075488
-0.47901976 -0.44193348 -0.50837314 -0.62626487 -0.26931453 -0.40091407 -0.31594786 -0.3912164 3.435114
0.09055381 -0.6121191 -0.08594426 0.53381616 1.5035775 0.30429208 0.77808 -0.41632977 0.0
-0.17281903 -0.50240517 -0.49641156 -0.4994428 -0.36544642 -0.36093563 -0.2811828 -0.5416544 3.272105
-0.22327267 -0.11303871 -0.4587079 -0.74144083 -0.2696104 -0.34429532 -0.3162527 -0.6579262 3.2928936
-0.27064502 -0.40231174 -0.4587273 -0.610663 -0.33353668 -0.39728406 -0.47913256 -0.44325092 3.4102333
1.2746094 0.77241194 0.03940784 -0.8549941 1.3437283 1.185162 -0.21761423 -0.9306127 0.0
