4.020878 -0.9805204 0.63922995 -0.6258471 -0.19696489 0.098414175 -1.0600244 -0.8742336 0.0
-0.6298798 -0.39771813 -0.37433907 -0.42576414 4.238742 -0.17860658 0.3402877 -0.61456203 0.0
0.67467606 -0.24797744 0.21509343 -0.5850889 -0.24265717 -0.38806543 -0.32899168 0.0024386777 2.2226863
-0.35942996 0.17064214 -0.32881775 -0.26904413 0.4254347 -0.1875678 -0.4521294 0.109682046 2.4059792
0.0058648842 -0.45199865 -0.1350786 -0.40011895 0.122003704 -0.16334951 -0.42789146 -0.6354102 3.0604508
1.5315034 -0.09556758 -0.07767341 -0.35812175 0.5505728 -0.27746084 1.4433624 0.20295866 0.0
-0.16788624 -0.2641443 -0.5967428 -0.5338681 0.042578053 -0.15433988 -0.20503716 -0.28858563 3.0703855
-0.28860888 -0.23907064 -0.04818486 -0.41893217 -0.30889797 -0.26839733 -0.13467538 -0.3846511 2.961605
-0.06774544 -0.32423374 -0.24156617 -0.2209347 -0.24135634 -0.41365132 -0.29619387 -0.22757405 2.9109635
0.14134854 -0.27787232 0.7129756 0.010205835 0.8067196 -0.83979046 0.83013445 0.992202 0.0
-0.26430437 -0.66059244 0.02368025 -0.113907985 -0.3737827 -0.23243012 -0.58422667 0.008259318 3.045363
-0.24863817 -0.4352329 -0.24625666 -0.061451875 -0.35991502 -0.42311105 -0.6348871 -0.18725897 3.0952346
-0.046443384 -0.7522838 -0.2222206 -0.32788792 -0.119496815 -0.25932476 -0.3446285 -0.1304497 2.8934886
-0.44585374 0.07590586 0.4132737 0.1396144 -0.079744175 0.08262467 1.4679394 0.73851204 0.0
-0.46210566 -0.7583433 -0.40673733 -0.57610315 -0.38697857 -0.4514667 -0.27371946 -0.5972571 3.8078198
-0.33039415 -0.15410565 -0.49321678 -0.02591453 -0.15302105 -0.113633886 -0.8049628 -0.66087115 3.1395187
-0.3533284 -0.7314363 -0.5886533 -0.3348898 -0.20582847 -0.616932 -0.2619171 -0.45418268 3.5191648
0.096271485 -0.4271892 -0.063813426 0.24856634 1.941284 0.22679383 0.34965447 -0.5302318 0.0
0.14604786 -0.532672 -0.410469 -0.4395052 -0.4178946 -0.32131395 -0.41717342 -0.62146103 3.2013729
-0.25113082 -0.29195535 -0.43312645 -0.7411764 -0.43050367 -0.418865 -0.25436127 -0.3879202 3.346987
-0.5760385 -0.47835946 -0.30797866 -0.619731 -0.21551384 -0.23727627 -0.42795756 -0.37388963 3.43341
0.62687856 1.0101061 0.10357507 -1.1563176 1.3867197 1.3081682 -0.48358238 -0.6711444 0.0
