4.4446 -0.83979744 0.12589005 -0.8015793 -0.52318835 0.3721537 -0.96963465 -1.2478598 0.0
-1.1235759 -0.74157083 -0.3455983 -0.60771483 4.7368016 -0.4131717 0.44287884 -0.53112745 0.0
0.48539922 -0.34105775 -0.22381379 -0.6344698 0.53042644 -0.7366318 0.23221168 -0.25019598 2.1703794
-0.54016197 0.27916637 -0.027118264 -0.19275291 0.9786442 -0.58301115 -0.23395403 -0.21553476 1.9769297
0.060168177 -0.33809558 0.35985723 -0.4981919 -0.13239627 -0.40361136 -0.40770632 -0.26131392 2.82234
1.4852407 -0.08683354 -0.10405734 -0.6543327 0.31648782 -0.72387624 1.922533 0.19540298 0.0
-0.44890994 -0.090601884 -0.31887674 -0.25755534 -0.5995207 -0.22895917 0.4017566 -0.60138077 2.8565876
-0.25553903 -0.33853444 -0.001450817 -0.48717785 -0.26677948 -0.25178424 0.20709017 -0.34819826 2.7862928
-0.43368042 -0.42292356 -0.3407564 -0.52909034 -0.3389796 -0.34869128 -0.5124549 -0.38240683 3.4680443
-0.2328745 0.1638834 0.39980388 -0.022322902 0.46471536 -1.0587368 1.5854557 0.7996671 0.0
-0.56769407 -0.5295651 0.16031896 0.6932176 -0.44815063 -0.2528118 -0.42743814 -0.26754066 2.6891065
0.21034126 -0.25298765 -0.4236054 0.022664063 -0.7832373 -0.6676163 -0.21012162 -0.3818605 3.181488
-0.5560272 -0.5981911 0.20479433 -0.2370052 -0.08419099 -0.4675215 0.22848518 -0.28149912 2.7589607
-0.54867685 0.28023925 0.20855547 0.25461063 -0.20927516 -0.19798489 0.911441 1.6660318 0.0
-0.18879268 -0.4674049 -0.16238864 -0.38870698 -0.4231773 -0.38471755 -0.24787791 -0.46275628 3.4673626
-0.16842186 -0.20296666 -0.6599211 0.15028399 0.13511094 -0.065871134 -0.8643373 -0.8062926 3.2238278
0.10576171 -0.48644832 -0.41103798 -0.28737307 -0.6754934 -0.41197708 -0.66232467 -0.25518748 3.3611038
-0.10108037 0.22072257 -0.34008247 0.13424227 1.8433552 -0.25293115 0.74038476 -0.34746647 0.0
-0.031152537 -0.6035175 -0.3696187 0.10058826 -0.09932194 -0.47022468 -0.67467755 -0.6347772 3.1166904
-0.6039738 0.310225 -0.44978553 -0.5517735 -0.47882205 -0.43385747 -0.13585612 -0.75826985 3.49325
-0.17559308 -0.061388742 -0.36450663 -0.80013293 -0.33266252 -0.17154066 -0.4668224 -0.837896 3.4616358
0.22298326 0.89725816 -0.20173617 -1.01211 1.541334 1.9700736 -0.9388907 -0.76501936 0.0
