4.501548 -0.9303879 0.07496102 -0.70668995 -0.66789216 0.41966984 -0.7729623 -1.2028581 0.0
-1.1756097 -0.7211994 -0.5728461 -0.63567334 4.742653 -0.38318858 0.16724187 -0.07673132 0.0
0.72627926 -0.40660772 0.26523653 -0.70582277 0.13109201 -0.7120305 0.072222814 -0.15103497 2.09736
-0.6418553 0.6452852 -0.435661 -0.23771352 1.1830163 -0.4817324 -0.45100144 -0.0031193106 1.5863789
0.15812106 -0.020248726 0.08336801 -0.6396938 0.016949961 -0.21557054 -0.2805792 -0.27979943 2.7552323
0.9475377 0.23214066 -0.015301264 -0.694022 -0.08362835 -0.50934726 2.6858099 -0.49497473 0.0
-0.47794008 -0.2604452 0.04435796 -0.14907362 -0.6489702 -0.14362769 0.1721877 -0.560888 2.6754057
-0.456786 -0.5072041 -0.116285205 -0.2888455 -0.14065503 -0.28953344 0.22208332 -0.28750023 2.8802943
-0.45504615 -0.44615364 -0.39770547 -0.29181293 -0.31093377 -0.43197203 -0.238554 -0.41238233 3.2084646
0.041701008 -0.04544037 0.9199974 -0.13923974 0.24285409 -1.1113051 1.4480473 0.9575267 0.0
-0.7278884 -0.3999983 0.38092303 0.5606542 -0.41155156 -0.25139812 -0.38586438 -0.44133604 2.6313837
0.22077133 -0.30168715 -0.38708842 -0.23521551 -0.59613997 -0.6018807 -0.1003429 -0.25203988 3.159013
-0.40031356 -0.24649517 0.2259559 -0.3055527 -0.27152595 -0.3662934 0.18865745 -0.42369035 2.6725998
-0.36645418 0.83740807 0.073242344 0.31958365 -0.15223777 -0.68664706 0.54033035 1.6110446 0.0
-0.016645841 -0.33245194 -0.2151773 -0.6619524 -0.07583137 -0.40135422 -0.155329 -0.11866157 3.2938802
-0.29601392 0.11123364 -0.68588614 0.109500535 0.12727754 -0.04969254 -0.6770386 -0.35312748 2.922617
0.1502195 -0.59304035 -0.23724894 -0.08776833 -0.29408756 -0.811554 -0.7301691 -0.41793442 3.5351174
-0.28192133 0.23450738 -0.17543335 -0.12422873 1.7331833 0.11223226 1.1073818 -0.6861534 0.0
-0.097027965 -0.17730503 -0.50381494 -0.075034834 -0.045882665 -0.37855488 -0.5600592 -0.6446794 3.4115736
-0.55401677 0.35238266 -0.6256593 -0.46329814 -0.24688625 -0.32940128 -0.06632005 -0.5680349 3.3798761
-0.18493485 -0.29204413 -0.85777265 -0.5529884 -0.02458809 -0.34662303 -0.75452 -0.53803915 3.8927748
0.22832301 0.5398671 -0.009878411 -0.97541034 1.3332074 2.0512471 -0.8527744 -0.48984548 0.0
