4.5128794 -0.93346196 0.07543832 -0.7122921 -0.6738012 0.4230061 -0.7871648 -1.2118865 0.0
-1.1861421 -0.7303907 -0.5773415 -0.63841677 4.754132 -0.38598838 0.16828088 -0.07752323 0.0
0.733807 -0.4142002 0.26478142 -0.7120918 0.13286681 -0.7277556 0.07775556 -0.15255614 2.1040688
-0.70238054 0.64191926 -0.43950325 -0.22276263 1.3200489 -0.48378485 -0.44295552 -0.12470395 1.5768056
0.15886043 -0.0019677884 0.083633654 -0.65106255 0.017267238 -0.22204575 -0.26904765 -0.28107864 2.7452676
0.94933254 0.23016988 -0.02325942 -0.6093912 -0.062288903 -0.50996983 2.6820412 -0.49545023 0.0
-0.48703507 -0.26245883 0.024686677 -0.15080997 -0.6559231 -0.1268373 0.19833688 -0.5533667 2.6683795
-0.46506742 -0.5113179 -0.11725434 -0.29104814 -0.14249296 -0.19594471 0.110123485 -0.2905594 2.943867
-0.46334863 -0.46105042 -0.40269157 -0.2958294 -0.31586382 -0.43979344 -0.23982999 -0.4136582 3.2196815
-0.10667284 -0.043745432 0.9248127 -0.13944274 0.40095553 -1.1181624 1.4316354 0.974047 0.0
-0.7428131 -0.5823186 0.2790465 0.7276651 -0.41499877 -0.38026226 -0.3970461 -0.32101095 2.681814
0.22004269 -0.30586308 -0.3568737 -0.23648992 -0.6170183 -0.6062715 -0.10110293 -0.2557766 3.174565
-0.40419143 -0.24723847 0.25106514 -0.29146126 -0.2711519 -0.33345538 0.18603827 -0.4289068 2.6667871
-0.36715138 0.9065747 0.09710598 0.32168573 -0.16749631 -0.80733716 0.5963992 1.5660489 0.0
-0.01611452 -0.34550992 -0.22008759 -0.6671245 -0.06600103 -0.41300967 -0.15766536 -0.11896109 3.309789
-0.29738694 -0.057081066 -0.6940056 0.11183033 0.12602842 -0.028845353 -0.6947898 -0.35472348 3.0305018
0.15228057 -0.599518 -0.2418612 -0.08787628 -0.26781955 -0.7367671 -0.74006504 -0.4220078 3.4636278
-0.27012956 0.21350178 -0.18632162 -0.14046074 1.7557975 0.12281492 1.1004331 -0.68969923 0.0
-0.27087077 -0.18088596 -0.5129279 -0.022178147 -0.046555914 -0.38566655 -0.5768868 -0.64763856 3.4090226
-0.55850965 0.35611632 -0.6300912 -0.48289725 -0.25245628 -0.3393977 0.03132322 -0.567844 3.3767357
-0.19222833 -0.29580998 -0.86238015 -0.5650803 -0.025536384 -0.3362131 -0.76511246 -0.5575416 3.9078476
0.23055942 0.54495627 -0.031299863 -0.96680516 1.3449612 2.0519493 -0.8568804 -0.5018581 0.0
