4.323485 -0.8215097 0.079484046 -0.5862404 -0.49817702 0.44161648 -0.91690373 -1.2188311 0.0
-1.2154644 -0.7101352 -0.5700049 -0.6618729 4.9712977 -0.4106898 0.18063982 -0.5062367 0.0
0.7254684 -0.3450359 -0.10633518 -0.87433726 0.5688663 -0.79071623 0.18587787 -0.1382594 2.0556042
-0.67410105 0.4161863 -0.42030406 -0.061998192 1.0793624 -0.5565984 -0.20527835 -0.026135983 1.7710638
0.13394815 -0.1334485 0.39668038 -0.64726114 -0.12993097 -0.42267942 -0.3048098 -0.34464782 2.664874
1.49466 -0.14437823 -0.13059138 -0.6190667 0.13431881 -0.7319572 2.28116 -0.1708031 0.0
-0.46057275 -0.10645849 -0.0818251 -0.28986087 -0.63630325 0.06500717 0.16651489 -0.5501011 2.7364304
-0.519779 -0.30690628 0.051640578 -0.4026298 -0.26418936 -0.25062394 0.26273108 -0.31263858 2.7205079
-0.44508126 -0.51672715 -0.32395986 -0.4889541 -0.25131392 -0.4588539 -0.42314252 -0.3485973 3.4340003
-0.37154463 0.1825275 0.40660155 0.07236238 0.42933398 -1.0492359 1.590305 0.83596677 0.0
-0.7980734 -0.49945992 0.41380298 0.7369871 -0.41248655 -0.28755903 -0.5407126 -0.42521986 2.6301782
0.19443847 -0.2278402 -0.52215713 0.07154607 -0.7316357 -0.646054 -0.14227825 -0.43840194 3.1612737
-0.3013659 -0.3870489 0.13982667 -0.44607314 0.055569094 -0.34559485 -0.020404331 -0.28112134 2.5939946
-0.3862509 0.46252245 0.30788654 0.33847964 -0.179982 -0.28678468 0.7491422 1.4676378 0.0
0.04651064 -0.44464767 -0.10791371 -0.39256817 -0.21010174 -0.48320833 -0.32074714 -0.45867023 3.3498654
-0.2723824 -0.09026715 -0.584357 0.09198505 -0.069721445 0.0009830553 -0.751899 -0.71324587 3.2968454
0.07966438 -0.44199574 -0.41761678 -0.07511177 -0.6669588 -0.4635676 -0.6396957 -0.22540107 3.2771573
-0.055932984 0.095140286 -0.41588852 0.09685979 1.7606444 0.14722261 0.8910047 -0.4892674 0.0
-0.14240734 -0.54938644 -0.3774045 0.24373348 0.0015332504 -0.38776955 -0.70502055 -0.6625419 2.9857197
-0.59617347 0.44088084 -0.5008226 -0.51287997 -0.49679124 -0.50021195 -0.12575065 -0.40646031 3.3931417
-0.21956775 -0.3560669 -0.46309164 -0.6707333 -0.116906665 -0.31073081 -0.85030526 -0.7502792 3.8070178
0.46994925 1.0470201 -0.22241545 -0.99698997 1.343094 1.9053991 -1.04822 -0.7661232 0.0
