4.0370126 -0.9677786 0.6452091 -0.6171708 -0.19921258 0.06497205 -1.0915858 -0.8513279 0.0
-0.63425535 -0.446452 -0.38631663 -0.41397905 4.24456 -0.1597955 0.3646908 -0.60791355 0.0
0.7092053 -0.21498892 0.23703252 -0.6149114 -0.27420002 -0.33237737 -0.35177958 -0.028211901 2.2134595
-0.3871289 0.17063297 -0.33171463 -0.26350138 0.38300043 -0.17124356 -0.45917782 0.11547019 2.4491827
0.010135585 -0.48549977 -0.09239209 -0.39688683 0.100867674 -0.14492677 -0.45407146 -0.62324625 3.0667558
1.5678684 -0.09290958 -0.08967411 -0.3186827 0.5408188 -0.2817441 1.4298265 0.17143112 0.0
-0.15246198 -0.27453274 -0.58285606 -0.5479559 0.03590878 -0.19393948 -0.22773287 -0.25105178 3.0795858
-0.24110861 -0.1986655 -0.04137556 -0.3939493 -0.34861284 -0.27437648 -0.11444503 -0.39673463 2.9177127
-0.06884723 -0.2822704 -0.23144972 -0.21267298 -0.27405825 -0.4586354 -0.2592247 -0.30900672 2.9611325
0.22419108 -0.3091277 0.6348989 0.042851903 0.7352222 -0.76194555 0.8302719 1.0281577 0.0
-0.24653763 -0.6466334 0.0065473136 -0.08834034 -0.36434793 -0.25805143 -0.5939644 -0.0021205363 3.047426
-0.20557338 -0.45556343 -0.20820844 -0.03345518 -0.37773415 -0.49405998 -0.6375896 -0.18412776 3.093785
-0.05266363 -0.7450337 -0.27844393 -0.29476765 -0.08033958 -0.30437213 -0.372976 -0.13180219 2.927305
-0.4334307 0.037211083 0.40583998 0.13854654 -0.05906734 0.0888392 1.5123059 0.6864412 0.0
-0.51919895 -0.7698485 -0.39560106 -0.56286657 -0.3822042 -0.41932997 -0.29695368 -0.60081184 3.8175476
-0.31844467 -0.14732678 -0.49214956 -0.061630476 -0.05365917 -0.124177486 -0.6964773 -0.5546186 3.0345042
-0.37899 -0.7112367 -0.576906 -0.3670467 -0.15598029 -0.61353034 -0.31871957 -0.41406733 3.5024426
0.06849482 -0.43296987 -0.035302073 0.2622909 1.9583426 0.24775389 0.3365596 -0.5713515 0.0
0.13229868 -0.52919126 -0.36957756 -0.42801958 -0.45841593 -0.3376147 -0.3990222 -0.60957706 3.1970308
-0.24285746 -0.26998338 -0.48192126 -0.7451125 -0.42405218 -0.39949855 -0.22832327 -0.4524988 3.362813
-0.5144003 -0.48205703 -0.2886717 -0.6188843 -0.14621261 -0.15092267 -0.47076494 -0.3334194 3.3451643
0.63356316 1.0027779 0.10723054 -1.1053964 1.4040474 1.2506256 -0.47250742 -0.6428097 0.0
