3.7952905 -0.9019717 0.96252203 -0.59292036 -0.23190042 0.1621302 -1.1526462 -0.9176366 0.0
-0.6309299 -0.44725132 -0.2447709 -0.33740145 4.117302 -0.080211446 0.4170457 -0.6195659 0.0
0.93963593 0.034679186 0.1902436 -0.5293245 -0.2728281 -0.35537627 -0.41701496 -0.19301833 2.0935438
-0.3779064 0.087349474 -0.18825892 -0.3748974 0.44890425 -0.187391 -0.46827176 0.24713984 2.419778
0.019427143 -0.4776822 0.05603455 -0.3462388 -0.038570344 -0.1658645 -0.36256918 -0.46069005 3.01485
1.4192257 0.20823365 0.06600566 -0.08942673 0.55723625 -0.360181 1.1976386 0.18182607 0.0
-0.23678145 -0.18170728 -0.2761363 -0.5316573 0.093911886 -0.30482972 -0.26913586 -0.45809302 3.0916045
-0.2717565 -0.06495312 -0.015844356 -0.48713192 -0.4377724 -0.29699197 -0.114278965 -0.35066557 2.9467213
-0.021064013 -0.22184911 -0.30617264 -0.09011928 -0.309863 -0.32643002 -0.40048918 -0.27901337 2.9485753
0.20964235 -0.31190816 0.2974683 0.1604724 0.8273913 -0.5356419 0.94631696 1.0500667 0.0
-0.18611261 -0.4459071 -0.36935735 -0.18919048 -0.3731038 -0.18783532 -0.51842993 -0.25149277 3.1803312
-0.16956115 -0.53130496 -0.32792842 -0.05960782 -0.47030702 -0.31915158 -0.42864087 -0.24609539 3.1128693
-0.13751638 -0.57985574 -0.3675182 -0.3458226 -0.050295323 -0.26427066 -0.38960359 -0.050797276 2.9713144
-0.49350998 -0.15095876 0.35127965 0.546226 -0.04229371 0.049542315 1.6006603 0.402317 0.0
-0.53207743 -0.81287944 -0.42842165 -0.5129859 -0.35455087 -0.47229406 -0.28028658 -0.60663027 3.8352942
-0.31067565 -0.26494768 -0.51718795 -0.14658566 -0.1277138 -0.16706544 -0.52356285 -0.38790956 3.1188135
-0.4970061 -0.54269487 -0.50296265 -0.43980247 -0.0543189 -0.5315884 -0.44814068 -0.32938576 3.3907754
-0.010693157 -0.573695 -0.059303176 0.36785498 1.9409156 0.20329219 0.48176014 -0.50095755 0.0
-0.12745883 -0.5267059 -0.41916826 -0.52438986 -0.5456355 -0.5119455 -0.42738825 -0.5965843 3.4157546
-0.2492539 -0.25538465 -0.4528334 -0.8420402 -0.44618687 -0.4717863 -0.30502614 -0.54013693 3.4516835
-0.3469988 -0.5524757 -0.31256256 -0.6876584 -0.16674569 -0.31480804 -0.565931 -0.45758712 3.4743857
0.7968056 0.9213437 0.094141185 -0.972969 1.295994 1.3342861 -0.38087356 -0.68882984 0.0
