4.393129 -0.8352165 0.08384637 -0.69269425 -0.51562697 0.42927945 -0.95310014 -1.23675 0.0
-1.1126487 -0.73118395 -0.3622949 -0.632708 4.7458615 -0.415539 0.4518935 -0.522251 0.0
0.539392 -0.335562 -0.23473932 -0.87608135 0.5147705 -0.7000111 0.2785968 -0.23994298 2.2117498
-0.49635887 0.28282723 -0.12525779 -0.079284675 1.0154744 -0.58480704 -0.302036 -0.18728374 1.8724765
0.09951676 -0.28484386 0.36244193 -0.5914766 -0.11967757 -0.43947467 -0.40492973 -0.23751849 2.7765973
1.5227042 -0.12385502 -0.122474805 -0.64499044 0.23619965 -0.7347939 1.974804 0.15883142 0.0
-0.4092745 -0.09556629 -0.08120622 -0.2698097 -0.5916858 0.0016606791 0.18846689 -0.586932 2.6909058
-0.35010156 -0.34447286 0.033474427 -0.46839753 -0.26698333 -0.24748237 0.15714912 -0.34150082 2.802418
-0.396132 -0.5215487 -0.33737528 -0.55041045 -0.3390274 -0.33778158 -0.50527745 -0.37618497 3.4703612
-0.35036215 0.19049549 0.44212654 -0.031020872 0.42416647 -1.0477501 1.5858432 0.84625554 0.0
-0.78518236 -0.49047616 0.18701358 0.7238804 -0.44099757 -0.26707458 -0.43872315 -0.3780427 2.743427
0.20601545 -0.30133283 -0.506479 0.08646994 -0.7645881 -0.6566813 -0.16034278 -0.42606744 3.1826644
-0.55029875 -0.5989822 0.1847377 -0.24230705 -0.10497005 -0.4078076 0.1846581 -0.35050392 2.8066864
-0.34896648 0.35236362 0.22913326 0.29101434 -0.19309402 -0.19515261 0.81676143 1.5050306 0.0
-0.13346733 -0.4582026 -0.15564668 -0.38294378 -0.2918039 -0.40845504 -0.24841227 -0.50868654 3.4176884
-0.22482325 -0.06344856 -0.62998366 0.15185289 0.15741809 -0.01858578 -0.8445954 -0.76283944 3.2037005
0.084111616 -0.49531442 -0.40844545 -0.13305075 -0.6203874 -0.41512772 -0.68777084 -0.30999932 3.33667
-0.09080862 0.34622324 -0.37285486 0.06542365 1.7272136 -0.22425735 0.8382462 -0.3111116 0.0
-0.09729461 -0.6037116 -0.3707576 0.23877323 -0.035551816 -0.3741884 -0.6431482 -0.58807766 2.9834783
-0.598442 0.31088156 -0.51043206 -0.5499588 -0.38637716 -0.49683636 -0.10243248 -0.49660337 3.449301
-0.23241332 -0.32418314 -0.42948592 -0.6498573 -0.23005967 -0.19513027 -0.6364149 -0.8095024 3.6268926
0.40376085 1.0121871 -0.13901228 -1.0079849 1.4322534 1.7877893 -0.9536761 -0.77164483 0.0
