4.261191 -0.64961714 0.2127981 -0.6396863 -0.5232225 0.42081395 -0.94543827 -1.3136575 0.0
-1.0579202 -0.7013869 -0.3652988 -0.4413764 4.457428 -0.19641484 0.33142343 -0.461176 0.0
0.5317426 -0.40389735 -0.029454332 -0.6249342 0.50306684 -0.5278318 0.066184744 -0.28533813 2.145661
-0.42916214 0.19788164 -0.16395712 -0.16223158 0.6899843 -0.39332607 -0.2893702 -0.15989102 2.1857545
0.14294218 -0.38155723 0.35941398 -0.5177812 -0.15169516 -0.35081464 -0.2758459 -0.5916218 2.9022503
1.6722177 -0.1911843 0.018247081 -0.63924116 0.18365325 -0.56892675 1.7940613 0.18630123 0.0
-0.5221422 -0.06223294 -0.39758295 -0.13854785 -0.5651602 -0.35236305 0.4583552 -0.45112938 2.7850885
-0.26837954 -0.39772543 0.0052585383 -0.5282486 -0.17933637 -0.1334184 0.16133332 -0.404017 2.8087173
-0.13018239 -0.46493343 -0.36477876 -0.4697862 -0.35564986 -0.24756588 -0.39509675 -0.32158735 3.195134
-0.19445123 0.15265237 0.5560811 -0.122828335 0.5332479 -1.1829469 1.4947968 0.7801776 0.0
-0.52119285 -0.30960023 0.10269625 0.20211028 -0.3982992 -0.20238556 -0.465927 -0.10127684 2.7833908
0.056089886 -0.3680122 -0.41928577 0.09198211 -0.86243874 -0.47191262 -0.32917324 -0.39381135 3.1500235
-0.34763253 -0.6838366 0.030762747 -0.25094992 -0.259259 -0.30040845 0.36783397 -0.27275768 2.6950736
-0.4996468 0.46889055 -0.057699215 0.23522814 -0.14323688 -0.06608844 1.0601007 1.4020137 0.0
-0.41191053 -0.46975753 -0.10410638 -0.18143095 -0.52257425 -0.41256773 -0.40282756 -0.4998116 3.477912
0.11353858 -0.20323738 -0.7433908 0.079887375 -0.0026669262 0.009243727 -0.80730826 -0.67933124 2.983257
0.1459195 -0.4263254 -0.34365097 -0.32904488 -0.6987524 -0.22147453 -0.53829867 -0.4211767 3.1994262
0.12219123 -0.19007887 -0.41535485 0.16242015 1.9374563 -0.24126256 0.8126606 -0.44847244 0.0
-0.15170601 -0.64879423 -0.3918992 -0.18461348 -0.36636063 -0.4745985 -0.76632524 -0.8027185 3.5431898
-0.41852334 0.15870276 -0.40228537 -0.6391821 -0.45152682 -0.6031155 -0.35970363 -0.6626926 3.4160473
-0.12716226 -0.21702285 -0.26631546 -0.8976604 -0.32002118 -0.20455381 -0.42457435 -0.7452908 3.4667542
0.3707921 0.8017908 0.047475066 -1.0668123 1.3412756 1.6600258 -0.5838198 -0.6446987 0.0
