1.3238254 1.1330266 1.1224543 0.70308423 1.3503715 1.3807805 0.6175208 0.59815615 0.0
1.189209 0.981684 0.97306526 0.88250893 1.0419973 1.1461354 1.0302995 0.6636415 0.0
1.2199011 1.1439297 1.040513 0.643131 1.1841575 0.7796459 0.64570814 0.6123033 1.3664665
1.1938299 0.9990872 0.9848269 0.69336426 1.2103255 1.0902747 0.8400373 0.58831203 1.3773172
1.202592 1.259833 1.1070006 0.6413224 1.2255976 0.8441888 0.5984917 0.5944796 1.3878435
0.99578 1.0530654 1.0545522 0.7810651 0.99623936 0.9975601 0.9020283 0.69808686 0.0
0.87565714 0.73752433 0.78101724 0.6849718 1.0236976 0.6187041 0.89456874 0.8391202 1.3936167
0.6015058 0.6836497 0.8511692 0.73139393 0.6968922 0.75704885 0.6832845 0.6716177 1.3751861
0.69694585 0.6857856 0.68574476 0.69499665 0.74311435 0.6100149 0.8577467 0.6576076 1.3784347
1.0323952 0.91455346 0.9155444 0.7748457 0.97684836 0.8836726 1.027934 0.6226499 0.0
0.65675217 0.736441 0.6971481 0.6495923 0.9699119 0.93395 0.60791314 0.60101867 1.3751366
0.73699456 0.89480627 0.9134298 0.59899276 0.66956663 0.6180735 0.66075045 0.6225028 1.3965073
1.153312 0.71198356 0.70246303 0.7037511 0.67917365 0.64164096 0.6610467 0.6401133 1.3850379
0.7982186 0.9454973 0.7326189 0.81551504 1.0820079 1.0205977 1.0194714 0.6891421 0.0
0.72874784 0.917397 0.6065643 0.6575841 1.296558 0.67680633 0.60869354 0.61098874 1.3946552
0.66318774 0.68646747 0.7025046 0.6094781 1.0732409 0.881656 0.87318724 0.7371313 1.4096155
0.7396979 0.83719915 0.6669848 0.6067941 0.9778687 0.6759578 0.6213915 0.6816228 1.4023557
1.0538476 0.9128924 0.7979012 0.81161594 1.0901067 1.2267364 0.793416 0.6464859 0.0
1.1023258 1.2325406 0.8644786 0.6309625 1.2625004 1.2816514 0.792842 0.5996048 1.4054894
1.0577588 1.3613443 0.66222 0.634877 1.3076754 1.0930982 0.6753903 0.5962064 1.4096076
1.0524765 1.3588841 0.842058 0.60182095 1.11545 1.0473075 0.838672 0.6000792 1.4102896
1.1982325 1.3589838 0.9506949 0.6054455 1.2760774 1.1463376 0.7582494 0.6234308 0.0
