1.2491069 1.1631007 0.62609124 0.376759 0.9367391 0.9219575 0.5255778 0.5402546 0.0
0.6315621 1.0707746 0.81643534 0.94848627 0.76180613 0.99448544 1.0662593 0.9475881 0.0
0.96932423 0.8407278 0.92580354 0.56043595 0.6184622 0.99250555 0.7176046 0.36957324 0.8830614
0.6703615 0.6155508 0.81208616 0.74795175 0.6358786 0.75769186 0.39289027 0.6475174 1.3240862
1.1472794 0.9629946 0.83062947 0.64269906 0.8334176 0.6132159 0.6291335 0.4707155 0.8999355
0.7334669 1.246492 1.0169294 0.89857346 0.8396505 0.89085466 0.9292753 0.74959654 0.0
0.854636 0.88354 0.5081946 0.92648053 0.7316793 0.4624438 0.83468014 0.4660121 0.86434096
0.66793984 0.6114154 0.61600626 0.6948395 0.7562468 0.46936136 0.544934 0.6600562 0.78791517
0.62826943 0.61465657 0.75823253 0.4584129 0.39715928 0.5252142 0.6639294 0.6664155 1.0236707
0.8214362 0.99140227 0.9488913 0.794943 0.4522723 0.7724987 1.0776918 0.85054135 0.0
0.49715108 0.832047 0.5998246 0.78132135 0.60677135 0.43941584 0.5699808 0.4533568 1.0277373
0.74309886 0.42821422 0.57553416 0.5511445 0.5525482 0.45040536 0.4897924 0.51674116 1.1472466
0.6756252 0.64948165 0.5329587 0.5229941 0.72217494 0.44518015 0.6261796 0.60656244 1.1765301
0.8474089 0.8346163 0.9640219 0.7574763 0.5834762 0.8855218 0.72695357 0.842674 0.0
0.5832217 0.7445735 0.43738607 0.5111653 0.7888404 0.5065667 0.5365009 0.46101516 1.0279614
0.45308325 0.50467175 0.55453503 0.4110626 0.63157517 0.4275699 0.48686785 0.54725313 1.5128334
0.5289755 0.57016426 0.5257909 0.545644 0.49124944 0.45896822 0.6648867 0.4181096 1.4296054
0.7009404 0.79803497 0.88103414 0.85400164 0.98224455 0.8255268 0.7961788 0.6834191 0.0
0.48124003 0.67054635 0.45270017 0.4172159 0.7164791 0.5392605 0.39548087 0.4195685 1.5548038
0.7169864 0.85507685 0.49665654 0.4232165 0.6663984 0.45641854 0.47173038 0.39860758 1.3566558
0.674608 0.6128284 0.47045687 0.5848143 0.54816175 0.6230319 0.62728566 0.40647954 1.2673181
1.0135652 0.7307585 0.7976582 0.8414163 0.89346945 1.0180603 0.7896932 0.68111 0.0
