2.0645943 0.820808 0.23168531 -0.80133206 0.79019713 0.66463387 -0.17690155 -0.6699353 0.0
0.43754905 0.703117 0.2590166 0.13790761 0.47874075 0.6976046 1.2299289 1.354928 0.0
0.73396856 0.9313024 -0.09487805 0.084449016 0.7621482 0.9105348 0.1179227 -0.6569823 1.0639688
0.4354171 -0.039016806 0.51572394 0.66247386 0.25802657 0.015397866 -0.44584414 -0.35395828 1.9042269
1.0183669 0.82842016 0.31566852 0.004311512 0.53718895 0.17701939 0.16340771 -0.6811607 0.94704753
0.5780774 1.1402032 0.7385088 0.14200506 1.1658008 0.6826928 0.5295101 0.44869003 0.0
0.72670686 0.34382132 1.0195955 0.27512774 0.23406506 -0.11449381 0.71049035 -0.484785 0.6994971
0.23909406 0.34048983 0.05406659 0.13454512 0.5798757 -0.23577201 0.32911572 0.030448455 1.2998463
-0.20008862 0.32837215 0.29280126 0.5942495 -0.035332493 -0.3627751 0.07620246 -0.02902415 1.2325863
0.3664049 0.84584206 1.093869 0.6873063 0.017646162 0.34908485 1.0156152 0.347315 0.0
-0.5519851 0.5414422 -0.08724307 0.13584217 0.08935169 -0.13485087 0.01119504 0.017004076 1.4074258
0.23206437 -0.111536935 0.10700654 -0.25058994 -0.2922302 -0.23675184 -0.53480846 -0.4340538 1.9717389
-0.025031054 0.35605982 0.10845957 -0.04731213 0.1764223 -0.18907155 -0.3448103 -0.3485129 1.6187441
0.013557126 1.924016 0.9184955 0.20209393 0.06747552 -0.35965097 -0.48920062 -0.07906953 0.0
0.17143063 -0.049475178 0.069121614 0.053493526 0.36733797 -0.46613392 0.14327542 -0.576564 1.0916493
-0.33738792 -0.13700116 -0.0059786174 -0.568692 -0.012098745 -0.4183274 -0.013871985 -0.30601737 2.3357441
-0.27987593 -0.20461197 -0.62885416 -0.20619808 0.0019977072 -0.382395 -0.11474871 -0.6444617 2.3231006
0.5244947 0.946258 1.6631325 0.2851361 0.30087587 -0.3178057 -0.33354616 -0.70776814 0.0
0.4653068 -0.048252437 -0.08262728 -0.76170415 -0.1480069 -0.41132262 -0.3378534 -0.49932316 1.934194
1.6648353 0.16890754 -0.114270754 -0.55074704 -0.33328655 -0.16532579 -0.24479426 -0.83991414 0.32034707
0.134823 1.4469136 -0.52626884 -0.72550744 0.08386046 -0.3432094 0.14255558 -0.71392286 0.7405297
2.0145059 0.82252437 -0.4103161 -0.4337176 -0.09817783 1.0861896 -0.81104255 -0.96404845 0.0
