2.1447217 0.83910024 0.18569334 -0.88482034 0.82791555 0.66995895 -0.07859363 -0.72763115 0.0
0.4104057 0.73584807 0.3509922 0.17249799 0.5099699 0.7750202 1.224102 1.3378874 0.0
0.7218711 0.9289214 -0.066623636 0.17680413 0.77680457 0.8857052 0.16369034 -0.57854676 1.0542989
0.37839863 -0.038814984 0.5483049 0.72269285 0.34730586 0.036935464 -0.44179863 -0.3142821 1.8528428
1.0205159 0.8441177 0.37152848 0.020840539 0.60972494 0.16435899 0.1596639 -0.6384598 0.9080816
0.6219152 1.0970172 0.7050553 0.22820875 1.1683227 0.79906255 0.54451793 0.50186884 0.0
0.65466297 0.37645665 1.1746837 0.33463964 0.266142 0.0022474795 0.6949293 -0.39051512 0.7192811
0.23060633 0.4108285 0.091903254 0.15101694 0.6457191 -0.16407472 0.33501473 0.042189635 1.2693158
-0.07516545 0.2567496 0.3505621 0.5856633 -0.03477369 -0.3457889 0.10181667 -0.058211196 1.3085198
0.45734093 0.8469064 1.1281984 0.73622376 0.046372138 0.30497003 0.9814414 0.38193235 0.0
-0.5576498 0.5334246 -0.032823153 0.17716025 0.09061314 -0.009626478 0.02415222 0.052096784 1.3533541
0.31670249 -0.100494884 0.022492738 -0.21244009 -0.3104962 -0.19448733 -0.46927515 -0.427886 1.9534041
0.06105264 0.3856223 0.05176609 0.00022039938 0.23525621 -0.17548922 -0.31824338 -0.24118471 1.5910112
0.07967695 1.8778825 0.918272 0.2549204 0.08264269 -0.3054415 -0.43747067 0.017206013 0.0
0.1938113 0.0024956716 0.23998249 0.010787701 0.35333952 -0.35295573 0.2022436 -0.56836796 1.0645407
-0.2790931 -0.09814744 -0.063795745 -0.4831046 -0.06484831 -0.38359243 0.007362868 -0.19471763 2.3187666
-0.27217382 -0.17853384 -0.45027062 -0.16437927 -0.068482555 -0.41558656 -0.06589625 -0.6708935 2.2494783
0.62875617 0.93308544 1.6319615 0.2737525 0.36228377 -0.21180527 -0.27251807 -0.65716255 0.0
0.49963775 0.05027383 -0.038906906 -0.7293137 -0.035990078 -0.48098913 -0.2924467 -0.54140806 1.8378083
1.659569 0.20788641 -0.1382624 -0.54745054 -0.36412406 -0.22063491 -0.16407934 -0.8639942 0.30086064
0.19932613 1.3416152 -0.53599423 -0.7004315 0.12048696 -0.33028385 0.24869743 -0.8076336 0.7590417
1.9581 0.82397556 -0.32288554 -0.36540505 0.06458393 1.1162754 -0.8262898 -0.9533206 0.0
