0.8720224 1.1314139 0.87266 0.8771685 0.8691189 1.1291484 0.8765163 0.8701613 0.0
1.065722 1.1268814 0.87175125 0.9024554 0.8991584 0.87387383 1.0114379 0.87177724 0.0
0.87099123 0.8795408 0.86928195 0.8691298 0.8697504 1.1313767 0.8707539 0.8709492 0.9007689
0.8769276 0.889213 0.87456065 0.8735373 0.86868286 0.88551664 0.8708795 0.87087846 1.1226099
1.116985 0.88857627 1.0010118 0.8713879 0.8728754 0.874529 1.0342493 0.8692245 0.96827877
0.92597264 1.0961589 0.9228456 0.9049916 0.89584965 1.112364 0.8716834 0.87492466 0.0
1.028247 0.8706357 0.8697721 1.0271468 0.8740775 0.8703586 0.877161 0.8711833 0.8746125
0.87092155 0.8734772 0.8873525 0.8798338 0.8710752 0.870189 0.87065566 0.87161845 0.87007433
0.8704072 0.87178767 0.87565017 0.87114686 0.87168205 0.8749602 0.8702775 0.8708877 0.89196956
0.8697779 1.1107064 0.8979955 0.8707032 0.8742259 0.8725123 1.1054418 0.872857 0.0
0.8733184 0.8740642 0.8707702 0.98095554 0.8696033 0.87025344 0.8728187 0.87051946 0.90719503
0.8711773 0.87041134 0.8710694 0.8716702 0.8724853 0.8715775 0.870404 0.8717964 0.9688678
0.8706537 0.8765775 0.8699548 0.87124896 0.8716937 0.871051 0.87016946 0.8734846 1.0393018
0.87346137 0.9554689 1.0339333 1.0045362 0.87212795 0.8865174 0.8710533 0.8734933 0.0
0.8735514 0.8705223 0.8697109 0.8695447 0.8763685 0.8722685 0.87169987 0.87060577 0.9150863
0.87034667 0.8729339 0.86977345 0.871284 0.8722449 0.869618 0.8697697 0.87228626 1.1308498
0.87205154 0.8713816 0.8694676 0.869908 0.8702284 0.8712453 0.8714288 0.8704673 1.1239074
0.87182003 0.96742123 0.8741159 0.8916695 1.0758802 0.8763345 0.87665635 0.872213 0.0
0.8728017 0.8726204 0.8700701 0.8707565 0.88302493 0.87308824 0.8705105 0.8709494 1.1308392
0.87409323 0.8867579 0.8704199 0.8700958 0.8710068 0.87125117 0.87121326 0.8700486 1.1261966
0.8814126 0.8716772 0.8702995 0.8717878 0.8700276 0.87228787 0.871806 0.86977386 1.1264273
1.1158397 1.0269886 0.8841083 0.87076294 0.8777508 0.880502 0.8751333 0.8712775 0.0
