4.739624 -0.20067146 -0.97324336 -0.66607845 -0.074420094 -0.15972419 -0.608249 -0.19472182 0.0
-0.6701655 -0.85396093 4.5623155 -0.21498992 0.0032682016 -0.5142765 -0.22225533 -0.13047981 0.0
-0.11011998 0.027676487 -0.11932894 -0.48804045 -0.13491692 -0.8446358 0.11848782 0.0055533634 2.424974
0.22138177 -0.47477117 -0.093747765 0.4532513 -0.18604359 -0.6910149 0.07274058 -0.6461587 2.6038618
-0.25319332 0.34186992 -0.1060154 -0.23395804 -0.18722223 -0.53216577 -0.3468806 -0.49355197 3.2035275
-1.2350177 -1.4278965 0.04536272 -0.88152725 5.5095973 -0.33059603 -0.2905286 -0.31382477 0.0
-0.37851134 0.006550831 0.31645298 -0.5165391 -0.4929923 -0.11989793 -0.409892 -0.201037 3.3047373
-0.17385827 0.12081731 -0.08757818 -0.31922963 -0.21517153 -0.5652937 -0.11967582 -0.41029653 2.6966577
-0.20414165 -0.41599777 -0.23068114 -0.14179479 -0.07658316 -0.1948728 0.06022462 -0.48424256 2.959965
-1.0900557 -0.5647978 -0.4077832 0.17540914 -0.63854796 -0.993818 5.1109266 -1.0443615 0.0
-0.15766643 -0.44450516 -0.3382818 0.3640827 -0.436404 -0.08555501 0.47729182 -0.68735147 2.6388648
-0.29723427 -0.37698743 -0.04035319 -0.37837324 -0.5126048 -0.31140313 -0.098803446 -0.32822648 3.3862004
-0.04172615 -0.27803013 0.02580244 0.10036896 -0.34021395 -0.12273585 -0.09669251 -0.27939978 2.8158145
-0.4811927 -0.54941064 -0.47535452 -0.6536012 -0.78096306 4.05063 -0.21057548 -0.7995741 0.0
-0.4231369 -0.16825397 -0.09838428 -0.20956849 0.18766843 -0.6036782 -0.34271652 -0.21076709 3.5306513
-0.044973906 -0.14713493 -0.263403 -0.80260646 -0.40697223 -0.31805366 0.022216234 -0.2020595 3.5097225
0.30620378 -0.1826902 -0.012084918 -0.89717674 -0.05759418 -0.22130993 -0.13109386 -0.081757896 2.87253
0.8142356 -1.4166807 0.4807302 0.8501797 -0.3018785 0.7113084 0.49059027 0.49647424 0.0
-0.7583598 -0.45657933 0.32528314 -0.32905334 -0.077538796 -0.26423633 -0.09874935 -0.92727906 3.281727
-0.45471576 0.01040517 0.41782057 -0.3581853 0.17861444 -0.6541281 -0.110102214 0.36699343 2.0840516
-0.10612351 0.047031067 -0.37211183 -0.2526988 -0.0066416455 -0.21414278 -0.03494492 -0.62293357 3.028248
0.07684505 0.85171694 -0.6585783 -0.53104067 2.4170067 0.2438985 -0.5802441 0.5503492 0.0
