2.9965746 2.06588 0.744781 -0.7107791 1.0298147 1.7409046 -0.772373 -0.7238976 0.0
0.08181566 -0.018442906 2.918566 0.2767438 0.7691259 -0.062476236 0.6685183 -0.3027129 0.0
0.3972875 0.38661072 0.7169013 -0.6527718 -0.17303325 -0.4018187 -0.65348864 -0.6992036 3.1762826
-0.3879636 -0.08343185 -0.066369824 -0.5284628 0.6387931 -0.41873333 -0.3771677 -0.5472967 3.522091
0.35927752 0.33072713 0.12569274 -0.49150723 0.4156503 -0.30843824 -0.26670462 -0.6482357 3.8524961
1.5612062 -0.055343818 0.5118377 -0.1235802 2.6965134 -0.18924615 0.85856366 -0.35820833 0.0
-0.17399208 -0.61481345 -0.53776366 -0.5137669 0.76918244 -0.3865445 -0.26857108 -0.4634943 3.385632
-0.08822813 -0.43713468 -0.108652 -0.35261226 -0.02085345 -0.56796104 -0.06199962 -0.09240652 2.7322881
-0.26173934 -0.3775081 -0.42927286 -0.5173729 -0.22337507 -0.35810474 -0.24683394 -0.3837406 3.6793122
0.38325858 -0.44906345 0.3822375 0.21407479 0.47597745 -0.13894245 2.9515717 0.38543537 0.0
-0.44329536 -0.58059746 -0.54959166 -0.5777506 -0.3229414 0.13316345 -0.4258863 -0.65302455 3.7478116
-0.4796149 -0.37212223 -0.45191452 -0.69164926 -0.3529611 -0.49163964 -0.47604734 -0.4863421 3.7430165
-0.04858031 -0.42150062 -0.4157528 -0.44115433 -0.23262233 -0.45927492 -0.5581859 -0.6151007 3.7859037
0.10909378 0.5696392 0.45359868 0.31742993 0.104446545 1.3627154 0.7528756 -0.11325662 0.0
-0.24562442 -0.5364804 -0.60341287 -0.70638275 0.09491419 -0.36427802 -0.41643885 -0.6214159 3.7123902
-0.6001337 -0.6671576 -0.558807 -0.6582065 0.3445501 -0.4080757 -0.4763257 -0.6754963 3.8150518
-0.32919097 -0.59844124 -0.62264585 -0.7387703 -0.48687482 -0.63354295 -0.6799154 -0.6658521 3.831246
0.58565193 -0.13800934 0.22170198 0.04926096 1.6903597 1.1754254 0.16653965 -0.24403603 0.0
0.16656755 -0.5459175 -0.51878047 -0.7144744 -0.118423685 -0.26768342 -0.4388439 -0.78568155 3.505346
-0.056597047 -0.053805646 -0.6268937 -0.75742316 -0.12430792 -0.081674345 -0.4547159 -0.77874166 3.5316713
-0.1427338 0.0045445003 -0.53237647 -0.75512516 0.09070033 -0.17451805 -0.52244467 -0.71484685 3.59411
1.1130751 1.4068348 0.58098954 -0.48325807 1.9007126 1.2487004 0.58564806 -0.44346023 0.0
