4.657655 -0.12260759 -1.1069589 -0.7463055 -0.14025548 -0.18648858 -0.35393888 -0.35541376 0.0
-0.8526113 -1.1194053 4.94115 -0.50032824 0.003786661 -0.94301575 -0.24958229 -0.33705342 0.0
-0.17748544 0.42911446 -0.47088143 -0.5086379 -0.24579205 -0.9426478 0.11975855 -0.29114226 2.8203595
-0.07238506 -0.28747863 -0.2663962 0.22341987 -0.11959532 -1.0122861 0.060889594 -0.74319935 2.856246
-0.39582714 0.08959016 -0.13321175 -0.33618996 -0.33380017 -0.6052417 -0.6787247 -0.6270805 3.6839697
-1.0541053 -1.4541675 0.04959701 -0.9838019 5.4112725 -0.5179706 -0.3329798 -0.33023372 0.0
-0.5996399 -0.09948634 0.44659302 -0.6824457 -0.48725793 -0.19057822 -0.5425484 -0.27495435 3.4501872
-0.31642652 0.27123195 -0.09167682 -0.3883915 -0.26614302 -0.659819 -0.13563813 -0.60070384 2.7307937
-0.31527555 -0.6687498 -0.2544923 0.1718148 -0.15457849 -0.3199863 0.08196607 -0.54960936 2.8423376
-1.1489137 -0.7909021 -0.42543122 0.1860261 -0.7263641 -1.0968405 5.226387 -1.0901924 0.0
-0.19294384 -0.5568332 -0.54052097 0.12303292 -0.17480625 0.20605345 0.17624861 -0.9305239 2.9255245
-0.5771056 -0.45617393 -0.08115547 -0.4599239 0.04484351 -0.45556155 -0.11330361 -0.50075865 2.9997785
-0.16896935 -0.7148955 -0.015058676 0.23194736 -0.47039646 -0.14242163 -0.23706807 -0.5417735 3.1886313
-0.52379656 -0.8268613 -0.5541348 -0.075884596 -0.79437494 3.3666284 -0.22014025 -0.5517775 0.0
-0.47947484 -0.42590126 -0.13831754 -0.28949097 0.21833506 -0.8289926 -0.057078194 -0.24532877 3.4712334
-0.11609733 -0.2975639 -0.59117687 -0.95143396 -0.15408342 -0.5331335 0.03858469 -0.31572998 3.5433567
0.36026847 -0.37818295 -0.33527786 -0.62098455 -0.26541662 -0.18287808 0.1697015 -0.21902499 2.621632
0.51987535 -1.5987699 0.48751393 0.84543246 -0.00051117316 0.76477903 0.5130491 0.52553105 0.0
-0.5537524 -0.5035762 0.59918356 -0.49533987 -0.10819571 -0.39653897 -0.1704545 -1.0061125 3.0694187
-0.5210939 0.094698764 0.37943938 -0.64895844 0.30985948 -0.77270377 -0.12936883 0.494731 2.2870092
-0.27626494 0.06597457 -0.5393169 -0.3490871 -0.013988271 -0.39014107 -0.34718364 -0.4030021 3.153747
-0.17216496 0.6825173 -0.72990257 -0.5748536 2.759802 0.25794056 -0.6189586 0.60289854 0.0
