4.7442894 -0.20086916 -1.0671325 -0.7225349 -0.117125206 -0.17844486 -0.6248194 -0.29951528 0.0
-0.79614675 -1.0364168 4.830191 -0.39351746 0.0036312523 -0.7936066 -0.24147938 -0.25736988 0.0
-0.15491354 0.4042258 -0.12814172 -0.5001295 -0.20724939 -0.913647 0.12129216 0.005770857 2.3102317
0.3994319 -0.48303938 -0.16547723 0.45768675 -0.25300318 -0.9080717 0.0600248 -0.7140057 2.6193614
-0.34858212 0.3764964 -0.12483078 -0.30326363 -0.28318375 -0.613121 -0.56064326 -0.58577555 3.4115262
-0.99202996 -1.4466401 0.048353087 -0.9535399 5.385945 -0.45585987 -0.320303 -0.3254774 0.0
-0.52607596 0.09804282 0.33529922 -0.6277793 -0.43190318 -0.16676144 -0.50094473 -0.25152093 3.3949559
-0.26689354 0.16677353 -0.09073717 -0.36730984 -0.25163043 -0.63260895 -0.1310154 -0.53896064 2.7469208
-0.27923954 -0.58426845 -0.24747524 0.15918626 -0.12659825 -0.2778885 0.06703543 -0.5569787 2.8036015
-1.1318436 -0.74702394 -0.42033118 0.1829407 -0.7002082 -1.0664753 5.1950507 -1.0769457 0.0
-0.18065704 -0.5222525 -0.47305804 0.3810816 -0.4606146 -0.0904217 0.46724638 -0.8523633 2.8522947
-0.46910492 -0.43208224 -0.0624294 -0.43078387 -0.24566437 -0.40883297 -0.10897087 -0.4324407 3.196274
-0.11358814 -0.5458632 0.03565504 0.20141077 -0.42899376 -0.13651788 -0.18372698 -0.4419976 3.0624626
-0.51161695 -0.73607236 -0.53004736 -0.65317035 -0.7905338 3.7896748 -0.21737494 -0.5156467 0.0
-0.46271712 -0.3270854 -0.14693521 -0.26406744 0.20912986 -0.7574525 -0.04530831 -0.23495132 3.3745663
-0.088669926 -0.24356462 -0.46977305 -0.90646964 -0.4336248 -0.46619582 0.03297876 -0.278093 3.7038705
0.34410533 -0.30746692 -0.011013607 -0.9106804 -0.17200525 -0.24867901 -0.13464895 -0.16592535 2.9139848
0.515859 -1.5468961 0.48630705 0.85535115 -0.005399061 0.7151957 0.514922 0.51755184 0.0
-0.8079388 -0.48968753 0.34544337 -0.1968046 -0.098411225 -0.35498103 -0.14594352 -0.98383766 3.2767394
-0.50353193 0.013176661 0.4604131 -0.5480281 0.2649146 -0.737039 -0.12357826 0.39881998 2.2445416
-0.2104926 0.054153956 -0.570609 -0.31842446 -0.009910755 -0.33197585 -0.03683936 -0.6400548 3.0987227
0.0784532 0.8673477 -0.7088498 -0.55625826 2.4462564 0.25145647 -0.6127432 0.5905374 0.0
