4.3924193 0.2380874 -0.9116637 -0.7894914 -0.19146097 -0.17312324 -0.45587787 -0.41834566 0.0
-0.96360916 -1.2207046 5.3173637 -0.76779985 0.04986572 -1.2813358 -0.60495734 -0.54434395 0.0
-0.017218359 0.55616564 -0.72861046 -0.44023216 -0.48340777 -0.5040318 -0.4133012 -0.3269168 2.9384918
0.082129195 -0.4078755 -0.27564737 -0.55439645 0.05142627 -0.9728287 -0.3145624 -0.5925594 3.3485444
-0.3183881 -0.20278338 -0.42181504 -0.31739002 -0.33155894 -0.15237051 -0.7375473 -0.56613326 3.5494618
-1.1731907 -1.2746083 -0.24529186 -0.8198354 5.098748 -0.6121989 -0.35137084 -0.060818627 0.0
-0.7402445 -0.2905618 0.09723471 -0.5710057 -0.2435079 -1.0114216 -0.37492695 -0.42502046 3.5961978
-0.27287486 0.37699068 -0.3925887 -0.5043458 0.04964365 -0.5518718 -0.124413036 -0.54625565 2.722232
-0.4419492 -0.610635 -0.103514716 -0.2139483 -0.28427178 -0.35590908 0.011332915 -0.5034857 3.0598207
-1.1521348 -0.7271312 -0.662371 -0.12965098 -0.7755176 -1.4211406 5.459969 -0.9568764 0.0
0.058734547 -0.28542706 -0.74073714 0.06219754 -0.38873246 0.17003231 -0.29791942 -0.8286821 2.7743857
-0.6886805 -0.45964068 -0.35667595 -0.39461684 0.5930404 -0.7237026 -0.34963226 -0.24612431 2.936106
-0.34002534 -1.0682577 -0.20279665 -0.019920796 -0.5437804 -0.47487518 -0.16680554 -0.58697677 3.7648487
-0.38425717 -0.96712375 -0.59729195 0.15397526 -1.1039258 3.7285345 -0.26751792 -0.64209855 0.0
-0.5116963 -0.39682442 0.17555447 -0.15831403 -0.28226337 -0.79577464 -0.32667342 -0.17592187 3.290544
-0.17998883 -0.25207257 -0.5384549 -0.641871 -0.17051025 -0.56088144 -0.084291965 -0.40358892 3.3639743
0.1512053 -0.44855586 -0.44350097 -0.40346324 -0.47349083 -0.16830967 -0.4422145 -0.27354115 2.8835497
0.88545024 -1.6649582 0.7371861 1.1120986 0.0055570016 0.1546826 0.4407639 0.566423 0.0
-0.7446107 -0.21474078 0.38042772 -0.4526128 -0.39385045 -0.5103049 -0.2306898 -0.9476664 3.06983
-0.59948653 -0.31870574 -0.04833003 -0.7842542 -0.10937816 -0.5674709 0.3503487 0.041211255 2.7105026
-0.1688785 0.18429892 -0.7809836 -0.08572857 -0.4432338 -0.25284275 -0.6379224 -0.63466156 3.136377
0.2393 0.64347625 -0.49853584 -0.47341195 2.2493489 0.22987036 -0.07102019 0.9840579 0.0
