4.741023 -0.2007306 -1.0004276 -0.6824874 -0.08524046 -0.16510865 -0.61315876 -0.22150633 0.0
-0.705607 -0.9048908 4.640826 -0.25764355 0.0033728266 -0.585567 -0.2278397 -0.15991205 0.0
-0.1220343 0.028047008 -0.12159821 -0.49162546 -0.15341432 -0.86471355 0.11931948 0.005610768 2.4431849
0.22985339 -0.49618322 -0.10600185 0.45471168 -0.20397052 -0.7498608 0.073525995 -0.66592467 2.611825
-0.2786145 0.35188016 -0.11132594 -0.2528274 -0.2119068 -0.5551943 -0.4004841 -0.51950634 3.2643552
-1.2411042 -1.433477 0.04623729 -0.9024785 5.525439 -0.36395857 -0.2991329 -0.31726578 0.0
-0.41769704 0.0068024285 0.32197657 -0.54757655 -0.5296529 -0.13233995 -0.4352461 -0.21497507 3.3526871
-0.19765566 0.122909985 -0.088244475 -0.33291316 -0.22551267 -0.58464307 -0.12296102 -0.44518745 2.7161229
-0.22420387 -0.46050602 -0.2355816 -0.14336516 -0.089018576 -0.2167078 0.062184982 -0.5049456 2.9871116
-1.1023902 -0.6140854 -0.41149655 0.17762883 -0.6564007 -1.0150167 5.135943 -1.0540031 0.0
-0.16421938 -0.4664657 -0.3739899 0.3690861 -0.44314677 -0.08683745 0.48446217 -0.7330534 2.688009
-0.34073114 -0.39268917 -0.045983538 -0.4010854 -0.5158748 -0.33782992 -0.101741254 -0.36623207 3.4069896
-0.056327723 -0.34071746 0.028424716 0.11147361 -0.36465448 -0.12670606 -0.1171834 -0.3205132 2.8911507
-0.4900985 -0.59965813 -0.49109584 -0.6539583 -0.78381354 4.051774 -0.21258664 -0.7998401 0.0
-0.43460804 -0.20530832 -0.110933766 -0.22457597 0.19384676 -0.6460858 -0.34353825 -0.21774496 3.5402858
-0.05511157 -0.17109695 -0.31321257 -0.8323627 -0.41476828 -0.35661504 0.025004564 -0.22231139 3.5666978
0.31695792 -0.21349782 -0.01219053 -0.90119463 -0.07994112 -0.22916554 -0.132225 -0.10105986 2.8851342
0.81519973 -1.4544376 0.48166835 0.85172313 -0.30223882 0.7158404 0.4940602 0.5026878 0.0
-0.77286196 -0.4662433 0.32692984 -0.33444935 -0.08327131 -0.28864136 -0.110996634 -0.9438472 3.297089
-0.46880075 0.011166973 0.4301314 -0.40680212 0.200987 -0.677902 -0.11397242 0.37622505 2.1308231
-0.13027878 0.049057733 -0.4315993 -0.2707975 -0.0074869273 -0.24417014 -0.035501134 -0.6280068 3.0497103
0.07733469 0.8566606 -0.67323 -0.5443028 2.4264667 0.24613501 -0.5897803 0.56207514 0.0
