3.1399114 2.2011068 0.77416366 -0.73386973 1.1249775 1.7044873 -0.8086692 -0.7294869 0.0
0.09321164 0.13671744 2.5978963 0.31255788 1.1032256 0.05093264 0.789664 -0.34732455 0.0
0.5145055 0.43179274 1.0116308 -0.67631644 -0.16756451 -0.4742795 -0.6052066 -0.77131957 3.0819676
-0.39658841 -0.03183755 -0.055406556 -0.5176205 0.7617238 -0.44002277 -0.35750926 -0.5710893 3.5459712
0.41438305 0.42859355 0.1931347 -0.5020208 0.44211364 -0.34594867 -0.2973678 -0.69938016 3.9326797
1.4353241 0.017808417 0.6097164 -0.19438617 2.7915611 -0.14527652 0.89182675 -0.3069475 0.0
-0.14744103 -0.64821184 -0.5634834 -0.5232726 0.85277903 -0.46325573 -0.24596876 -0.54059654 3.4189317
-0.060273625 -0.41361943 -0.08627138 -0.34955594 0.00684178 -0.6499207 -0.11343523 -0.08506342 2.7677753
-0.22130182 -0.50967014 -0.44932798 -0.5801817 -0.1703442 -0.38998103 -0.20396109 -0.45462576 3.7624094
0.61110395 -0.33967555 0.45961076 0.18056394 0.70949394 -0.08045661 2.6805813 0.3952438 0.0
-0.5894229 -0.64590466 -0.6167387 -0.652528 -0.33995196 0.19510664 -0.4521875 -0.7287537 3.8046718
-0.5040398 -0.4025706 -0.42946243 -0.7347786 -0.3996774 -0.517179 -0.5456321 -0.62529814 3.8017342
0.03841994 -0.44989714 -0.3906968 -0.44509432 -0.21901573 -0.5235933 -0.6240469 -0.6656681 3.813155
0.08623223 0.5495714 0.48989794 0.3668776 0.104775645 1.4107474 0.7778884 0.00064615725 0.0
-0.2200625 -0.6178456 -0.5969151 -0.7864077 0.121959694 -0.42310476 -0.475833 -0.7073717 3.7840018
-0.6564311 -0.682746 -0.5896855 -0.7302404 0.39403778 -0.45847476 -0.5319641 -0.731082 3.8595917
-0.33915296 -0.70611596 -0.7156656 -0.79891557 -0.5358323 -0.6888151 -0.78426456 -0.7678363 3.8883226
1.0631113 -0.2203201 0.474762 -0.0528225 1.373352 1.103382 0.34783834 -0.2435619 0.0
0.20596714 -0.6048867 -0.5494866 -0.76490283 -0.13450785 -0.20533031 -0.47196344 -0.84194624 3.5499659
-0.035358533 0.06429083 -0.69537824 -0.795501 -0.13600026 -0.07661631 -0.49992183 -0.834269 3.5739717
-0.09063375 0.040285345 -0.5089574 -0.8135269 0.12961349 -0.17110448 -0.61027396 -0.7634699 3.6347134
1.4201823 1.2353781 0.45424625 -0.64132476 2.0631073 1.3587164 0.6339577 -0.5102498 0.0
