4.728852 -0.2002148 -0.78641397 -0.5517557 -0.025966117 -0.12357606 -0.57157636 -0.071675114 0.0
-0.44971353 -0.5453814 4.6781077 -0.052749675 0.0025609494 -0.73045146 -0.18342613 -0.026875209 0.0
-0.049666364 0.024970785 -0.1031449 -0.4611804 -0.049812898 -0.7042547 0.11224788 0.0051287077 2.288626
0.16554396 -0.33743867 -0.03616227 0.4421133 -0.44017148 -0.36696625 0.066941835 -0.7637618 2.8835602
-0.12049118 0.2734449 -0.0726158 -0.1282905 -0.071987204 -0.38339365 -0.1138086 -0.3319142 2.7699149
-1.1889378 -1.385463 0.039132353 -0.73503757 5.3886085 -0.15694676 -0.23179452 -0.28843752 0.0
-0.17642744 0.0048934133 0.27680185 -0.3287758 -0.2828766 -0.055782337 -0.2575412 -0.11962282 2.9563663
-0.06429035 0.10578659 -0.082591556 -0.23068187 -0.14961305 -0.43567133 -0.097050294 -0.21805461 2.5507436
-0.098732606 -0.18924166 -0.19605483 -0.13030687 -0.023829207 -0.085555635 0.047001716 -0.35021582 2.7582505
-0.9991892 -0.29543328 -0.3801689 0.15914944 -0.5158582 -0.8440945 4.9215336 -0.97270566 0.0
-0.11504005 -0.30602416 -0.1554363 0.32759878 -0.38759148 -0.0762529 0.42529058 -0.41757128 2.2879338
-0.1030655 -0.27488777 -0.0146536315 -0.24086602 -0.48800215 -0.1656866 -0.078758836 -0.14040126 3.2296307
-0.0040348996 -0.05732328 0.012186941 0.044500366 -0.19879802 -0.09593436 -0.021733677 -0.0963479 2.2959137
-0.41754347 -0.27903107 -0.36942366 -0.65084594 -0.7592644 4.041771 -0.1956478 -0.79751986 0.0
-0.3440257 -0.035859145 -0.03878523 -0.12265588 0.14605743 -0.356863 -0.3354196 -0.16380647 3.4560215
-0.3307828 -0.045636687 -0.06867843 -0.605557 -0.35140547 -0.13099384 0.008882582 -0.09638785 3.5613947
0.23441878 -0.05452298 -0.011298317 -0.86684453 -0.0059665265 -0.16770856 -0.122665 -0.015752424 2.7770073
0.8068168 -1.1558471 0.47344777 0.86051524 -0.29910627 0.78460354 0.4648923 0.16334967 0.0
-0.65498304 -0.38827306 0.31282428 -0.2901461 -0.04462626 -0.1332721 -0.039890245 -0.80855554 3.1653037
-0.35910472 0.006019654 0.33373356 -0.1335197 0.07154183 -0.49622422 -0.084270254 0.3028126 1.7553161
-0.021575205 0.033927802 -0.11779333 -0.14788944 -0.0026234011 -0.07740191 -0.03092623 -0.58505243 2.8672714
0.07316113 0.81443095 -0.55548435 -0.43877083 2.3450744 0.22727147 -0.511495 0.46751785 0.0
