4.476619 0.10936648 -1.1404167 -0.76619804 -0.16239381 -0.19329101 -0.36126688 -0.40849748 0.0
-0.9014281 -1.1916842 5.0332193 -0.60805833 0.0039083622 -1.0848894 -0.256367 -0.41956612 0.0
-0.1982911 0.4595592 -0.5180441 -0.24349572 -0.28312787 -0.6321013 -0.4649471 -0.31954798 2.8836477
-0.08673979 -0.22000217 -0.29026803 -0.10657853 -0.16519347 -1.1056018 -0.1806295 -0.7597187 3.3717437
-0.43888274 -0.12812953 -0.13952808 -0.36555448 -0.3814022 -0.14236905 -0.7849108 -0.61256313 3.562957
-1.1070808 -1.4598086 0.05063145 -1.0091007 5.4314637 -0.57460505 -0.34364972 -0.33415034 0.0
-0.67423135 -0.3163426 0.45554835 -0.4557798 -0.52474415 -0.6489186 -0.6170051 -0.4666663 3.58993
-0.38855785 -0.017911855 -0.2703634 -0.6332489 -0.0286928 -0.42701414 -0.02017673 -0.55711097 3.0227184
-0.34903044 -0.74711454 0.04486742 -0.08897845 -0.18192047 -0.3597631 -0.14907181 -0.28194085 2.765277
-1.1576893 -0.8664567 -0.36493674 -0.11765821 -0.74833775 -1.1219953 5.33117 -1.099635 0.0
-0.08666232 -0.38272983 -0.6023522 0.12620442 -0.47039297 0.24020389 0.19060563 -0.9990241 2.9260457
-0.6687395 -0.4764612 -0.09013326 -0.4854183 0.23487768 -0.7839278 -0.117730275 -0.41118827 3.0375853
-0.2335524 -0.811901 0.013318132 0.08121808 -0.50828767 -0.147281 -0.29226324 -0.62821615 3.3077533
-0.2646159 -0.862605 -0.5746014 -0.07685311 -0.7999451 3.3315942 -0.22244366 -0.58301616 0.0
-0.2525756 -0.4937336 -0.10773189 -0.3119372 0.21979143 -0.8920403 -0.06889827 -0.25413093 3.3456943
-0.11519408 -0.35010952 -0.7125156 -0.9895524 -0.21129128 -0.48751017 -0.107667275 -0.3534468 3.6668308
0.3232458 -0.44736722 -0.40078324 -0.33853328 -0.38455725 -0.19032867 -0.1568683 -0.2140477 2.5316107
0.3948866 -1.611562 0.30979234 1.1893587 -0.3339411 0.72676295 0.66675395 0.73368394 0.0
-0.68301827 -0.3133364 0.6661371 -0.65821666 -0.13166241 -0.2881229 -0.19334814 -0.7892243 2.7150161
-0.46189716 0.1085055 0.256242 -0.7485739 0.35254547 -0.42083 -0.014609748 0.26471972 2.2015555
-0.34450132 0.29768312 -0.6599871 -0.3764056 -0.048099533 -0.2275335 -0.4520137 -0.49285805 3.0504987
0.17120767 0.7590908 -0.69808805 -0.41412073 2.5726495 0.022378864 -0.28562853 0.64008385 0.0
