3.1147337 2.1928923 0.7676005 -0.7363204 1.0995136 1.6945066 -0.80547816 -0.7243012 0.0
0.06815993 0.121973485 2.6106737 0.32769075 1.0783751 0.012112571 0.7952322 -0.33092028 0.0
0.50264186 0.42023605 0.92436904 -0.6681974 -0.15460381 -0.4562904 -0.6271416 -0.74796367 3.1039956
-0.38571027 -0.04003507 -0.05696074 -0.51423424 0.75545996 -0.43036237 -0.33679932 -0.5652559 3.5229032
0.40924627 0.40373626 0.19168255 -0.49866503 0.42860386 -0.33993965 -0.29272535 -0.6871058 3.9149072
1.426598 0.0014190631 0.58431435 -0.18381217 2.8110402 -0.17349266 0.8872722 -0.30776188 0.0
-0.14466467 -0.6365633 -0.55207217 -0.5161458 0.8403167 -0.43599442 -0.2699292 -0.52768826 3.4065206
-0.05286851 -0.41474816 -0.087690376 -0.35436708 0.011677504 -0.61046493 -0.11772904 -0.0945867 2.7531095
-0.23168762 -0.4992998 -0.43588328 -0.5755242 -0.17358564 -0.37338868 -0.20765133 -0.44566858 3.7441237
0.5398648 -0.33940557 0.4401814 0.16838942 0.6764701 -0.09704718 2.7458782 0.38866425 0.0
-0.5577922 -0.62434196 -0.59802413 -0.632746 -0.32883355 0.18176389 -0.4451938 -0.7191033 3.7908685
-0.4805517 -0.37112027 -0.4356608 -0.71880966 -0.36606875 -0.50513625 -0.5284478 -0.6084362 3.7784007
0.018460304 -0.43449038 -0.38563788 -0.4450693 -0.22481035 -0.51157904 -0.61760235 -0.6520234 3.8054852
0.10770941 0.53873295 0.46952575 0.37862673 0.095972165 1.3785782 0.80556667 -0.008014257 0.0
-0.22179466 -0.5979386 -0.5984354 -0.76365703 0.11981687 -0.41269293 -0.47549206 -0.68854207 3.767422
-0.6421328 -0.67897356 -0.58024573 -0.7142602 0.3815949 -0.4314967 -0.53494465 -0.7178575 3.8500516
-0.3407157 -0.6820414 -0.68244666 -0.7831263 -0.5336903 -0.68740636 -0.77062696 -0.7458853 3.8790696
1.0062364 -0.24172 0.4217503 -0.03338685 1.4340802 1.1050054 0.3099619 -0.22751427 0.0
0.20635532 -0.5915611 -0.53371096 -0.7565952 -0.1338333 -0.2268179 -0.4742732 -0.8227879 3.5380363
-0.030336259 0.045302965 -0.6898092 -0.7871592 -0.13563183 -0.08414981 -0.48615322 -0.8258073 3.56543
-0.100532085 0.048164368 -0.49664113 -0.8016281 0.11308749 -0.16068281 -0.59122777 -0.7494284 3.6181507
1.380835 1.2590654 0.48464322 -0.60931695 2.0254412 1.3428386 0.61343527 -0.50891554 0.0
