4.7320275 -0.20034951 -0.8374986 -0.5833014 -0.03545151 -0.13330375 -0.5821664 -0.09631822 0.0
-0.5059459 -0.62260926 4.709626 -0.07994171 0.002752173 -0.73544574 -0.1941263 -0.04290041 0.0
-0.06284573 0.025740841 -0.10768037 -0.46895224 -0.06687942 -0.7430828 0.1140549 0.0052505787 2.3280592
0.18038125 -0.37324202 -0.047926303 0.44537234 -0.44060284 -0.44241613 0.068603896 -0.5482505 2.880623
-0.15000893 0.29208553 -0.08120291 -0.15321358 -0.09562386 -0.42237735 -0.15823641 -0.37318045 2.8913958
-1.2023585 -1.3978564 0.04087711 -0.7755557 5.424042 -0.19560209 -0.24778019 -0.29571083 0.0
-0.2210766 0.0053336546 0.2879616 -0.37571236 -0.3333255 -0.06993868 -0.2954372 -0.13945177 3.0551858
-0.08627703 0.11001853 -0.08403335 -0.2539116 -0.16656414 -0.47050235 -0.10324531 -0.2628406 2.5929747
-0.12237577 -0.2388455 -0.20569943 -0.13362376 -0.033657115 -0.109124884 0.050571527 -0.3853868 2.8163404
-1.0251963 -0.35777786 -0.3881203 0.16378628 -0.5494038 -0.88578576 4.976695 -0.9933319 0.0
-0.12626348 -0.34169537 -0.19560035 0.33797213 -0.40140533 -0.078888714 0.44002423 -0.483801 2.3863623
-0.14097184 -0.3017634 -0.01977119 -0.27524275 -0.49513936 -0.19964646 -0.08421269 -0.18046236 3.2750788
-0.0080643855 -0.09147453 0.015211727 0.05659489 -0.2329967 -0.10317417 -0.03380541 -0.13199966 2.4384665
-0.4354057 -0.34091097 -0.39797664 -0.651658 -0.7656063 4.0443826 -0.19994108 -0.79812586 0.0
-0.36570722 -0.05666393 -0.05107252 -0.1436879 0.15727974 -0.41681626 -0.33755717 -0.176465 3.4778852
-0.33537233 -0.06451895 -0.102221124 -0.65808755 -0.36697167 -0.17026907 0.011647856 -0.11995785 3.6076868
0.25366095 -0.0779671 -0.011525051 -0.8757333 -0.012714718 -0.18162575 -0.12509531 -0.025648784 2.8049037
0.8089998 -1.2274138 0.4756485 0.86407673 -0.29992193 0.79535425 0.47209856 0.16688275 0.0
-0.6839449 -0.4073025 0.31645158 -0.30112833 -0.052538704 -0.1631483 -0.05214958 -0.8419308 3.199234
-0.38502952 0.007076112 0.3566292 -0.17875281 0.09376374 -0.5384058 -0.09119404 0.32049745 1.8465602
-0.03457385 0.037363186 -0.16552228 -0.17325154 -0.0034525092 -0.1045762 -0.032062072 -0.59598917 2.913878
0.07422989 0.82526475 -0.5841197 -0.46420786 2.3660827 0.23205848 -0.530898 0.490585 0.0
