4.725461 -0.20007122 -0.73533386 -0.5199729 -0.01861719 -0.113976166 -0.56049013 -0.05226939 0.0
-0.39657032 -0.47348833 4.644715 -0.03382129 0.0023715082 -0.72516096 -0.17265736 -0.0162984 0.0
-0.03862678 0.024174536 -0.09851579 -0.45303068 -0.036361136 -0.6650571 0.110351436 0.005001792 2.2472937
0.15105222 -0.30300587 -0.026765568 0.4386626 -0.4397113 -0.30055487 0.06521285 -0.73012036 2.8805747
-0.095350645 0.25486258 -0.06444928 -0.106137075 -0.05315152 -0.34574747 -0.080025315 -0.29288825 2.6459556
-1.1747845 -1.3723621 0.037352633 -0.694134 5.3510604 -0.1240598 -0.21587086 -0.28087437 0.0
-0.13865243 0.004463562 0.26537058 -0.28512356 -0.23741303 -0.043811996 -0.22243491 -0.10155439 2.8544688
-0.04695227 0.10145033 -0.10256385 -0.20822799 -0.13341863 -0.4013391 -0.016890151 -0.1786238 2.5064466
-0.07850344 -0.14758386 -0.18626155 -0.1268564 -0.01647548 -0.06597424 0.043469485 -0.31621143 2.6975975
-0.97216797 -0.24080797 -0.3718646 0.15434675 -0.48231676 -0.80177015 4.863361 -0.9511713 0.0
-0.10415947 -0.27204823 -0.12160319 0.31688133 -0.37337592 -0.07353751 0.41011345 -0.35684407 2.1874027
-0.07375257 -0.24883857 -0.010640277 -0.20889293 -0.48050055 -0.13577607 -0.07332762 -0.10738069 3.1818402
-0.001922289 -0.03477589 0.009617486 0.03442202 -0.16780734 -0.088767484 -0.013551651 -0.06882469 2.153037
-0.39929134 -0.2253018 -0.34120777 -0.6499805 -0.7525567 4.038986 -0.19116876 -0.7968739 0.0
-0.32230443 -0.021984357 -0.028905459 -0.10358724 0.13496266 -0.30234385 -0.33315402 -0.15129715 3.4328465
-0.32595563 -0.031521663 -0.044893622 -0.5541135 -0.33552328 -0.09899148 0.0066495785 -0.076305546 3.512664
0.21549039 -0.037201993 -0.011061317 -0.85746086 -0.0026531487 -0.15402985 -0.12012404 -0.009352079 2.7475505
0.8039937 -1.0840799 0.47120503 0.85553735 -0.29823852 0.773294 0.4639279 0.15966266 0.0
-0.6254311 -0.36894694 0.30900007 -0.2788693 -0.03748885 -0.107382104 -0.029959623 -0.7744009 3.1295035
-0.33336082 0.0050651785 0.31091905 -0.09776312 0.053587567 -0.45484647 -0.077459805 0.28501597 1.6629353
-0.013029947 0.02374122 -0.081892565 -0.12489546 -0.001956371 -0.056121044 -0.029758608 -0.5736048 2.8195603
0.07203785 0.8030292 -0.5264751 -0.4131622 2.3228674 0.2222729 -0.49157313 0.4440988 0.0
