3.2831593 2.7751658 0.94940317 -0.72646296 1.6717396 1.8490334 -0.807869 -0.7684923 0.0
0.8565842 0.67788893 1.9247693 0.2679306 1.283725 0.56508416 0.9318074 -0.46589574 0.0
0.84752285 0.9000559 1.311624 -0.8700544 0.20968148 -0.25110817 -0.50462663 -0.99793386 2.9271078
-0.17478503 0.4269844 0.1139042 -0.54725075 1.2512945 -0.22303358 -0.46903774 -0.7072055 3.5594437
0.7413287 0.77031285 0.3920891 -0.63985914 0.8363866 -0.3194999 -0.25420022 -0.8658089 4.036258
1.6776931 0.6593681 0.7591285 -0.07389795 2.271462 0.2145346 0.935632 -0.2070396 0.0
0.015088192 -0.76871634 -0.5432999 -0.63308305 1.2037135 -0.5541183 -0.075909376 -0.6420571 3.4004726
0.3400295 -0.22102818 0.2908745 -0.21064253 -0.02391178 -0.6162483 0.069669515 -0.3770484 2.5577652
-0.07336662 -0.73253834 -0.42324468 -0.76495475 -0.5700413 -0.3749454 -0.22868365 -0.81738794 3.98826
0.7546167 0.28186205 0.6701304 0.1741975 1.0148102 0.40659717 2.1812496 0.35930195 0.0
-0.95801824 -0.7077504 -0.89836776 -0.74799913 -0.6607487 0.41079563 -0.6618813 -1.0371803 3.8959386
-0.7855488 -0.7591017 -0.4879763 -0.96241623 -0.81883115 -0.66204387 -0.9909618 -0.9816224 4.039872
0.3070846 -0.4906899 -0.3325591 -0.62952477 -0.24974482 -0.8406562 -0.7996599 -0.83816147 3.9430413
0.726906 1.070219 0.5764811 0.3746966 0.4705841 1.4229242 0.5122453 -0.22183642 0.0
-0.20486881 -0.57448775 -0.5800784 -0.9793911 0.57705057 -0.7604816 -0.8266676 -0.9971369 3.8520408
-0.928373 -0.8135437 -0.97512966 -0.84476626 0.6441968 -0.9418388 -0.9008019 -1.0467057 3.9895506
-0.27766597 -1.0197685 -1.0722383 -1.0788629 -0.7031282 -0.988619 -1.0176802 -1.1725941 3.9835596
1.3155173 0.46523133 0.8113503 -0.013585923 1.1257485 1.1987135 0.3105964 -0.4639508 0.0
0.5395552 -0.5325771 -0.5592079 -0.9316922 0.1478249 -0.11696685 -0.88916796 -1.0690963 3.6100256
0.21862946 0.4840817 -0.9321219 -0.95480436 0.2057369 0.001050548 -0.7694682 -0.9973915 3.664735
-0.020414041 0.39912713 -0.8661821 -1.0134269 0.46564835 -0.10401784 -0.96037346 -1.0019464 3.7818096
1.6058785 1.4229119 0.67163664 -0.5776695 1.8617014 1.4752036 0.85427463 -0.45340663 0.0
