4.3223796 -0.1181838 -0.59672743 -0.78285974 -0.35486722 0.25411642 -0.5798001 -0.13270713 0.0
-0.83909106 -0.8336902 5.2588043 -0.8188442 -0.42598805 -1.3793921 -0.49992082 -0.66596615 0.0
-0.107416525 0.62851846 -0.25968507 -0.37813285 -0.0056437566 -0.7169662 -0.09442886 -0.5963607 2.5642912
0.17843167 -0.4451879 -0.06515666 -0.8482463 -0.42475197 -0.49646276 -0.5917528 -0.69176346 3.4704635
-0.20153569 -0.33088884 0.03000826 -0.2415854 -0.041984424 0.22529511 -0.66149306 -0.6281211 2.9683044
-0.2799495 -1.3380307 -0.19543467 -0.5278308 4.852884 -0.8466446 -0.66281545 -0.1448204 0.0
-0.24041311 -0.29024288 -0.049588945 -0.5278806 -0.07830847 -1.3228816 0.06707353 -0.51478446 3.218825
-0.51396585 0.11320116 -0.67471224 -0.31976292 0.43028837 -1.0671846 -0.3078278 -0.5180679 2.8673816
-0.096785136 0.4874731 -0.43094778 -0.35888872 -0.42618805 -0.41339666 -0.33324555 -0.4534015 2.7014868
-0.8429248 -0.9561029 -0.5092872 0.041669182 -0.009233582 -1.1406759 4.4933352 -0.9380406 0.0
0.3770239 -0.60855675 -0.39549956 -0.41217732 -0.4707077 -0.41079143 -0.21595182 -0.004859166 2.7948515
-0.4619468 0.0069210716 -0.29889715 -0.7473432 0.32688966 -0.72193694 0.021363452 -0.3920671 2.7324798
-0.6249445 -0.8569694 -0.0067228735 -0.31032395 -0.10080022 -0.13307767 -0.18182985 -0.5195372 3.1943345
-1.00854 -0.8938681 -0.27548313 0.4432195 -0.8279699 3.3280008 0.02985446 -0.577439 0.0
-0.81645054 -0.41181463 -0.20184502 0.11378412 -0.1765316 -0.8852591 -0.6270773 -0.096373886 3.4040809
-0.024204321 -0.45083606 -0.74655235 -0.5722635 -0.29200006 -0.35787946 -0.4232267 -0.48271534 3.4801972
-0.06516779 -0.506028 -0.7155272 -0.46209896 -0.30333492 -0.19743715 -0.59791905 -0.38156208 3.3588433
0.6620856 -1.0659837 0.28653282 1.092636 0.3706071 1.2785197 -0.2860577 -0.3786161 0.0
-0.6736686 -0.1543356 -0.0540309 -0.17507944 -0.25553015 -0.42244482 -0.47149542 -0.4003048 2.8906062
0.12120078 -0.55420005 0.13931878 -0.3822002 -0.37005827 -0.78886455 0.16609678 -0.3822955 2.687783
0.007760881 -0.28500688 -0.5491402 -0.20956409 -0.24814817 -0.28424966 -0.33868197 -0.8279619 3.1877158
0.6862881 0.78530085 -0.41119155 -0.94265705 2.3095586 0.43467858 0.272084 -0.17363758 0.0
