4.3824925 -0.42916402 -0.6542987 -0.5490058 -0.37414193 0.19790368 -0.4590223 -0.20643677 0.0
-0.83017987 -0.980667 5.2436786 -0.77127236 -0.33765206 -1.3286068 -0.4903627 -0.6847553 0.0
0.03892916 0.97851986 -0.23102261 -0.534502 -0.054536134 -0.64071625 -0.26927805 -0.6169769 2.3911834
0.22373232 -0.13529764 -0.14123856 -0.6223962 -0.5392245 -0.66206694 -0.2689302 -0.8184957 3.2061017
-0.18574423 -0.25603703 -0.38922822 -0.3110509 -0.06379432 0.21240142 -0.6775194 -0.740473 3.2211332
-0.6062401 -1.3348296 -0.268253 -0.66667616 5.023037 -0.9671864 -0.6470012 -0.056005474 0.0
-0.30534124 -0.2987175 0.037738282 -0.5552581 -0.04115664 -1.2361373 -0.062715426 -0.5649107 3.2683432
-0.49293578 0.23644911 -0.7735916 -0.5115872 0.21834119 -1.0082246 -0.1351536 -0.46492586 2.9205668
-0.12363455 0.17982142 -0.2972794 -0.003462943 -0.5441764 -0.18061909 -0.25806162 -0.73876315 2.6512845
-0.75010526 -1.076839 -0.5607802 0.09358768 -0.18839677 -1.0313994 4.504325 -0.8793215 0.0
-0.0033161177 -0.6214796 -0.532384 -0.39754575 -0.25400084 -0.2608041 -0.115557395 -0.10175157 2.8746438
-0.4791761 -0.082647584 -0.25188848 -0.57604206 0.44159046 -0.6175497 0.0574597 -0.49714082 2.5823257
-0.5207197 -0.9814973 -0.083711475 -0.3394513 0.06942354 -0.18316191 -0.44209772 -0.760384 3.4004622
-0.7877347 -0.9374013 -0.15693013 0.600299 -0.87455523 3.2970862 -0.05043742 -0.805457 0.0
-0.8314432 -0.38781217 -0.01358504 0.002093442 -0.27909014 -0.84492064 -0.6616345 0.040879294 3.3917606
-0.11912376 -0.36711738 -0.8047929 -0.38194692 -0.10674434 -0.19867764 -0.34516698 -0.42435834 3.2813396
-0.23234728 -0.3108569 -0.7890493 -0.34710225 -0.02636474 -0.34963176 -0.45824417 -0.36441484 3.2552717
1.0000355 -0.78457904 0.16989449 0.91742074 0.24365038 0.9535104 -0.047475483 -0.17078167 0.0
-0.80443937 0.20388551 -0.22749223 -0.24077418 -0.3278761 -0.5198637 -0.37719506 -0.44193384 2.8969035
0.04904884 -0.586633 0.17512791 -0.31901735 -0.55856556 -0.6649629 0.14962631 -0.3807034 2.7056968
-0.075557135 -0.17772608 -0.41174757 -0.11528788 -0.29462498 -0.30276293 -0.27396417 -0.842605 2.976675
0.47593036 0.90102124 -0.35184526 -0.57125247 2.1524181 0.3452116 0.31481215 0.10635333 0.0
