4.4505353 0.10592568 -1.122253 -0.7554073 -0.15007438 -0.18959303 -0.35729703 -0.37892348 0.0
-0.87477 -1.1521615 4.983366 -0.54737884 0.0038425792 -1.005931 -0.25268617 -0.37284926 0.0
-0.18678692 0.44291297 -0.49205554 -0.21333407 -0.26199806 -0.9537138 -0.16504194 -0.3062657 2.867357
-0.078329764 -0.2967395 -0.2832943 -0.08248902 -0.12764885 -1.0543153 0.061516833 -0.7544345 3.1369858
-0.41511786 -0.065791756 -0.1361485 -0.3494172 -0.35499364 -0.12770547 -0.72897744 -0.643285 3.5265813
-1.0783372 -1.4569967 0.050071042 -0.9953801 5.420789 -0.5433419 -0.33785498 -0.33203277 0.0
-0.6366631 -0.1024059 0.4506981 -0.6665525 -0.5097396 -0.52190644 -0.5660566 -0.28508753 3.5181367
-0.317374 0.14230244 -0.37012047 -0.39843607 -0.27243552 -0.37362856 -0.14155185 -0.613718 3.0515401
-0.3305021 -0.70343167 -0.2570656 0.16717327 -0.16657355 -0.33733732 0.0821591 -0.3808775 2.800682
-1.1553726 -0.8248653 -0.42732298 0.13095447 -0.7364085 -1.108433 5.2609267 -1.0951952 0.0
-0.18745364 -0.5665626 -0.5681828 0.12464238 -0.44368258 0.21271072 0.18298252 -0.96232986 3.0279543
-0.61768377 -0.4655372 -0.084006466 -0.4738887 0.046051413 -0.47407928 -0.11497195 -0.5290205 3.0305464
-0.19602668 -0.70032746 -0.014323635 0.2445457 -0.48816687 -0.14468399 -0.26079363 -0.58006245 3.2194827
-0.25895077 -0.8237539 -0.5639707 -0.07637516 -0.7958183 3.3233252 -0.22118528 -0.56595147 0.0
-0.4859301 -0.47012174 -0.09960314 -0.29962718 0.22192957 -0.85745245 -0.06223027 -0.24935366 3.501903
-0.12834139 -0.32072264 -0.64429384 -0.9688401 -0.17867084 -0.45367476 0.03585417 -0.33109033 3.569972
0.36254552 -0.4086177 -0.3640239 -0.6262821 -0.31810135 -0.18619008 -0.14812793 -0.21431182 2.7192163
0.52076095 -1.5869486 0.48630896 0.85032076 -0.002155976 0.7688549 0.515468 0.4956079 0.0
-0.609941 -0.29081213 0.5432937 -0.57531524 -0.111573614 -0.27397302 -0.18065159 -0.7318405 2.730272
-0.19918159 0.09841836 0.36472973 -0.69117475 0.32858032 -0.5275228 -0.129021 0.31822047 2.1215322
-0.30585358 0.45313662 -0.5919092 -0.36152294 -0.022916319 -0.41412833 -0.3277735 -0.4504605 2.9096253
-0.14881456 0.8043987 -0.73792034 -0.5900889 2.6016924 0.25912517 -0.3507062 0.60928833 0.0
