4.7054224 -0.17044415 -1.1056534 -0.7455279 -0.1394423 -0.18622397 -0.35365155 -0.35346115 0.0
-0.85073215 -1.1166319 4.9375367 -0.4964753 0.0037815503 -0.93779224 -0.24931714 -0.3341398 0.0
-0.1767074 0.43220064 -0.46910307 -0.5062724 -0.2444459 -0.94169956 0.12041209 -0.2907064 2.8027947
-0.07186468 -0.28668338 -0.2649469 0.22340672 -0.11904611 -1.0087507 0.060861547 -0.7422408 2.8556714
-0.39421052 0.08867825 -0.13293329 -0.335076 -0.3320375 -0.6305442 -0.67456764 -0.6257061 3.6954818
-1.0520469 -1.4539244 0.049556453 -0.98281246 5.4104548 -0.5158447 -0.33256385 -0.33007947 0.0
-0.5971173 -0.099239245 0.44624177 -0.68074316 -0.4853696 -0.18950114 -0.5411563 -0.27416706 3.447796
-0.3147124 0.27101257 -0.091634795 -0.38769367 -0.26560867 -0.6588851 -0.1354775 -0.5986097 2.72993
-0.3139776 -0.665848 -0.25426328 0.171393 -0.15358801 -0.3185363 0.08185364 -0.54861873 2.8404195
-1.14836 -0.7880472 -0.425266 0.18592632 -0.72550666 -1.0958492 5.2252936 -1.0897633 0.0
-0.19124913 -0.5556847 -0.53820574 0.122891925 -0.17396072 0.051041216 0.33203125 -0.92666304 2.9221404
-0.5737426 -0.45537758 -0.08072488 -0.45875895 -0.13523783 -0.45398033 -0.113159895 -0.4983993 3.1500964
-0.16682385 -0.70873195 -0.014995594 0.23089555 -0.46900183 -0.14222759 -0.23513095 -0.53860134 3.1850202
-0.523662 -0.8237706 -0.552987 -0.07584255 -0.7942509 3.366176 -0.22005062 -0.5505755 0.0
-0.47892582 -0.42229745 -0.13783516 -0.28863534 0.2180324 -0.82658666 -0.056655474 -0.24498664 3.46792
-0.115094595 -0.29565185 -0.58681816 -0.94995177 -0.15215817 -0.5363235 0.038390197 -0.31444266 3.540291
0.35973635 -0.3756489 -0.3329139 -0.6205246 -0.26173782 -0.18259601 0.16933791 -0.21749064 2.6201246
0.51974916 -1.5989386 0.4874729 0.8455024 -0.000510538 0.7608334 0.51700723 0.5252525 0.0
-0.54916835 -0.50309145 0.6205456 -0.49380103 -0.107866 -0.39664823 -0.16960464 -1.0060672 3.0606306
-0.52241486 0.094558544 0.3789435 -0.6454359 0.30830005 -0.7716266 -0.12917759 0.49587107 2.284849
-0.27385756 0.06046958 -0.53501767 -0.3480545 -0.013911303 -0.38795865 -0.34608406 -0.39871076 3.1535149
-0.1720873 0.68427366 -0.7292149 -0.57424414 2.759205 0.25783968 -0.62292457 0.6023542 0.0
