4.4105554 0.22978549 -0.9003159 -0.78636175 -0.18742125 -0.17196555 -0.49326903 -0.4097277 0.0
-0.95587593 -1.2094512 5.3289247 -0.74644685 0.008276613 -1.257421 -0.5898536 -0.52738327 0.0
-0.046320498 0.5064022 -0.7339465 -0.4340534 -0.41695043 -0.48631936 -0.40530032 -0.32016835 2.943611
-0.06902474 -0.40226018 -0.27175596 -0.29044014 0.05043859 -0.94389004 -0.3289802 -0.5621853 3.2553732
-0.30648518 -0.18804236 -0.39422697 -0.27156597 -0.37062514 -0.14621487 -0.7148448 -0.58887833 3.5100589
-1.164846 -1.2958779 -0.02211107 -0.8117298 4.9441447 -0.60303664 -0.34976345 -0.06121479 0.0
-0.7303047 -0.39367533 0.034452323 -0.5529825 -0.24528913 -0.96266943 -0.37694624 -0.44540808 3.6775177
-0.20174004 0.3765753 -0.38698804 -0.56219304 -0.014923629 -0.5332773 0.015287143 -0.53889674 2.6957657
-0.38292924 -0.6674828 -0.092584476 -0.2317307 -0.1964883 -0.50902206 0.010753357 -0.32556406 3.0172594
-1.1545391 -0.7094398 -0.3820163 -0.12809929 -0.772194 -1.4127676 5.2534437 -0.9328519 0.0
-0.030306894 -0.28915492 -0.5932285 0.060845073 -0.3307549 0.025433097 -0.20702437 -0.83545583 2.839512
-0.62025183 -0.307496 -0.34295803 -0.43730694 0.37229344 -0.66573143 -0.33937833 -0.392184 3.0392761
-0.32632592 -1.033426 0.007340977 -0.0130952895 -0.53619725 -0.5619125 -0.1594169 -0.4962687 3.6586766
-0.38180113 -0.9538538 -0.59520465 0.20228863 -1.0913463 3.692242 -0.26878223 -0.62953526 0.0
-0.5016215 -0.38006186 0.13917683 -0.22908366 -0.26945633 -0.7089041 -0.41076896 -0.26142526 3.3535042
-0.22151856 -0.24501693 -0.6158571 -0.6945537 -0.18265255 -0.53817177 -0.054224614 -0.39263025 3.3920176
0.16305792 -0.66697806 -0.43098623 -0.40319106 -0.49076775 -0.36577326 -0.4220053 -0.25658235 2.9866555
0.8548822 -1.6580788 0.65278023 1.2915624 -0.05390789 0.10065688 0.42342302 0.5463013 0.0
-0.73464376 -0.21071087 0.3912864 -0.44036594 -0.39149556 -0.4860584 -0.20847647 -0.93083435 3.017169
-0.6237379 -0.16452874 0.22418024 -0.9139668 -0.085937604 -0.4362681 0.096851915 0.21018769 2.5147724
-0.2940884 0.20215003 -0.7521165 -0.3781573 -0.4803853 -0.24517702 -0.6642346 -0.61050117 3.399842
0.2358311 0.68990535 -0.62233436 -0.62770134 2.3652983 0.26115674 -0.07215822 0.8294406 0.0
