4.5275116 0.22874053 -1.1673136 -0.78339446 -0.18179062 -0.24129917 -0.4916987 -0.39782545 0.0
-0.9448197 -1.1933861 5.305686 -0.71680784 0.0016779659 -1.221159 -0.5687128 -0.50381976 0.0
-0.0891582 0.49924847 -0.7185959 -0.33140752 -0.40160337 -0.60281986 -0.46492478 -0.321487 2.958939
-0.090299405 -0.39443922 -0.2642508 -0.2777107 0.048741836 -0.97037154 -0.25332466 -0.5218434 3.1968522
-0.4857342 -0.17217836 -0.15565044 -0.27807674 -0.3662719 -0.13681097 -0.8623644 -0.44020078 3.4514835
-1.1529021 -1.2601559 0.05317908 -0.80027527 5.1051917 -0.626342 -0.34746513 -0.33409402 0.0
-0.7142165 -0.4436157 0.03097388 -0.5296223 -0.5709031 -0.89502394 -0.50232905 -0.4853234 3.9734824
-0.2678958 0.29716596 -0.41694483 -0.53704524 -0.02812473 -0.5731672 0.014738292 -0.5765952 2.8112967
-0.28488928 -0.8230497 -0.08858951 -0.17670575 -0.16887727 -0.5800735 -0.02645749 -0.3547543 3.065042
-1.1517553 -0.6846511 -0.36560848 -0.12595613 -0.76740724 -1.4007628 5.2340736 -0.8990084 0.0
-0.07211631 -0.38815358 -0.5125316 0.28791824 -0.32237095 -0.017917724 -0.30113706 -1.0334488 2.9576826
-0.7640107 -0.24891004 -0.2741947 -0.40311396 0.37503082 -0.8463874 -0.3720728 -0.44831005 3.0876296
-0.30716565 -0.98512894 0.07874232 -0.0064088977 -0.54112405 -0.4019562 -0.2533085 -0.46915877 3.5554533
-0.37726647 -0.9350141 -0.59088105 0.2945614 -1.0734359 3.6734178 -0.40939316 -0.6223072 0.0
-0.47461852 -0.52786756 -0.020727178 -0.2100051 -0.33361113 -0.6815721 -0.41370755 -0.08469938 3.3945186
-0.14073963 -0.32911453 -0.8098549 -0.8499133 -0.27293223 -0.315665 -0.045275062 -0.3842128 3.5270076
0.25559413 -0.51810294 -0.415095 -0.48918808 -0.47156045 -0.2525302 -0.0466527 -0.30829784 2.6834583
0.779442 -1.6493945 0.44806397 1.4154615 -0.24309233 0.27123615 0.36656702 0.650908 0.0
-0.80506015 -0.3430045 0.50876653 -0.44436982 -0.18512507 -0.20911738 -0.20627183 -0.90398234 2.7660606
-0.5818571 0.006479821 0.29717684 -0.88984305 -0.11110963 -0.46702918 0.03031814 0.089669645 2.513534
-0.33331802 0.19441178 -0.8253911 -0.38275027 -0.45887327 -0.26340252 -0.67275363 -0.6116753 3.440826
0.010619904 0.6051966 -0.6183222 -0.62696767 2.5224843 0.23686616 -0.2085114 0.86846215 0.0
