2.3822167 2.3011124 1.2472514 -0.21179613 2.1018853 2.1180296 -0.30678675 -0.26891553 0.0
1.0394788 1.302313 1.4840798 0.74357057 1.0331736 0.7328854 0.76169133 -0.13933623 0.0
1.4317077 1.6963333 1.5189173 -0.18900235 0.42606312 0.61651164 -0.031148093 -0.30740747 1.8761797
0.30316025 1.2935688 0.8522564 -0.065881275 1.8295214 0.40857896 0.3813727 -0.06492651 2.3798192
1.4702439 1.6664982 0.9021305 -0.27638224 1.1859205 0.0368881 0.35010138 -0.3008645 2.678669
1.4491993 0.9544415 0.8595457 0.30137575 1.7937225 0.4284348 1.2137994 0.20072828 0.0
0.995388 -0.03462592 -0.11157545 -0.2397561 1.7838658 -0.18967956 0.49790832 -0.0922358 2.3334584
0.951162 0.35995862 1.0782481 0.33116874 0.25830355 -0.09142424 0.45006147 0.011937012 1.6131303
0.5900413 0.034802888 0.046412993 -0.36113274 0.23316184 0.27600423 0.5428125 -0.29185906 2.757645
0.707578 0.7084491 0.9970237 0.548624 0.83599746 0.59290874 1.75444 0.61848336 0.0
-0.25807804 -0.02903487 -0.054619312 -0.23296192 0.2177122 1.17352 -0.092515126 -0.39965475 2.6573868
0.0827861 0.3266365 0.42212787 -0.3783464 -0.07669842 -0.028062075 -0.25398567 -0.3820093 2.771972
1.1885775 0.19777478 0.46986273 0.09170908 0.62065995 -0.16664602 -0.22955969 -0.26327497 2.664345
1.2090089 1.4801595 0.7829328 0.5529868 0.5261126 1.0932183 0.7032829 0.19320337 0.0
0.5207804 0.074452445 0.14358269 -0.39837742 1.3098661 0.06271858 -0.16124086 -0.29767677 2.6057487
-0.27698293 -0.122121185 -0.15036112 -0.15772787 1.7313391 -0.19666107 -0.13481973 -0.39666393 2.7314925
0.7882721 -0.2761856 -0.27179694 -0.38612673 0.3929354 -0.30925423 -0.24819715 -0.42233008 2.7467864
1.266462 0.8291553 0.75355816 0.18483196 0.98108625 1.1240025 0.7253457 0.048947595 0.0
1.3616389 0.41934562 0.007350923 -0.37334764 1.1972914 0.8094062 -0.30850366 -0.38310894 2.519782
1.3312595 1.4539018 -0.25594005 -0.3703858 1.2804835 0.78632504 -0.2251341 -0.36885136 2.538203
0.66492754 1.347307 -0.32821992 -0.34370118 1.2940904 0.8022313 -0.3322572 -0.3458727 2.6002874
1.4689533 1.3917998 0.8236458 -0.14087613 1.6616601 1.4423543 1.008212 0.107825935 0.0
