-0.6711821 -0.82164884 -0.057291 6.1561894 -0.49670368 -1.3877994 -1.3355851 -0.92588794 0.0
-1.1727488 -1.09162 -0.8970855 -0.34428373 -0.78134185 -0.20805034 -0.84277606 6.951493 0.0
-0.69084394 0.3496783 -1.0800431 -0.5162267 -0.36213315 0.098469034 -0.8342707 -0.065862775 4.3603354
-0.5227617 -0.32993072 -0.4375046 -0.7412921 -0.14611858 0.0048707253 -0.8579895 -0.782617 4.1781764
-0.43801045 -0.3272809 -0.30766156 -1.3274078 -0.32142818 -0.22144319 -0.1387186 -0.8631254 4.4897017
-0.4202966 -0.8642313 -1.085268 7.000538 -0.2621199 -1.2201915 -1.2735215 -0.85111195 0.0
-0.6314972 -0.5628051 -0.56526333 -0.60525864 -0.3535377 -0.308484 -0.29809344 -0.85159636 5.270435
-0.55927277 -0.25536415 -0.60515255 -0.25906244 0.01181189 -0.42921224 -0.36233744 -0.64106625 4.0447683
-0.3145747 -0.10250108 -0.20273717 -0.30592513 0.23572704 -0.73391515 -0.76761425 -0.086297974 3.840865
-1.061031 -0.55563927 -0.8160487 -0.47812486 -0.6100523 -1.1240792 -0.45641953 6.344264 0.0
-0.83202684 -0.5124787 -0.26592493 -0.59554493 -0.8360495 -0.48724264 -0.5485396 -0.40645885 4.8751063
-0.8143366 -0.80228895 -0.60090566 -0.021851044 0.13484839 -0.55323386 -0.45542395 0.078838564 3.8400207
-0.26282597 -0.15392661 -0.6884661 -0.70493346 -0.2570909 -0.61141163 -0.51815546 -0.20514335 4.4714875
-0.2943229 -0.9542542 -0.6132331 6.140089 -0.31994727 -1.025911 -0.92899615 -0.39835107 0.0
-0.7203884 -0.73268086 -0.39817554 -0.20479733 -0.56977177 -0.3874985 -0.07008339 -0.8465329 4.309097
-0.7983276 -0.5883235 -0.97615147 -0.12866029 -0.11827018 -0.6435081 0.38549393 -0.66850495 4.0792685
-0.43108484 -0.47756758 -0.01645896 -0.5866479 -0.55889475 -0.6416184 -0.19742131 -0.36699626 4.204717
-0.84646755 -0.76427037 -0.9725007 -0.2764614 -0.7779837 -0.69333553 -0.7794322 5.7985506 0.0
-0.8607564 -0.16653024 -0.95481193 -0.770444 -0.012247434 -0.26569405 -0.67682797 -0.13367906 4.2082505
-0.61943144 -0.5846458 -0.5828218 0.6339014 0.042518914 -0.61185414 -0.24417116 -0.09101378 3.0644803
-0.5073978 -0.49339288 -0.39672124 -0.34592718 -0.65607727 -0.29628375 -0.48542556 0.4382627 3.9373145
-0.69760376 -0.19783384 -0.6175292 -1.0167154 -0.6100132 5.6154394 -0.645988 -0.447424 0.0
