-0.67275786 -1.1257923 -1.3089076 5.9905934 -0.9356352 -1.0342795 -1.2968808 -1.2250074 0.0
-1.0921271 -1.5612082 -1.0634202 -0.95816976 -1.1235925 -1.0134332 -0.73623025 6.1586857 0.0
-0.5603808 -0.4283701 -1.0083885 -0.07891224 -0.41078967 -0.45935926 -0.64937377 -0.68690944 4.1565247
-0.58554804 -0.2543429 -0.932226 -0.617951 -0.060258098 0.40423918 -0.5845672 -0.8496807 3.8174644
-0.019699775 -0.3855444 -0.62598443 -0.5257553 -0.2637857 -0.70813966 -0.64438945 -0.7220468 4.005434
-1.4220827 -1.2496147 -0.81258255 6.1406765 -1.0992775 -0.9856733 -1.0510156 -0.98428893 0.0
-0.40721345 -0.6761947 -0.6984121 -0.664046 -0.71017396 -0.6611751 -0.6158509 -0.7011 4.5177474
-0.014364635 -0.5444449 -0.9522535 -0.52672714 -0.90675163 -0.13878185 -0.56651384 -0.58343315 4.1829023
-0.7804776 -0.77379745 -0.8447549 -0.90679985 -0.27449664 -0.6484806 -0.015404636 -0.8675489 4.6141224
-1.1584489 -1.6707095 -0.82944334 -0.95903623 -0.7798749 -1.3492122 0.14636087 5.4605255 0.0
-0.33884898 -0.48579663 -0.6318172 -0.46491933 -0.22831112 -0.5032423 -0.5720887 -0.76463395 4.0275598
-1.143143 -0.5862433 -0.23962826 -0.5738973 -0.09034195 -0.5238143 -0.5895531 -0.21913718 3.9544582
-0.80305594 -0.46549016 -0.62202686 -0.79056793 -0.63498676 0.10133871 -0.7126318 -0.50212294 4.152165
-0.74265105 -1.2373985 -0.7988554 5.783007 -0.9879526 -1.4501044 -1.0386906 -0.9317746 0.0
-0.75773406 -0.76738477 -0.2905104 -0.58481926 -0.40155286 -0.23503248 -0.2897765 -0.5773036 3.8159099
-0.87336683 -0.34685263 -0.7338486 -0.88802034 -0.54952914 0.33053073 -0.257886 -0.6333842 3.888389
-0.7076471 -0.60469055 -0.519034 -0.5564966 -0.79534316 -0.22079086 -0.45197695 -0.36156738 4.0162563
-0.8805764 -1.0658917 -0.7510169 -0.61279404 -1.1236731 -1.2088369 -0.8462344 5.531893 0.0
-0.5889256 -0.2723665 -0.7737691 -0.99636805 -0.3378931 -0.48191062 -0.2789563 -0.2368939 3.6865299
-0.7153475 -0.67209446 -0.70494705 -0.30572987 -0.2989987 -0.59648955 -0.6170499 -0.02395973 3.425538
-0.49227348 -0.5991947 -0.7357168 -0.6435726 -0.52953136 -0.26097128 -0.42679763 -0.10045178 3.6425545
-0.7067914 -0.7618621 -1.0512471 -0.9903416 -1.1326009 5.376169 -1.131077 -0.9028064 0.0
