-0.8757306 -0.77470726 -1.2872754 5.2754292 -0.73620576 -1.3082719 -1.0828142 -1.0142524 0.0
-0.68799067 -1.3980469 -0.85228693 -1.1588694 -1.3038133 -1.411341 -0.62536997 5.8865156 0.0
-0.6272387 -0.5174704 -0.7483344 -0.575738 -0.24161282 -0.5298084 -0.51541805 -0.7698561 4.2750244
-0.7847125 -0.41249776 -0.74723935 -0.5645307 -0.2526186 -0.24623752 -0.7409248 -0.7974071 4.201834
-0.16721492 -0.5913504 -0.52398866 -0.7503108 -0.28369722 -0.82759 -0.7769105 -0.6524603 4.204751
-1.1465514 -1.0888071 -0.8166351 5.625596 -1.0452971 -1.258694 -0.83483565 -1.0101626 0.0
-0.5392646 -0.575684 -0.6686733 -0.59104234 -0.39918402 -0.86512667 -0.4392312 -0.39050725 4.1022615
-0.0997024 -0.4790647 -0.6060328 -0.71422607 -0.6564332 -0.5068472 -0.36028463 -0.47228128 4.049195
-0.38388023 -0.8307017 -0.7250672 -0.88570905 -0.3844449 -0.39717448 -0.43328595 -0.5243139 4.311589
-1.4993056 -1.3703549 -0.8411695 -1.1739548 -0.6317762 -1.5638881 1.1834546 4.5512815 0.0
-0.41325146 -0.24077202 -0.5713514 -0.70382214 -0.46353784 -0.56757474 -0.51560783 -0.25714928 3.8913565
-0.6239019 -0.6455461 -0.4667083 -0.6073654 -0.12731226 -0.54412556 -0.49141213 -0.4967098 3.9808407
-0.71132994 -0.7365329 -0.20377077 -0.679313 -0.42475966 -0.28134105 -0.5696056 -0.35782957 3.889756
-0.7363138 -1.3277591 -0.7936094 5.4478965 -1.0342896 -1.2999111 -1.3388703 -0.72094405 0.0
-0.7619071 -0.6061441 -0.74866927 -0.28065988 -0.0744139 -0.20283619 -0.61457115 -0.4967635 3.786622
-0.5928929 -0.6943889 -0.66805744 -0.7269798 -0.38730887 0.15695022 -0.11832015 -0.55526143 3.750043
-0.40977782 -0.540058 -0.51506656 -0.34188405 -0.671302 -0.47241142 -0.33614308 -0.47191966 3.8108144
-1.0596646 -1.1891055 -0.98565096 -0.43809736 -1.0676438 -1.0430533 -0.9146012 5.35573 0.0
-0.5884972 -0.09444957 -0.51496696 -0.56184286 -0.36050192 -0.56958497 -0.0720475 -0.21547925 3.2365434
-0.473492 -0.9169515 -0.7379519 -0.85998946 0.089803115 -0.4708138 -0.43152997 0.3558844 3.0000877
-0.3073504 -0.48969412 -0.85031986 -0.4440756 -0.32834044 -0.4355452 -0.29199317 -0.40377447 3.4577258
-0.36345515 -1.23427 -0.955641 -0.8525923 -1.1429626 5.0309286 -1.100132 -0.9649263 0.0
