-0.8192606 -0.85963076 -1.235564 5.254855 -0.68041193 -1.3583629 -1.0665936 -1.0301799 0.0
-0.61776567 -1.397089 -0.87654126 -1.1243314 -1.2972801 -1.4320786 -0.6090461 5.8277087 0.0
-0.64611286 -0.54032564 -0.7447487 -0.565927 -0.26470476 -0.53280246 -0.49324247 -0.77112824 4.282429
-0.8235864 -0.39321166 -0.82945937 -0.56262285 -0.28410843 -0.21912381 -0.7128475 -0.7547177 4.2138934
-0.14745495 -0.5026397 -0.4933782 -0.7656027 -0.25023547 -0.79328585 -0.793637 -0.68432254 4.1442037
-1.1729172 -1.1395028 -0.8467657 5.624612 -1.0283332 -1.2591653 -0.7952188 -1.0010259 0.0
-0.5558162 -0.58756715 -0.7224821 -0.595006 -0.35601366 -0.87360847 -0.4189106 -0.33412948 4.085778
-0.19878277 -0.5930308 -0.6190268 -0.6703931 -0.6292249 -0.48030627 -0.36313525 -0.5044933 4.1011486
-0.3471818 -0.8324519 -0.6108671 -0.87719166 -0.3734713 -0.40407458 -0.40049186 -0.46964312 4.2048416
-1.5013944 -1.4030983 -0.76936954 -1.1712072 -0.6327141 -1.5964164 1.2294548 4.4969406 0.0
-0.36440358 -0.25723875 -0.5811011 -0.6860391 -0.48243728 -0.5453833 -0.54011375 -0.24690394 3.8814285
-0.6359538 -0.64756805 -0.51290643 -0.5956747 -0.11118849 -0.59135765 -0.4477693 -0.52133477 4.002084
-0.72016734 -0.7026051 -0.14593433 -0.67904115 -0.44400254 -0.26658556 -0.5359437 -0.30039912 3.8207579
-0.7738399 -1.3238667 -0.80912364 5.457353 -1.041763 -1.3057194 -1.3316467 -0.71745205 0.0
-0.72277856 -0.593861 -0.77192664 -0.24009387 -0.039023105 -0.24533454 -0.58937424 -0.46667075 3.7360697
-0.558713 -0.6824168 -0.64765626 -0.67362255 -0.38106096 0.09408038 -0.13532083 -0.53756756 3.7298448
-0.38999486 -0.5754467 -0.5761406 -0.34734592 -0.69584733 -0.4863741 -0.36104324 -0.4614718 3.8686054
-1.0495398 -1.1603589 -0.98922765 -0.43028107 -1.1671482 -1.0691997 -0.9551997 5.3863263 0.0
-0.6261135 -0.1682153 -0.4897013 -0.5498396 -0.3921501 -0.5575827 -0.06677215 -0.24535404 3.2902918
-0.5316796 -0.9676913 -0.7880213 -0.82628584 0.09996766 -0.4649635 -0.4325614 0.34896207 3.042751
-0.34275663 -0.5168192 -0.7685033 -0.46977997 -0.3459737 -0.41113213 -0.271943 -0.35500184 3.4287105
-0.34982848 -1.2500209 -1.0081203 -0.84742904 -1.1321856 5.0411654 -1.112414 -0.98600847 0.0
