-0.7999224 -0.98096716 -1.2933087 5.2024446 -0.71256936 -1.3305417 -1.0140454 -1.0599469 0.0
-0.45904574 -1.3128822 -0.91133654 -0.96609855 -1.1402619 -1.4507036 -0.55697185 5.526113 0.0
-0.79777074 -0.5643809 -0.72448087 -0.5632241 -0.19664033 -0.63190097 -0.43658733 -0.5978229 4.2245297
-0.8118056 -0.26814505 -0.7277181 -0.5627806 -0.39774102 -0.2988368 -0.3515574 -0.7528819 3.9754927
-0.374764 -0.39358872 -0.5179914 -0.69722587 -0.15779483 -0.7236407 -0.68224144 -0.74400085 4.064297
-1.1199473 -1.2891375 -0.8472801 5.465925 -0.89804184 -1.2977445 -0.7859981 -0.85651875 0.0
-0.59412605 -0.38433978 -0.59763324 -0.4953807 -0.34002456 -0.6699068 -0.5753264 -0.4488238 3.9746227
-0.24709722 -0.7396607 -0.45649686 -0.5964454 -0.67759967 -0.28709033 -0.5257022 -0.53101945 4.080727
-0.29701984 -0.81616515 -0.58697236 -0.73194486 -0.34254733 -0.54116523 -0.24651098 -0.59832877 4.1398582
-1.6549791 -1.5704151 -0.7444196 -1.0802947 -0.58026224 -1.6771444 1.2535838 4.4800487 0.0
-0.47861993 -0.36825427 -0.5777125 -0.52917165 -0.5159834 -0.5218104 -0.5368608 -0.2627983 3.9152076
-0.38254985 -0.3856511 -0.3704804 -0.8136558 -0.076537184 -0.46391323 -0.30721784 -0.52179736 3.7449858
-0.6649972 -0.72804135 -0.13358705 -0.44838762 -0.29791757 -0.40804186 -0.5699185 -0.46845266 3.7818806
-0.81471306 -1.3273484 -0.7896989 5.145584 -0.8098354 -1.2036029 -1.1776097 -0.62764406 0.0
-0.6353636 -0.5036888 -0.5850684 -0.38539135 -0.26397735 -0.2340321 -0.41996366 -0.33733198 3.6257594
-0.5005655 -0.790607 -0.55998456 -0.8429109 -0.48145315 0.09704933 -0.47630274 -0.32838413 3.8613472
-0.45472863 -0.6293787 -0.58088905 -0.5009829 -0.47382817 -0.5738546 -0.43343124 -0.5835144 3.99143
-0.9808694 -1.0934714 -0.96564186 -0.3577821 -1.1166408 -1.0714171 -0.7973424 5.0984797 0.0
-0.7559502 -0.28527355 -0.44351307 -0.54516745 -0.40570801 -0.63585854 -0.09799706 -0.41518727 3.492115
-0.63827556 -0.7372546 -0.84038496 -0.6528808 0.28452507 -0.63008547 -0.4800622 0.4503008 2.7847753
-0.46362972 -0.6432602 -0.756932 -0.46143845 -0.35931528 -0.3553251 -0.16399042 -0.35027662 3.4406784
-0.16202123 -1.0990826 -1.0769663 -0.87558556 -1.0892268 4.8358936 -1.1324873 -1.113256 0.0
