0.48557928 -0.24663581 -0.2902968 1.2218206 -0.11230589 0.41243318 -0.18853895 0.05592303 0.0
1.0049088 -0.27406365 0.31324726 0.70639426 -0.43330234 -0.43267742 0.7186486 0.99670905 0.0
-0.25332156 -0.2584289 -0.21164086 0.6327064 -0.21040937 -0.3048742 0.3502669 -0.07028226 0.9805454
-0.28959808 -0.1604624 0.04789601 0.020808952 0.18319245 0.010279336 0.0033808749 0.22683883 0.8039901
0.69080687 -0.28238118 -0.04504179 0.37685958 -0.17278467 -0.33897546 -0.148745 -0.120754264 0.590629
0.0015796185 0.17136323 0.2576241 1.4663109 0.21248765 -0.30949998 0.32847697 -0.004502945 0.0
-0.06763267 0.23154654 0.2358128 -0.13680966 0.05357761 -0.3503067 0.066461615 -0.31329 0.8227196
-0.33442554 -0.5475898 0.071503304 0.00696894 -0.41739932 0.24208145 0.4672641 0.014267634 1.1619827
-0.0665767 -0.33832112 -0.20698376 -0.013143529 0.015378175 -0.14245942 -0.02746063 0.18488108 1.126371
-0.3469552 0.40547907 0.5677395 -0.053104706 0.6100007 0.05197558 0.34018764 0.62332976 0.0
-0.15272607 -0.32228196 -0.18028384 -0.0057014395 0.23098166 -0.10110741 -0.043026745 0.12853427 1.2769898
-0.4619074 0.07959899 -0.09456859 0.19405791 0.25098857 -0.08126062 -0.26768157 -0.011012518 0.9130519
-0.33881256 -0.43993568 -0.24325027 -0.019662764 -0.1499245 -0.021358408 0.32324034 0.2047267 1.1352034
0.3255912 -0.36646545 0.27991828 1.025882 0.29723957 -0.25570163 0.24720675 0.05838897 0.0
-0.15329511 -0.3233966 -0.15572606 0.011988555 0.1216462 -0.20166397 -0.033437002 0.091941245 1.0585006
-0.31869334 -0.32492307 -0.14498882 0.09549304 -0.04841182 -0.22738276 -0.13879131 0.2594837 1.2687391
-0.41427472 -0.22896363 -0.2775397 -0.06170288 0.020783778 -0.03995233 0.03468117 0.19206275 1.3271834
-0.0073077655 -0.22190885 0.30520862 0.33802494 -0.27824876 0.20725101 0.24172509 0.7018992 0.0
-0.23421696 -0.30108312 -0.21056642 0.009709461 0.041360684 -0.05269987 0.3851471 0.25492764 0.5983639
-0.10776042 -0.38126674 -0.23970853 0.01407321 0.24205798 0.20887667 0.189322 -0.040728167 0.467681
-0.1463096 -0.11051011 -0.105171666 0.13952082 0.011298211 -0.07891331 -0.029013062 0.31631583 0.3084045
0.4737363 0.35594153 0.1447192 -0.047526427 -0.40944752 0.66522455 -0.3429537 0.17839283 0.0
