-0.6218409 -0.6312851 -1.1263549 5.5923343 -1.0530857 -0.96819395 -0.97061366 -1.0701742 0.0
-1.0751145 -1.3975534 -1.1137727 -0.9611823 -0.9915223 -1.1950436 -0.9120557 6.318075 0.0
-0.92630935 -0.28961274 -0.8938318 -0.21738416 -0.26011202 -0.47501078 -1.1011536 -1.1444715 4.688815
-0.5336267 -0.14316766 -0.7636615 -0.6636355 -0.36042374 0.2798752 -0.68429285 -0.8339687 3.8704724
-0.31151295 -0.2670815 -0.48386118 -0.8292166 -0.5644383 -0.3671542 -0.6226265 -0.87893313 4.173219
-1.3187804 -1.1617978 -0.872068 6.4633536 -0.9605756 -1.020899 -1.4048159 -1.0834818 0.0
-0.5334681 -0.5857609 -0.95883584 -0.90880835 -0.59955674 -0.60080326 -0.6058106 -0.57717574 4.8022375
-0.43183628 -1.0105113 -0.9490207 -0.84278154 -0.5674191 -0.28963065 -0.8618148 -0.5278642 4.623035
-0.6156148 -0.7351312 -0.56457055 -1.000998 -0.5191749 -0.2523478 -0.29500815 -0.8800426 4.639871
-1.2831918 -1.7982091 -0.91099685 -0.89564604 -0.9093549 -1.1082295 -0.16070163 5.8859577 0.0
-0.54195285 -0.8764975 -0.37842926 -0.5128025 -0.112746015 -0.6760944 -0.39994732 -0.9180444 4.2363186
-0.9585734 -0.7511781 -0.52642876 -0.39843398 -0.3920631 -0.487129 -0.23966211 -0.37421113 4.1350794
-0.7594667 -0.28829205 -0.63117605 -0.7982248 -0.53418636 -0.40017474 -0.8206556 -0.63466865 4.4556355
-0.7474678 -0.853916 -1.0013161 6.0873113 -1.0488076 -1.4532143 -1.2363726 -1.0536407 0.0
-0.6753389 -0.5428361 -0.21110696 -0.97260296 -0.51778233 -0.17283294 -0.32150224 -0.5324701 3.8532946
-0.7285449 -0.032991946 -0.9354695 -0.4795195 -0.43336737 -0.22665605 -0.35882208 -0.38540486 3.853454
-0.7466569 -0.5644309 -0.51374376 -0.18406303 -0.5846917 -0.51097995 -0.6467265 -0.1832343 3.9622018
-0.74981266 -0.87523085 -1.2642913 -0.502518 -1.1076795 -1.4921798 -0.8868559 5.802882 0.0
-0.7247717 -0.13419594 -0.5526322 -0.9419776 -0.5536551 -0.3686203 -0.26100773 -0.4129386 3.7741647
-0.83264035 -0.7696999 -0.7411188 -0.66354525 -0.2920109 -0.33102274 -0.4913615 -0.0059829145 3.6633916
-0.64494526 -0.19176938 -0.8642724 -0.55165696 -0.2801689 -0.82833076 -0.2540628 0.098899014 3.5368104
-0.6617979 -0.7778594 -1.2688535 -1.0288587 -1.2184229 5.5337424 -1.0035299 -0.53315717 0.0
