-0.41085392 -1.1319425 -0.84156 5.780769 -0.6415808 -0.9704652 -1.1446604 -1.354854 0.0
-1.2306958 -1.4128442 -1.386299 -0.93240064 -1.0291353 -0.8357853 -0.8093621 6.7792974 0.0
-0.7470132 0.09268228 -0.993419 -0.42982516 -0.2705707 -0.45539564 -1.0936238 -1.0134016 4.687211
-0.7546276 -0.61769634 -0.73649496 -0.88322943 -0.63409823 0.021003377 -0.8400308 -0.49920508 4.338063
-0.3901484 -0.6777175 -0.255082 -1.1257622 -0.65064645 -0.6763286 -0.35033908 -0.6425924 4.3291903
-1.3230473 -1.0068331 -0.64713407 6.3932223 -0.7699538 -0.99491894 -1.038899 -1.195706 0.0
-0.38606966 -0.18279287 -0.46432492 -0.9501268 -0.46798608 -0.8541502 -0.6172975 -1.1873199 4.812777
-0.6464793 -0.6384669 -0.7848679 -0.9234375 -0.43887487 -0.21652871 -0.43628058 -0.47289467 4.4214826
-0.0018219015 -0.35260925 -1.0089575 -0.7673397 -0.48225355 -0.34137806 -0.7522484 -0.44922003 4.4878974
-1.368812 -1.4840268 -0.9014805 -1.134348 -0.9679891 -1.0960548 -0.26642674 6.074853 0.0
-0.6998588 -0.34212446 -0.14334081 -0.4073045 -0.9346557 -0.44924802 -0.49090165 -0.84989107 4.3381042
-0.77295464 -0.3365981 -0.47147134 -0.62542045 -0.2473023 -0.5690076 -0.56920344 -0.63624704 4.4075546
-0.70954174 -0.3539457 -0.5835277 -0.5941605 -0.27658328 -0.69410044 -0.9899231 -0.6616931 4.6675158
-0.9229082 -0.95755655 -0.98426294 6.312443 -1.1202909 -1.0905472 -0.99673325 -0.8517148 0.0
-0.6807138 -0.1803949 -0.48946968 -0.59279716 -0.5443668 0.50543934 -0.4779353 -0.23844701 3.2723782
-0.8398638 -0.49304998 -0.76456136 -0.26455742 -0.41323268 -0.27164727 0.017346105 -0.5047046 3.8540115
-0.5894848 -0.3345197 0.13922578 -0.48530355 -0.39004555 -0.9016316 -0.5085323 -0.31436265 3.8302875
-1.0222031 -1.1210178 -1.2096832 -0.66313225 -1.0328151 -0.91898596 -0.7813183 6.1173196 0.0
-0.5955634 -0.59435755 -0.7868739 -0.5981885 0.123844676 -0.35610566 -0.53667974 -0.38082653 3.7830293
-0.94303745 -0.37543666 -0.4744691 -0.5090778 0.334723 -0.2248506 -0.69731665 -0.052274853 3.2154653
-0.28495556 0.21546517 -0.6041547 -0.9660259 -0.30311066 -1.0750372 -0.4013783 0.1892691 3.5014741
-0.80994433 -0.61853755 -1.1261212 -1.0365239 -0.8237467 5.3847194 -0.9456242 -0.5230014 0.0
