-0.6948278 -1.036203 -0.3907077 6.4830313 -0.8408093 -1.4344295 -1.4274998 -1.2161133 0.0
-0.9556756 -1.207873 -1.2197573 -0.6959978 -0.94937706 -0.5544931 -0.8199992 6.4683228 0.0
-0.72199404 0.5828267 -0.9991825 -0.5986378 -0.597485 -0.257328 -1.1049677 -0.849696 4.5776253
-0.56428015 -0.5610115 -0.5347913 -0.87205875 -0.44126406 0.009239612 -1.0562612 -0.960262 4.5507584
-0.7128941 -0.61331666 -0.4950772 -1.29791 -0.5450973 -0.62219805 -0.5064756 -1.0203686 4.981671
-0.94460654 -0.9470787 -1.2086273 6.618919 -0.4272505 -1.0541435 -0.64877725 -1.2035317 0.0
-0.38742104 -0.38955474 -0.55347437 -0.8313007 -0.18531817 -0.54453516 -0.55259526 -1.0055559 4.6705174
-0.7099807 -0.34370717 -0.7523043 -0.7765377 -0.31849748 -0.24586013 -0.7301973 -0.51332986 4.475988
0.028969582 0.00012247138 -0.44132838 -0.42456403 0.19526015 -0.15124136 -0.88197905 0.1754248 3.451472
-1.4037007 -1.112667 -0.89537203 -0.9524903 -0.918783 -1.19303 -0.23277847 6.3604875 0.0
-0.91018957 -0.5611806 0.11014815 -0.65646255 -1.0730215 -0.38987073 -0.45824638 -0.5738276 4.396764
-0.80329025 -0.6297749 -0.37515408 -0.243924 -0.16352898 -0.38251966 -0.6119517 0.06407807 3.7581382
-0.59076357 -0.113907464 -0.6845497 -0.73429894 0.09998347 -0.8094863 -0.7999164 -0.57327825 4.4572735
-0.6952974 -0.7749278 -0.6820362 5.7960563 -0.8052391 -0.8330832 -0.9173374 -0.91542846 0.0
-0.97067696 -0.5562935 -0.80972135 -0.6744673 -0.3905514 -0.035450757 -0.024373295 -0.62965685 4.1211863
-0.48450947 -0.93011665 -0.63131243 0.10362454 -0.33199897 -0.70429647 0.22716609 -0.8106174 3.821089
-0.6664763 -0.66523546 0.13124728 -0.7256585 -0.82697856 -0.7608755 -0.438671 -0.29495215 4.3029375
-0.97446615 -1.1357342 -1.2763191 -0.32066366 -1.010242 -1.0125595 -0.5790824 6.019889 0.0
-0.67692703 -0.29855797 -1.0823544 -0.6559797 0.04615119 -0.33642527 -0.7779305 -0.2626999 4.0835714
-0.8740885 -0.73422295 -0.6485289 0.34370592 0.1798965 -0.4322873 -0.30332956 0.40637508 2.9408286
0.0053906734 -0.62029976 -0.49852404 -0.6182607 -0.49712723 -0.6544072 -0.9052371 0.83261186 3.539038
-1.0504656 -0.5366116 -0.78853106 -0.82457924 -0.8827539 5.646905 -0.9943455 -0.6567274 0.0
