-0.79694873 -0.70995206 -1.0051237 5.6014557 -0.8014304 -0.9582577 -1.124477 -0.9952144 0.0
-1.3210204 -1.5253167 -1.3462468 -0.7584116 -0.74015164 -0.98939055 -0.89687365 6.546485 0.0
-0.8352246 0.24274033 -0.9957532 -0.39455715 -0.20264147 -0.5386773 -1.1137177 -1.0805453 4.6552076
-0.3917267 -0.5866815 -0.7920425 -0.8857703 -0.29605004 0.08428743 -0.80957776 -0.6389338 4.117643
-0.189938 -0.6495742 -0.10547131 -0.8010567 -0.388738 -0.6489896 -0.50123304 -0.7450755 4.0216517
-1.4632789 -1.1099821 -0.6402875 6.516866 -1.0135696 -0.93825376 -1.195084 -1.1648858 0.0
-0.41481027 -0.13574588 -0.66619813 -1.002135 -0.28113425 -0.93321365 -0.73612237 -1.0846657 4.896413
-0.5632737 -0.8975756 -0.7947164 -0.8191485 -0.6224153 -0.32104078 -0.6845486 -0.5396082 4.668631
0.17603686 -0.7379427 -1.0187323 -1.0539645 -0.6481268 -0.24870093 -0.76426554 -0.80175585 4.808382
-1.0464894 -1.6180604 -1.0270869 -0.91223663 -0.7865804 -1.0561407 -0.1822392 5.765917 0.0
-0.8773208 -0.5398376 -0.35811365 -0.71500075 -0.77830684 -0.67464644 -0.15322341 -0.8679981 4.504623
-0.724671 -0.62826216 -0.45681003 -0.67509514 -0.39731446 -0.71414757 -0.45559612 -0.6848027 4.558311
-0.8395388 -0.122208185 -0.5811517 -0.8179109 -0.48170802 -0.37169048 -0.9968325 -0.30992472 4.483544
-1.0170723 -1.029287 -0.7233235 6.3037753 -1.2493743 -1.2557144 -0.99929005 -0.7848253 0.0
-0.6509404 -0.4261043 -0.46323743 -0.68605524 -0.5951744 -0.14313756 -0.42545703 -0.36595854 3.7761688
-0.8977685 -0.23944013 -0.80170465 -0.30447498 -0.41925648 -0.30984256 -0.12388588 -0.57859194 3.9008906
-0.42972338 -0.33364326 -0.48735628 -0.5454595 -0.65847874 -0.6504123 -0.47519958 -0.48494843 4.157335
-1.0910977 -1.0193022 -1.3356146 -0.719876 -1.0051813 -1.0875618 -0.6023678 6.1622925 0.0
-0.7772416 -0.57753605 -0.4998347 -0.5449992 -0.46509698 -0.41340166 -0.28736767 -0.47061145 3.8923657
-0.7825762 -0.35342062 -0.50445104 -0.65134996 0.21742147 -0.18516114 -0.5556556 0.23569678 3.0711763
-0.2649406 -0.15893415 -0.6377947 -0.7979165 -0.47114253 -0.8312224 -0.23294793 0.41026768 3.402455
-0.60366017 -0.7115516 -1.247332 -0.9439103 -1.027647 5.590897 -0.99726075 -0.76157343 0.0
