-0.72499186 -0.9243475 -0.15209502 6.2227387 -0.5046003 -1.4112682 -1.3814627 -1.0631785 0.0
-1.1819291 -1.2476909 -1.0486057 -0.49218962 -0.8625322 -0.34230253 -0.61041826 6.7259884 0.0
-0.77601594 0.67227083 -1.2120525 -0.6005921 -0.44738024 0.10483196 -0.8565901 -0.5289206 4.2340174
-0.6618621 -0.372037 -0.40869313 -0.8240621 -0.2060406 -0.01031913 -0.901129 -0.89508694 4.30944
-0.49198472 -0.4270193 -0.3965697 -1.4442955 -0.46819738 -0.38019243 -0.19641231 -0.9680384 4.7010674
-0.6340301 -0.70056903 -1.1462097 6.9445434 -0.33591145 -1.159315 -1.3332009 -1.0208615 0.0
-0.6509307 -0.28811458 -0.64413345 -0.66403246 -0.37687397 -0.43125105 -0.3715531 -0.7962741 5.0420766
-0.5907904 -0.2748234 -0.82467985 -0.67837423 -0.069800936 -0.50859284 -0.52075833 -0.7590639 4.2895064
-0.32353055 -0.26038858 -0.14043607 -0.3129494 0.2541255 -0.77720225 -0.83807653 -0.21726751 3.9968722
-1.2230661 -0.7904386 -0.8517905 -0.6785717 -0.7510002 -1.1607507 -0.18506598 6.205143 0.0
-1.0431151 -0.6082216 -0.064727664 -0.31425878 -1.024568 -0.4517871 -0.5419353 -0.4825987 4.4381557
-0.9892683 -0.81355506 -0.50081307 -0.033733718 0.40857205 -0.5659203 -0.55314803 0.08924265 3.6760645
-0.2826763 -0.15741698 -0.78760046 -0.75445503 -0.15427653 -0.7044637 -0.6287708 -0.5141715 4.653838
-0.45497575 -0.9659071 -0.6305266 6.2068644 -0.48797777 -1.0781715 -1.0288643 -0.6077534 0.0
-0.81148183 -0.75470555 -0.45307547 -0.22557873 -0.30568156 -0.10465286 -0.0717294 -0.8810444 4.082955
-0.89300114 -0.71911174 -0.6822593 -0.12774266 -0.1263269 -0.73220336 0.3506959 -0.8192051 4.013546
-0.5647916 -0.555131 -0.022848476 -0.6097019 -0.6845974 -0.7639259 -0.2868471 -0.070920736 4.1282263
-0.9090826 -0.93445826 -1.1163774 -0.29817617 -1.0592612 -0.8402745 -0.8273535 6.0431266 0.0
-0.59004647 -0.22311723 -0.87726843 -0.7105669 -0.01626632 -0.053558398 -0.8173722 -0.19966541 3.9262662
-0.9619164 -0.5516171 -0.68039095 0.7544294 0.15756424 -0.29290423 -0.43824434 0.27565986 2.7429044
-0.5518115 -0.5454051 -0.5471885 -0.5100187 -0.34599385 -0.4355438 -0.6255238 0.22172521 4.161042
-0.85869837 -0.31532022 -0.46350637 -1.0430872 -0.73717105 5.622738 -0.83635396 -0.54386795 0.0
