-0.76459956 -1.0025098 -0.297506 6.270361 -0.51201534 -1.4276905 -1.4140271 -1.1698215 0.0
-1.0052902 -1.3992156 -1.167481 -0.629645 -0.9233958 -0.4823193 -0.7537472 6.5800858 0.0
-0.64444405 0.6497549 -1.1902193 -0.64698887 -0.51729876 0.00038550445 -0.7939535 -0.75801945 4.1989756
-0.739476 -0.31470075 -0.3215284 -0.8460965 -0.38983488 -0.022070924 -1.0590652 -0.9241369 4.4278927
-0.58122396 -0.5218063 -0.469494 -1.5304163 -0.4861795 -0.53936344 -0.48085666 -0.9893206 5.010279
-0.84173816 -0.8679967 -1.1902305 6.6343403 -0.3985438 -1.0094221 -1.0875535 -1.1435925 0.0
-0.30388197 -0.35264316 -0.7563544 -0.77900547 -0.059047297 -0.54064727 -0.5117416 -0.93518114 4.6589317
-0.9002581 -0.3143719 -0.7818303 -0.8352057 -0.085501 -0.3012241 -0.64155865 -0.7235937 4.510178
-0.22669366 -0.43211028 0.024845282 -0.504383 0.1895767 -0.21224654 -0.88758826 -0.24859609 3.9130592
-1.3490356 -1.0078886 -0.9167606 -0.8637474 -0.86673236 -1.182406 -0.22683965 6.3356113 0.0
-0.85300255 -0.68236035 0.11217556 -0.6129584 -1.1742669 -0.28522995 -0.42463997 -0.5467275 4.423455
-1.0287167 -0.595616 -0.36665767 -0.25740403 -0.13941494 -0.60948217 -0.59052557 0.03584081 3.9205456
-0.29432717 -0.079996325 -0.616849 -0.7206929 -0.17183661 -0.7769627 -0.680868 -0.55816764 4.3964167
-0.6142057 -0.7251924 -0.6666987 5.980652 -0.6527027 -1.1156563 -0.8845786 -0.81314474 0.0
-0.74777937 -0.5399254 -0.7716298 -0.6239422 -0.36175853 -0.07015675 0.064435005 -0.6109659 3.949236
-0.8152894 -0.82981783 -0.68195665 -0.013031152 -0.3848166 -0.80016655 0.3008911 -0.9426554 4.103046
-0.6324518 -0.6277249 0.13034864 -0.69215125 -0.7807901 -0.6780614 -0.4025086 -0.10926805 4.175042
-0.95508444 -1.0734288 -1.2278343 -0.31406605 -1.1893879 -0.95936954 -0.86124986 6.19135 0.0
-0.6079603 -0.2643361 -1.0187035 -0.84402007 -0.021111354 -0.1312598 -0.8703534 -0.23666526 4.1267276
-0.84076357 -0.5814565 -0.64504933 0.36024967 0.14699809 -0.42593172 -0.5519567 0.4350877 3.0136914
-0.003262628 -0.58035946 -0.45151216 -0.6188898 -0.4449097 -0.56900555 -0.82012254 0.6512509 3.574659
-0.9909752 -0.46744037 -0.676517 -0.7905945 -0.8392456 5.5403123 -0.9993843 -0.6217025 0.0
