-0.9349925 -1.1564461 -1.243665 5.932664 -0.95725566 -1.1870883 -1.407541 -1.0276575 0.0
-0.7968017 -1.4462596 -0.9323592 -0.98844457 -0.97283477 -1.0091964 -0.6222432 5.7738175 0.0
-0.6347537 -0.6017387 -0.6621224 -0.3972405 -0.23780264 -0.34443432 -0.47264642 -0.9616552 4.2085257
-0.7755389 -0.40946603 -0.89362836 -0.2833908 0.17373839 0.37856233 -0.68474096 -0.68035334 3.629194
-0.07611964 -0.2996886 -0.5948845 -0.6821647 -0.4018746 -0.69173306 -0.7052434 -0.70205045 4.0702157
-1.30795 -1.1084527 -0.5966992 5.871322 -1.0545515 -1.0773014 -1.0469435 -1.0839946 0.0
-0.61124635 -0.5471893 -0.63673717 -0.6741059 -0.5229156 -0.6171512 -0.4920953 -0.69973093 4.3511243
-0.2562164 -0.6101069 -0.871778 -0.5723938 -0.65448976 -0.5590519 -0.4553925 -0.45399606 4.286398
-0.8132735 -0.70535296 -0.78108686 -0.7798008 -0.40744087 -0.5897394 0.008950268 -0.61838144 4.419684
-1.2967358 -1.191351 -0.9001945 -1.1565355 -0.80597115 -1.5694555 0.3836216 5.281389 0.0
-0.3537709 -0.45406762 -0.70603406 -0.6282542 -0.48334637 -0.5367704 -0.57751155 -0.5698908 4.1172566
-0.6816083 -0.48300985 -0.2658854 -0.42287987 -0.26547068 -0.556625 -0.5338226 -0.14773734 3.7168694
-0.9524763 -0.37735665 -0.42701408 -0.5999735 -0.75119835 0.051739853 -0.66764706 -0.5013109 4.0508127
-0.7600027 -1.310736 -0.8416176 5.775836 -0.9697065 -1.3889499 -1.1114239 -1.0399879 0.0
-0.55550593 -0.76523364 -0.45495862 -0.38793114 -0.46043047 -0.0790186 -0.19568543 -0.16124637 3.4952512
-0.7789812 -0.4795566 -0.78705347 -0.9371145 -0.19485253 0.13796839 -0.19296595 -0.6874609 3.8833377
-0.71711427 -0.5197513 -0.58926624 -0.28437412 -0.5287092 -0.27543727 -0.55634195 -0.28491467 3.8460577
-0.817281 -1.1348028 -0.7472453 -0.57586795 -1.1111608 -1.1609285 -0.8009904 5.399171 0.0
-0.78581595 -0.10622697 -0.39294538 -0.9984336 -0.33021876 -0.63529193 -0.011356058 -0.43110433 3.52962
-0.642775 -0.8170047 -0.5480642 -0.4850962 -0.33085185 -0.46378967 -0.45462564 0.101437226 3.2238863
-0.670958 -0.49862581 -0.68114936 -0.40661395 -0.612562 -0.50851715 -0.384099 -0.18195865 3.674263
-0.5394454 -0.8067741 -1.0818372 -0.92798674 -1.1285968 5.219715 -1.1886415 -0.8451869 0.0
