-0.60269773 -0.6294752 -1.1953853 5.602264 -1.0949998 -1.024357 -0.90232766 -1.1185905 0.0
-1.1125458 -1.4376631 -1.15712 -1.0003835 -1.0351663 -1.2239901 -0.73122007 6.3142776 0.0
-0.89993554 -0.30170035 -0.93352145 -0.19089626 -0.26928034 -0.44595662 -1.0037035 -1.1505376 4.6393237
-0.54299194 -0.113043204 -0.78535396 -0.5203839 -0.31070137 0.2400458 -0.70110786 -0.7942273 3.8056667
-0.30779207 -0.27927947 -0.6309851 -0.8145191 -0.5432934 -0.32007715 -0.66318953 -0.8968623 4.2287545
-1.3730584 -1.0955138 -0.9264225 6.282252 -0.8254069 -1.0710185 -1.3151753 -0.8608874 0.0
-0.6274666 -0.66757756 -1.0003608 -0.9265882 -0.6143911 -0.60918593 -0.6494645 -0.6922553 4.9492035
-0.38165176 -0.88283896 -0.9187454 -0.86338335 -0.6148883 -0.22825265 -0.67485803 -0.5032437 4.460501
-0.67319447 -0.7641668 -0.54381067 -1.0358586 -0.5002068 -0.23281881 -0.3001921 -0.919666 4.676007
-1.3187577 -1.435549 -0.90522474 -0.80515593 -0.9429503 -1.1308149 -0.08467105 5.6274333 0.0
-0.563218 -0.8993649 -0.563132 -0.5528225 -0.0890147 -0.46678248 -0.24849871 -0.8522465 4.170131
-0.97348243 -0.78094846 -0.5709479 -0.29023305 -0.32425025 -0.6169236 -0.3226835 -0.33639383 4.1354494
-0.79436034 -0.52529997 -0.6583439 -0.88813734 -0.4641234 -0.3361386 -0.8772599 -0.6760314 4.568943
-0.7718472 -0.8978115 -0.9709623 5.968874 -1.0059808 -1.2220894 -1.2997264 -1.1009302 0.0
-0.81458896 -0.5407427 -0.30231175 -0.9109437 -0.51054144 -0.37903845 -0.19367622 -0.4650598 3.92862
-0.7282517 -0.25180197 -0.9744461 -0.5810726 -0.5176792 -0.2842651 -0.3496196 -0.39588854 4.0678964
-0.71287626 -0.5925492 -0.46732718 -0.38187316 -0.38955823 -0.5494315 -0.5931976 -0.26104242 3.9789689
-0.7503854 -0.7611723 -1.2863406 -0.48429722 -1.0756892 -1.3679799 -0.8161294 5.640495 0.0
-0.6688028 -0.19087397 -0.6439682 -1.0177569 -0.6047202 -0.41689384 -0.27777648 -0.41059056 3.8889158
-0.8643865 -0.69784224 -0.72082156 -0.531623 -0.40395123 -0.49122176 -0.4507 0.02962316 3.6148806
-0.71738505 -0.30185884 -0.71087617 -0.64671963 -0.4445764 -0.628178 -0.20529523 0.14233914 3.5372143
-0.6786873 -0.67516196 -1.2930636 -0.9688075 -1.2788199 5.4801545 -0.94046456 -0.6129434 0.0
