-0.68771243 -0.8527534 -0.07799582 6.1771193 -0.49920255 -1.3951606 -1.349891 -0.9671704 0.0
-1.175637 -1.1135483 -0.9423617 -0.38539302 -0.8060954 -0.24346374 -0.8440319 6.9596615 0.0
-0.7166545 0.35172448 -1.120393 -0.5414799 -0.38713196 0.100649066 -0.84070593 -0.0694046 4.379429
-0.5631616 -0.342675 -0.3831771 -0.7664706 -0.16029744 -0.008725792 -0.8715064 -0.8164821 4.20212
-0.4543492 -0.35594106 -0.33332178 -1.3630387 -0.36194187 -0.25992134 -0.14274347 -0.8949348 4.5412974
-0.47852853 -0.8776781 -1.1041352 7.006932 -0.28346208 -1.2213572 -1.292054 -0.9013738 0.0
-0.63757694 -0.5652978 -0.5880906 -0.60672003 -0.36073926 -0.34314495 -0.32010984 -0.8982013 5.284959
-0.56903005 -0.2616461 -0.670148 -0.5506483 -0.06346184 -0.45282042 -0.40070215 -0.6761667 4.1745996
-0.31772095 -0.10417669 -0.13745123 -0.30758962 0.24205711 -0.74729335 -0.7891798 -0.0865641 3.8298404
-1.1096861 -0.621007 -0.8271592 -0.5339868 -0.6514045 -1.1355208 -0.17330359 6.10325 0.0
-0.8935794 -0.5406253 -0.27175152 -0.5986109 -0.8920442 -0.47872642 -0.5773051 -0.42927864 4.884374
-0.8644921 -0.8059309 -0.45809647 -0.02209667 0.4011249 -0.571924 -0.48420447 0.08006343 3.6523468
-0.2697539 -0.15492697 -0.7183242 -0.72019506 -0.26162958 -0.63937086 -0.5422627 -0.20725769 4.4932632
-0.33770144 -0.9579148 -0.628974 6.16256 -0.36554515 -1.0421183 -0.9594096 -0.45516458 0.0
-0.747966 -0.7475534 -0.41643137 -0.21113783 -0.57355493 -0.39218852 -0.07067707 -0.8577666 4.3270526
-0.8152007 -0.62679315 -0.9865309 -0.13095626 -0.12073895 -0.6701511 0.39711952 -0.71280766 4.110655
-0.45362028 -0.50079215 -0.017082319 -0.6154719 -0.59619784 -0.6779304 -0.22225809 -0.37231106 4.2538743
-0.8656215 -0.8143201 -1.0157676 -0.28313568 -0.81466717 -0.7366856 -0.79424256 5.8628774 0.0
-0.87123036 -0.18574826 -0.99884456 -0.59906375 -0.013079011 -0.04041988 -0.721194 -0.15121709 4.1668806
-0.7042461 -0.61864704 -0.61825067 0.6377203 0.04447477 -0.3084474 -0.41121265 -0.0919027 2.9210854
-0.5143194 -0.51072407 -0.43228465 -0.37787503 -0.5917152 -0.3338178 -0.5258833 0.21526298 4.131804
-0.7448669 -0.23100083 -0.31881818 -1.024962 -0.64756656 5.5283365 -0.7008355 -0.47584856 0.0
