-0.7173783 -0.90956473 -0.13310121 6.2135735 -0.5034955 -1.4080322 -1.37509 -1.0432448 0.0
-1.180668 -1.2196294 -1.0264415 -0.4686996 -0.85093814 -0.3197659 -0.5853866 6.718853 0.0
-0.7637645 0.6658924 -1.194009 -0.5882766 -0.434669 0.10445994 -0.85374737 -0.38849455 4.2151337
-0.6408343 -0.36597 -0.40350443 -0.8122088 -0.1979264 -0.0099788355 -0.89512527 -0.8787845 4.2880054
-0.48421207 -0.41175452 -0.38302997 -1.4271877 -0.44471303 -0.35468528 -0.33059123 -0.9529561 4.774683
-0.5993459 -0.67139155 -1.1376687 7.005701 -0.3247006 -1.2231063 -1.3248683 -0.99576205 0.0
-0.648271 -0.2766767 -0.62993884 -0.64331305 -0.37359056 -0.41263467 -0.36024663 -0.77123386 5.023487
-0.5863735 -0.27292177 -0.7889534 -0.6506614 -0.0684922 -0.49691626 -0.49540496 -0.7417114 4.2664638
-0.32213572 -0.2584099 -0.13983528 -0.31183007 0.25141603 -0.7711203 -0.82806146 -0.2215942 3.9958384
-1.1995008 -0.7532139 -0.8468063 -0.64682233 -0.7299354 -1.1556605 -0.18265052 6.1846266 0.0
-1.011422 -0.5940686 -0.2791616 -0.30964527 -0.99615145 -0.2696257 -0.52315474 -0.4712971 4.4823995
-0.96321213 -0.81229544 -0.49728075 -0.023066523 0.40734452 -0.5576839 -0.53861856 0.0885582 3.667707
-0.28015321 -0.15702935 -0.77325475 -0.7474755 -0.14566404 -0.69092995 -0.6043724 -0.5074478 4.6398787
-0.42865616 -0.9643034 -0.62358433 6.197029 -0.46059474 -1.0708627 -1.0145857 -0.57362044 0.0
-0.79836255 -0.7514846 -0.44919202 -0.2226126 -0.29457548 -0.10190399 -0.07147709 -0.87761724 4.075405
-0.84689695 -0.6996233 -0.7270761 -0.1306313 -0.12520087 -0.7192561 0.3631368 -0.7967288 3.9924698
-0.5522279 -0.54381263 -0.02026931 -0.63811696 -0.66567683 -0.74589825 -0.2725267 -0.068637796 4.10974
-0.9002198 -0.90909326 -1.09549 -0.29510573 -0.8834416 -0.8184556 -0.82062304 5.9766507 0.0
-0.8828753 -0.22437826 -0.8516745 -0.6867293 -0.015686352 -0.050617933 -0.7951499 -0.18728043 4.1823006
-0.9472601 -0.53530353 -0.68259877 0.75200754 0.1533051 -0.2868203 -0.43272218 -0.065873414 2.832422
-0.5485158 -0.54223603 -0.50252867 -0.49056396 -0.6286586 -0.41029915 -0.60424626 0.22012351 4.2146826
-0.83462256 -0.3015392 -0.43010166 -1.0394369 -0.7183125 5.6039977 -0.8073057 -0.5295304 0.0
