-0.6433011 -0.77009565 -0.033417013 6.119847 -0.4923489 -1.3750571 -1.3110032 -0.8580671 0.0
-1.1677305 -0.9968741 -0.82326984 -0.28277883 -0.73998 -0.15813279 -0.84050065 6.9356356 0.0
-0.64712626 0.34621665 -1.0131259 -0.474969 -0.32232913 0.09477938 -0.82320154 -0.06018475 4.3270993
-0.45909753 -0.30882823 -0.4158279 -0.6993756 -0.12431538 0.0042949715 -0.8352508 -0.72687876 4.095525
-0.41089383 -0.2826973 -0.2675362 -1.2674904 -0.26129463 -0.1674267 -0.13527483 -0.8103348 4.40375
-0.33514613 -0.83075166 -1.053137 6.9889445 -0.22866382 -1.2181611 -1.2418401 -0.77007043 0.0
-0.62102455 -0.55846447 -0.5275528 -0.6026858 -0.34132147 -0.25618178 -0.26325122 -0.7760065 5.2451515
-0.5913636 -0.24476804 -0.6012043 -0.23549938 0.010975124 -0.3910757 -0.3128334 -0.584152 4.0082035
-0.30919155 -0.12183083 0.00288417 -0.30175012 0.22508174 -0.7111574 -0.7314078 -0.08584641 3.625787
-0.9812324 -0.45764598 -0.797031 -0.39429304 -0.5441112 -1.1044033 -0.48006946 6.3482137 0.0
-0.7346506 -0.46617407 -0.25606167 -0.5879753 -0.7466742 -0.48325714 -0.5013168 -0.069758885 4.6229076
-0.73148984 -0.79597384 -0.55923027 -0.02143478 0.13144991 -0.5219259 -0.7482451 0.07586325 3.9400382
-0.25352848 -0.15223087 -0.6393336 -0.6790904 -0.24964282 -0.56554407 -0.44304302 -0.18399768 4.423458
-0.23154251 -0.94790477 -0.58668876 6.1011004 -0.2535776 -0.99825066 -0.8782553 -0.31567183 0.0
-0.67470586 -0.7074606 -0.36823037 -0.19420876 -0.56156254 -0.37945402 -0.0691024 -0.82782215 4.2773128
-0.7697362 -0.5267911 -1.2734205 -0.14536461 -0.030048504 -0.599553 0.3660323 -0.595038 4.3166056
-0.3944264 -0.43961093 -0.015466679 -0.53521484 -0.4993298 -0.5835987 -0.16054396 -0.35777077 4.119327
-0.8137917 -0.68422973 -0.90141153 -0.26519665 -0.7179174 -0.62374496 -0.7542637 5.6879554 0.0
-0.8427728 -0.13763623 -0.882598 -0.6978038 -0.00888975 -0.29054487 -0.60581917 -0.107805334 4.1396575
-0.5852165 -0.80113643 -0.5258208 0.62685156 -0.25473863 -0.60440207 -0.18962723 -0.087664865 3.2256773
-0.49561986 -0.46456295 -0.34154904 -0.29658356 -0.61997974 -0.4780094 -0.2757632 0.45451504 4.073659
-0.62228197 -0.15094472 -0.59899217 -1.0024949 -0.5496519 5.5458183 -0.5603946 -0.40184897 0.0
