0.3244628 -0.7191669 -0.5573342 2.383835 -0.48526442 -0.32207143 -0.49695492 -0.41149217 0.0
1.0224153 -1.076933 0.33392835 0.6763231 -1.2934228 -1.4664757 0.79561913 1.964127 0.0
-0.5834369 -0.8526855 -0.5097234 0.1937878 -0.36837414 -0.6747564 -0.29690784 -0.21277054 3.2581422
-0.88935757 -0.28478372 -0.27269134 -0.33679006 -0.1387604 -0.093215466 -0.51747036 -0.31649694 3.0162923
0.49789187 -0.5344759 -0.5057386 -0.16395202 -0.65098697 -0.7669045 -0.4778368 -0.38209873 3.1253607
-0.55396336 -0.5000586 0.2015207 2.0038912 0.2922799 -1.2940679 0.5090194 0.15213701 0.0
-0.5563261 -0.50365186 -0.22869736 -0.44317117 -0.60478663 -0.4730988 -0.19178933 -0.2937837 3.3479047
-0.7359732 -0.58813417 -0.07563235 -0.6498525 -0.6487283 -0.39518902 -0.13964592 -0.11522378 3.4162853
-0.553363 -1.0083171 -0.6931366 -0.3252363 -0.41763243 -0.45097464 -0.43405604 0.037367936 3.553915
-0.92505205 -0.10383851 0.4722679 -0.21584241 0.64425284 -0.25999704 0.7266526 0.82386684 0.0
-0.46264005 -0.7184385 -0.60885674 -0.17055926 -0.39366364 -0.6406615 -0.46244076 -0.41868734 3.5172336
-0.5316616 -0.3806921 -0.598702 -0.14654976 -0.2860925 -0.42247552 -0.569059 -0.34002692 3.1719396
-0.83796334 -0.699631 -0.76713276 -0.4063613 -0.30866247 -0.297632 -0.23109749 -0.13178287 3.4854336
0.03692221 -1.1462691 0.39195883 1.7495075 0.23304918 -0.84010273 -0.27567238 0.4347492 0.0
-0.55181533 -0.8729194 -0.5609279 -0.48469833 -0.28553125 -0.25551036 -0.38621876 -0.20067568 3.3941925
-0.5972415 -0.7190171 -0.5874247 -0.2364493 -0.44420376 -0.41178715 -0.36658576 0.14270636 3.1902168
-0.59808296 -0.82534707 -0.6903488 -0.35898766 -0.30939016 -0.32482344 -0.40173256 -0.17350084 3.4428692
-0.5346327 -0.815067 -0.16389744 0.52927667 -0.7551314 -0.26961035 0.5276287 1.8394231 0.0
-0.7118792 -0.6576972 -0.45377368 -0.14524204 0.073718 -0.09168429 0.40491602 0.021922529 1.7729725
-0.4835172 -0.7369489 -0.51899236 -0.37977695 0.31217438 -0.13462038 0.29329672 0.49420166 1.3375473
-0.68425107 -0.47203434 -0.34623492 0.003750267 -0.39271078 -0.3809692 0.21718718 0.46189493 1.7470222
0.9183423 -0.061705012 -0.17690355 -0.47597587 -0.727894 1.517615 -0.5445862 -0.23729314 0.0
