-0.70963883 -0.8946219 -0.11604362 6.204171 -0.50236285 -1.4047146 -1.3685731 -1.0231531 0.0
-1.1793739 -1.1914551 -1.004156 -0.44572836 -0.83918816 -0.29814956 -0.56073385 6.7115297 0.0
-0.75137734 0.65986186 -1.174678 -0.5758853 -0.42193797 0.10351837 -0.8508362 -0.3695731 4.2029324
-0.6199195 -0.35983908 -0.39820912 -0.80020726 -0.18361276 -0.009640841 -0.8889983 -0.86234325 4.2652855
-0.47634506 -0.39663714 -0.36959827 -1.4104207 -0.42180645 -0.33025306 -0.29374087 -0.9377041 4.7242317
-0.56568044 -0.6426756 -1.1289597 7.0030036 -0.31357023 -1.2228615 -1.3163611 -0.9706156 0.0
-0.6455072 -0.26535672 -0.61890197 -0.6226965 -0.37024665 -0.3936476 -0.34897825 -0.7463245 5.0050516
-0.58186907 -0.26998523 -0.7538418 -0.6233638 -0.06717745 -0.4851977 -0.47690213 -0.72429466 4.2433786
-0.32070905 -0.25639418 -0.13921903 -0.3107326 0.25022572 -0.76491505 -0.8178958 -0.22129877 3.9905005
-1.1757611 -0.71679 -0.84171593 -0.6157447 -0.7089062 -1.1504539 -0.18020284 6.16362 0.0
-0.9797491 -0.5798572 -0.27944365 -0.3044701 -0.9698318 -0.18705094 -0.5105319 -0.45996007 4.4210663
-0.9371546 -0.8106571 -0.50329304 -0.022397581 0.40600407 -0.5493461 -0.5240862 0.08769004 3.6628096
-0.27758527 -0.15620835 -0.7587583 -0.74037164 -0.26379728 -0.6773045 -0.5803994 -0.23637569 4.53333
-0.403194 -0.9626583 -0.616531 6.1869397 -0.4340549 -1.0634048 -1.0001185 -0.5405413 0.0
-0.7851036 -0.7670027 -0.44121638 -0.21960731 -0.2837241 -0.10002465 -0.07125828 -0.8724796 4.071719
-0.83750474 -0.6801483 -0.7197739 -0.13396421 -0.12405308 -0.7063647 0.4037333 -0.7742763 3.9615796
-0.5395872 -0.5324232 -0.017932406 -0.65124875 -0.6479934 -0.7278179 -0.25883588 -0.07179564 4.0867825
-0.8912036 -0.88374805 -1.0744355 -0.29198387 -0.8645556 -0.79662657 -0.8137649 5.9470496 0.0
-0.8848345 -0.2138358 -0.82617337 -0.66304284 -0.014157787 -0.047731 -0.7729337 -0.1772656 4.167371
-0.85347044 -0.6081342 -0.6671696 0.7511997 0.17588858 -0.32688922 -0.42719263 -0.07828012 2.8226097
-0.54508615 -0.53399104 -0.48282135 -0.47895074 -0.6201563 -0.389274 -0.58307886 0.2188633 4.1990604
-0.8105877 -0.2820851 -0.39827836 -1.0356996 -0.69943744 5.5844903 -0.7785088 -0.51519156 0.0
