5.8817825 -0.7616914 -1.0253533 -1.1138324 -0.6154142 -0.6290312 -0.76628894 -0.7488071 0.0
-0.8466092 -0.40606332 5.954552 -1.0912175 -0.8396321 -0.9928201 -0.87672716 -0.8097416 0.0
-0.7594948 -0.8948252 -0.09300368 -0.52631027 -0.5484609 -0.56229085 -0.633877 -0.75955 5.207875
-0.7937262 -0.23942074 -0.39614075 -0.95355916 -0.056261193 -0.35238993 -0.9199085 -0.6578647 4.9428983
-0.8550032 -0.67045885 -0.72548574 -0.58026606 -0.16667017 -0.6780548 -0.56338066 -0.5139368 5.113578
-0.9401871 -0.81246126 0.31217447 -1.3134818 5.9471674 -0.8239075 -0.8503837 -1.0368818 0.0
-0.60587037 -0.43660328 -0.4019179 -0.8208229 -0.6224962 -0.56311065 -0.59587145 -0.64884627 4.8948793
-0.30060053 -0.3846326 -0.4126783 -0.8333128 -0.5883144 -0.38742518 -0.6995 -0.6004431 4.640361
-0.5207064 -0.6050788 -0.9450531 -0.5080602 -0.47550774 -0.7738655 -0.79032445 -0.26754957 5.019046
6.070582 -0.7723161 -0.9554425 -1.1679775 -0.982328 -0.9784218 -1.2005067 -0.8536243 0.0
-0.43152654 -0.8710587 -0.61995494 -0.7430056 -0.53919196 -0.67829436 -0.6403506 -0.33744544 5.3696446
-0.6112727 -0.8445807 -0.7829425 -0.71970075 -0.45598868 -0.50805235 -0.60822546 -0.9204278 5.3683076
-0.8153272 -0.83819336 -0.6185165 -0.6803155 -0.0764306 -0.46023455 -0.6176445 -0.19622597 5.1145906
-0.90108955 -0.7797603 -0.9081495 5.99363 -0.7549337 -1.2253919 -0.88961756 -1.2350451 0.0
-0.7681525 -0.36387745 -0.41659337 -0.51146525 -0.42974496 -0.43175593 -0.5093725 -0.90283936 4.771132
-0.82188797 -0.4516092 -0.5574899 -0.726062 -0.48516467 -0.2754443 -0.92971486 -0.7001356 5.190549
-0.40848503 -0.60972524 -1.0569775 -0.57195383 -0.70987785 -0.34396675 -0.6391721 -0.65016687 5.1978283
6.199561 -1.167514 -0.6250384 -0.5075969 -1.1928399 -1.2751012 -1.1887794 -0.8233539 0.0
-0.62321347 -0.55302584 -0.74788904 -0.697149 -0.4012127 -0.677198 -0.6299553 -0.46074152 5.0969543
-0.6499478 -0.2286295 -0.2886881 -0.72049946 -0.3934126 -0.84966683 -0.62347525 -0.6625889 4.951303
-0.8004829 -0.38869017 -0.6768178 -0.5444468 -0.49790877 -0.7608362 -0.3814191 -0.9945116 5.008497
-0.9206186 -0.4975448 -0.88045675 -0.54359615 5.9164624 -1.2817324 -0.87919724 -0.3601333 0.0
