5.9470444 -0.85049796 -0.78943926 -1.2555691 -0.55066025 -0.7840827 -1.0148886 -0.39956322 0.0
-1.0440371 -0.5002254 6.347524 -1.5069923 -0.7082038 -0.94351184 -0.79315096 -0.6749858 0.0
-0.42647174 -0.4247663 -0.593755 -0.578303 -0.69645876 -0.6467997 -0.46715724 -1.0221018 5.2483397
-0.8640991 -0.35730067 -0.31535763 -0.6384495 -0.48324683 -0.2313862 -0.8558396 -0.7096552 5.043109
-0.77454036 -0.5576161 -0.80846924 -0.499061 -0.095337056 -0.68615437 -0.6352817 -0.7804819 5.1270523
-0.9867005 -0.6241535 0.041265305 -1.2289858 6.31293 -0.9186945 -0.78795683 -1.3374131 0.0
-0.64565074 -0.5574871 -0.59268254 -1.1357367 -0.5573329 -0.1001184 -0.68347013 -0.51186943 5.0626397
-0.288135 -0.38879454 -0.46316487 -0.8275462 -0.26720506 -0.7727569 -0.48545474 -0.9908659 4.8227463
-0.4034745 -0.5699524 -0.54691076 -0.440022 -0.42144325 -0.6962249 -0.34184933 -0.9092247 4.8367105
6.2329392 -0.83625853 -0.9030344 -1.1443787 -0.6447671 -1.1675382 -1.0145148 -0.94331855 0.0
-0.24411127 -0.5932035 -0.76748204 -0.5004899 -0.4384528 -0.6298028 -0.5778065 -0.39154035 4.9839964
-0.67114085 -0.48510686 -0.8812128 -0.52467793 -0.31467155 -0.5799951 -0.6043964 -0.5869895 5.2170515
-0.62551767 -0.87105143 -0.40468267 -0.6590411 -0.117158756 -0.7513456 -0.67186326 -0.45189685 5.1626554
-0.6770191 -0.91843295 -1.3973783 6.292087 -0.64641273 -1.0714267 -0.70612663 -1.404296 0.0
-0.93335766 -0.44596878 -0.029068647 -0.501165 -0.73002166 -0.6623272 -0.7044339 -1.046555 5.0753703
-0.92369413 -0.2814147 -0.61947054 -0.63760155 -0.8794325 -0.25941044 -0.74617267 -0.48458683 4.9526215
-0.41301695 -0.42205748 -0.70457333 -1.0349836 -0.44184235 -0.36677322 -0.2984878 -0.52486235 4.9142675
6.245523 -1.035675 -0.9702979 -0.48284045 -1.4742169 -1.1348153 -1.1938301 -0.14509994 0.0
-0.61584216 -0.3974902 -0.8179739 -0.65965486 -0.4334257 -0.6328608 -0.2660318 -0.79539907 4.9069963
-0.7971795 -0.3392822 -0.46042886 -0.6741321 -0.54001886 -0.9157565 -0.46897444 -0.68288493 5.096163
-0.9011596 -0.5119502 -0.49304026 -0.64498705 -0.80082333 -0.37574646 -0.697016 -0.625581 5.052308
-0.5766239 -1.0244625 -0.78416234 -0.8572382 6.1448755 -1.1748399 -0.8318175 -0.9295461 0.0
