5.9427147 -0.44670284 -0.26597145 -0.24392009 -0.6326585 -0.63302684 -1.1502295 -0.18743101 0.0
-1.0387621 -0.41159028 6.4159627 -0.5187608 -0.8999304 -0.72249645 -0.16147894 -0.920606 0.0
-0.7153145 -0.2879564 -0.35750338 -0.18555014 -0.41336164 -0.38320202 -0.037014868 -0.8908334 4.9097214
-0.0832951 -0.23941787 0.32143798 -0.09187169 -0.44082367 -0.1414125 -0.955401 -0.2772297 4.5562654
-1.2020074 0.07396405 -0.04487859 -0.5806079 0.10557461 -0.46504807 -0.48840117 0.18626763 4.6317854
-0.47112837 -0.46070215 -0.17686865 -1.0067437 6.1042023 -0.3779179 -0.80676633 -0.80041856 0.0
-0.30070361 -0.69216156 -0.4062511 -0.8542344 -0.49072745 -0.09836148 -0.63729393 -0.0967203 5.051375
-0.022165984 -0.37358588 -0.3583676 -0.6757097 0.03023085 -0.29394782 -0.19367585 -0.6633726 4.595715
-0.43109608 -0.6769178 -0.6231325 -0.118927486 -0.6130693 -0.22295102 -0.23440303 -0.3719313 4.9963346
6.0554104 -0.2243995 -0.5456212 -0.26488316 -0.46755484 -0.5272251 -0.2784744 -1.096334 0.0
-0.5029666 -0.3003818 -0.069246754 -0.5703245 -0.4726398 -0.2080283 -0.40566403 -0.36835548 4.832798
-0.5751638 -0.55495894 -0.56001306 -0.32128602 -0.19138454 -0.18469508 -0.05365784 -0.108190745 4.6040864
-0.46930513 -0.72465783 0.2726244 -0.44106057 -0.5206331 -0.2445387 -0.4215022 -0.41925836 4.7180724
-0.19190519 -0.47528338 -0.48153636 5.283405 -0.29399619 -0.1630507 -0.9289076 -0.7655296 0.0
-0.43218216 -0.32182276 -0.3719018 -0.62188435 -0.04717238 -0.28544053 -0.20067725 -0.43313968 4.4597974
-0.4697193 -0.617625 0.11469458 -0.4204037 -0.2601134 -0.5054893 -0.11480402 -0.1469153 4.804549
-0.14939487 -0.018004661 -0.8023204 -0.2015753 0.05078026 -0.719893 -0.5120372 -0.10387737 4.953719
6.4068217 -0.21798007 -0.28008384 -0.7939174 -0.8116158 -0.8942457 -0.56168693 -0.8179381 0.0
-0.056509256 -0.55197597 -0.5514353 -0.67451316 -0.14331558 -0.6985219 -0.15933499 -0.8162061 4.9199185
-0.34345648 -0.36536172 -0.5517469 -0.5345998 -0.09091304 -0.34232306 0.09279773 -1.1349943 4.3812246
-0.31487697 -0.19054241 -0.43091437 -0.3603476 -0.25898215 -0.10177404 -0.2046503 -0.67963046 4.098411
-0.27530834 -0.3124396 -0.56192553 -0.4536913 5.0016556 -0.24747346 -0.3588092 -0.25371787 0.0
