5.67665 -0.64882475 -0.9220788 -0.76877344 -0.52481526 -0.65714395 -0.9524024 -0.9967879 0.0
-0.695412 -0.99099344 6.0113277 -1.3044596 -0.84192246 -1.054957 -0.45459467 -0.81730914 0.0
-0.5439607 -0.8317756 -0.5050534 -0.68320835 -0.39553246 -0.71774787 -0.8743404 -0.67415893 5.343281
-0.58931506 -0.87765497 -0.6803931 -0.56353015 -0.25916454 -0.7800857 -0.46354252 -1.0135385 5.2949834
-0.7677695 -0.37962455 -0.58992326 -0.6600381 -0.58982027 -0.5719421 -1.0495307 -0.86925393 5.445933
-1.2958574 -1.072802 1.2678088 -1.1382382 5.5009007 -1.5830925 -1.1570029 -1.1539904 0.0
-0.7503389 -0.7481798 -0.62138 -0.4906671 -0.4782269 -0.52524793 -0.5739941 -0.8549168 5.0800657
-0.41157946 -0.6984088 -0.6717786 -0.89005643 -0.64637655 -0.49102232 -0.47695404 -0.5319148 4.952647
-0.6000023 -0.70272845 -0.59765905 -0.55495054 -0.26974544 -0.8166134 -0.5939039 -0.5591754 4.912742
5.5234027 -1.0269952 -0.5287439 -0.8090069 -1.0552734 -0.9518208 -0.90648687 -1.0909759 0.0
-0.74637717 -0.9342428 -0.6177354 -0.41407463 -0.44645503 -0.8793912 -0.35112256 -0.5835598 5.1137958
-0.3635827 -0.9549226 -0.3177097 -0.64816445 -0.47127458 -0.66749537 -0.4055997 -0.86020267 5.056907
-0.58539176 -0.52079886 -0.7462992 -0.6875268 -0.6248281 -0.5777945 -0.72417986 -0.37453428 5.111337
-1.0626161 -0.9585206 -1.1379685 5.3540263 -0.4963689 -1.0953659 -0.8527821 -0.9995416 0.0
-0.5123511 -0.4866973 -0.5639711 -0.95348346 -0.5513635 -0.52355814 -0.6393664 -0.598153 4.957303
-0.5393501 -0.78379923 -0.79399997 -0.5039002 -0.53657633 -0.55627155 -0.6048562 -0.64508164 5.07687
-0.52673787 -0.76469594 -0.77698565 -0.53535557 -0.5874053 -0.55866885 -0.4474191 -0.63923347 5.0166993
5.5358114 -1.1849514 -0.342266 -0.9166856 -0.8403491 -0.9415184 -1.1018835 -1.1805248 0.0
-0.7841729 -0.651046 -0.6215286 -0.63940215 -0.42062077 -0.5851383 -0.7572267 -0.68568397 5.124044
-0.6337256 -0.645275 -0.38774723 -0.80925375 -0.5446524 -0.45317337 -0.6696544 -0.64808667 5.0017
-0.7170781 -0.5382575 -0.67269087 -0.91274136 -0.45721856 -0.5924138 -0.6980812 -0.60145384 5.0522594
-1.0042226 -0.64013 -0.8178051 -0.9446756 5.7627697 -0.7628711 -0.8618591 -0.99648476 0.0
