5.673457 -0.7663286 -0.63508826 -0.87248486 -0.49800333 -0.79006237 -0.90005314 -0.20841423 0.0
-0.90458924 -0.6445035 6.6703014 -1.2593175 -0.9197009 -0.61582565 -0.58488446 -1.2129372 0.0
-0.41046128 -0.17575309 -0.57292557 -0.6197683 -0.85519767 -0.9184472 -0.4437283 -0.9037792 5.538126
-0.30377948 -0.5658204 -0.18714966 -0.70379853 -0.40081105 -0.4436096 -0.6124534 -0.78553516 4.929664
-0.8818569 -0.27242923 -0.6035261 -0.40942493 -0.4241623 -0.44541547 -0.8434438 -0.4357926 5.098661
-0.8658321 -0.3956626 -0.14469486 -0.96551895 6.0729566 -0.8517389 -0.5816873 -1.3851445 0.0
-0.7480024 -0.33742687 -0.7020148 -0.9951011 -0.55080247 0.17438483 -0.32633528 -0.5044506 4.5781446
-0.1378809 -0.22482312 -0.54344666 -1.2003142 -0.20972551 -0.7169541 -0.61846733 -0.0038479187 4.6673994
-0.5805365 -0.41350776 -0.82727426 -0.1814392 -0.45138752 -0.5562513 -0.5286948 -0.4597206 4.8512096
6.242999 -0.8240784 -1.107425 -0.9490118 -0.5128073 -1.1316997 -0.7021129 -0.929361 0.0
-0.5001408 -0.7278423 -0.38590002 -0.18942434 -0.9678545 -0.7914403 -0.507188 -0.28821713 5.2224936
-0.5704392 -0.67555684 -0.6220557 -0.515965 -0.10112499 -0.0773914 -0.32867184 -0.56002754 4.764665
-0.17609869 -0.69684285 -0.046560768 -0.90122503 -0.08353784 -0.802391 -0.763813 -0.21955746 4.7388883
-0.30913085 -0.60224015 -1.1673821 5.959725 -0.56764024 -0.5776488 -0.887503 -1.5101717 0.0
-0.61926574 -0.63520426 -0.051431797 -0.9150841 -0.40081775 -0.6005088 -0.8399706 -0.94977355 5.259095
-1.2066158 -0.53949136 -0.57330203 -0.7499155 -0.49769258 -0.06136075 -0.5209184 -0.4636726 4.9534063
-0.75806016 -0.47108397 -1.0379971 -0.83801657 -0.37167215 -0.6321233 -0.3782798 -0.2883947 5.3393574
6.3653603 -0.66540486 -0.8190032 -0.94886416 -1.5349492 -0.88878417 -1.1670038 -0.1716632 0.0
-0.5088924 -0.2644989 -0.87477916 -0.9074009 -0.4190318 -0.2794273 -0.46170127 -0.650611 4.977294
-0.33176208 -0.2324597 -0.43560848 -0.43076923 -0.46945983 -0.9284956 -0.14572403 -0.78096884 4.526531
-0.68548995 -0.37884593 -0.050209153 -0.6946167 -0.010024991 -0.65735936 -0.49947667 -0.833615 4.4917707
-0.5403606 -0.76347554 -1.1951503 -0.54380304 6.116919 -0.92408913 -1.1582546 -0.66141075 0.0
