4.5892987 1.6069751 0.121216506 -1.2066702 1.158978 1.44244 -1.3124925 -1.3379825 0.0
1.5546405 -0.06745468 2.0407708 0.32770103 -0.019849876 -0.29813424 1.2473274 -1.1109585 0.0
0.008515782 -0.38834214 -0.8424125 -1.1835749 -0.029618267 -1.176664 -0.8938426 -1.2631192 5.000732
0.63363856 -0.9184564 -0.52927965 -1.10559 0.19661291 -0.3948929 -1.0314336 -1.2942986 4.714729
0.4047119 -0.7885611 -0.5812204 -1.0877964 -0.6038804 -0.86812276 -1.2278886 -1.3022081 4.9317145
-0.2942642 -0.11136749 2.1648521 -0.7869295 2.0963445 -0.93404555 0.7545801 -0.7607522 0.0
-0.76151437 -1.106033 -0.7081876 -0.99294376 -0.5701489 -1.0827749 -0.74974614 -0.970397 4.910405
-0.4442344 -0.6839043 -0.6341309 -0.6305091 -0.87812006 -0.9991995 -0.80677086 -0.65873134 4.7523994
-0.5961279 -0.9364721 -0.88413197 -0.9144123 -0.8539964 -1.0394346 -0.7018332 -1.039854 4.929228
1.3121378 0.06567924 0.9236736 0.7258422 0.21464592 -0.90489703 0.4121668 -0.21980691 0.0
-1.1456448 -1.0921193 -1.1264347 -0.9367395 -0.8938388 -0.995062 -1.0444448 -1.165258 4.9009337
-0.99673676 -1.0976177 -0.86920595 -1.1714218 -0.95579916 -1.1810033 -1.1658603 -1.1305962 4.89095
-0.91560555 -1.1808978 -1.0953825 -1.101748 -1.0997164 -0.9920936 -1.2431434 -1.2101449 4.8932695
-0.1567612 0.43608996 -0.57643473 1.2416273 0.8406315 0.16322494 0.5473363 -0.4938724 0.0
-0.99515915 -1.1062692 -1.093064 -1.1941756 -0.5354893 -1.0601834 -1.0589173 -1.3012602 4.930444
-1.2772074 -1.2045094 -1.1831918 -1.3442131 -0.76850295 -1.1335247 -1.1919835 -1.2585739 4.888888
-1.176075 -1.2518874 -1.2510108 -1.3691821 -1.0824785 -1.3390301 -1.27268 -1.3648502 4.85987
1.2513 -0.50400215 1.3938415 -0.060056146 0.45660174 0.50117916 -0.40529457 -1.0408163 0.0
-0.085385986 -1.073197 -1.135321 -1.3603685 -0.90284956 -0.9339866 -1.1759282 -1.394833 4.946173
-0.629125 -0.61289185 -1.2726195 -1.3839031 -0.7626713 -1.0611936 -1.2778881 -1.407426 4.982856
-0.7734024 -0.699105 -1.173667 -1.3895888 -0.6260602 -1.0593902 -1.245535 -1.3832407 4.9563203
1.0971584 2.368915 -0.10176671 -1.2882311 3.188765 0.760934 -1.0655911 -1.3267895 0.0
