5.8147993 -0.8287395 -0.6438184 -1.1816629 -0.52087 -0.77073276 -0.9700208 -0.32802325 0.0
-1.0614719 -0.48829266 6.5081224 -1.4613383 -0.7256106 -0.87958765 -0.7699029 -0.95186764 0.0
-0.40107387 -0.4296039 -0.6088342 -0.46929145 -0.9085976 -0.56858873 -0.5199738 -1.0373514 5.3301115
-0.7850875 -0.3542528 -0.31143606 -0.5029958 -0.4833462 -0.57567 -0.8325952 -0.6245675 5.079395
-1.080692 -0.23770565 -0.6467314 -0.60785353 -0.41454944 -0.57511514 -0.5513156 -0.8246234 5.298708
-1.3215712 -0.71238005 -0.07265937 -1.202453 6.5387354 -0.9393241 -0.9920902 -1.3575742 0.0
-0.5702372 -0.30517173 -0.42387947 -1.0210519 -0.50264925 -0.028331818 -0.40777323 -0.51919603 4.600058
-0.31939548 -0.4093054 -0.49837717 -0.9885944 -0.20541048 -0.71423924 -0.51333356 -0.77555174 4.838421
-0.6062271 -0.5940291 -0.69273037 -0.38119096 -0.45149902 -0.8777632 -0.29820007 -0.8186445 5.012304
6.2001314 -0.8687644 -0.8434526 -1.1601979 -0.42593616 -1.1101776 -0.9462343 -1.1425189 0.0
-0.41546097 -0.5240446 -0.7613069 -0.41795242 -0.60211533 -0.802237 -0.55438393 -0.5045476 5.109228
-0.5734376 -0.7177068 -0.8187426 -0.6121077 -0.25460333 -0.44523808 -0.5298933 -0.7860811 5.2820687
-0.6429393 -0.74672633 -0.02333126 -0.9775975 0.20348918 -0.80813336 -0.58661044 -0.46967855 4.9229574
-0.64344656 -0.7673756 -1.3539169 6.2968197 -0.6583203 -1.0202175 -0.9222661 -1.3680418 0.0
-0.7771085 -0.40548685 -0.124466516 -0.56952333 -0.56079376 -0.63444567 -0.7256648 -0.9640084 4.987189
-1.0153937 -0.37407383 -0.59530187 -0.5370114 -0.7488634 -0.17293383 -0.61280346 -0.3143516 4.837366
-0.5755883 -0.6573311 -0.8104968 -0.94570935 -0.6538873 -0.21396993 -0.045140382 -0.5075316 4.9994574
6.331939 -0.9525971 -0.9333346 -0.5230619 -1.6390423 -1.102645 -1.2827814 -0.13760546 0.0
-0.5537879 -0.49682346 -0.6819201 -0.6721813 -0.5646009 -0.62265515 -0.27431467 -0.81181365 4.952693
-0.66993743 -0.29847455 -0.5085936 -0.5574806 -0.47710603 -0.89862686 -0.38395417 -0.6584703 4.927685
-0.74562514 -0.49859166 -0.34813023 -0.58599377 -0.7081754 -0.5237032 -0.6303374 -0.74019533 4.9940877
-0.55712646 -0.95174617 -0.7966952 -0.7581979 6.0724154 -1.1558772 -0.89934134 -0.8877804 0.0
