5.94503 -0.88558096 -0.8301855 -0.8658495 -0.7543664 -0.6634279 -0.95006835 -0.8767924 0.0
-0.8962051 -0.56591195 5.9946537 -1.1916089 -0.9857599 -0.8038221 -0.5102524 -0.6309347 0.0
-0.66129845 -0.6183897 -0.21412463 -0.73866475 -0.5135989 -0.41833234 -0.48456985 -0.7005491 5.08254
-0.6780462 -0.35098284 -0.69406384 -0.84678525 -0.17487936 -0.44265172 -0.4903484 -1.0462902 5.0799084
-0.9242233 -0.42727834 -0.5999437 -0.70852953 -0.16287172 -0.36144 -0.7784779 -0.88799024 5.271953
-1.0841595 -0.8921467 0.5765263 -1.1409373 5.906688 -1.1239885 -1.1022297 -1.1441954 0.0
-0.64149624 -0.48487258 -0.44956076 -0.90894115 -0.5562721 -0.5876547 -0.3657071 -0.7763541 4.9440994
-0.38616744 -0.084262684 -0.6041513 -0.75508237 -0.65126777 -0.2834143 -0.44660208 -0.6361413 4.564473
-0.8275458 -0.55470544 -0.9799855 -0.49073672 -0.523098 -0.78701645 -0.62755406 -0.31067583 5.1078477
5.72562 -0.68061274 -0.85914624 -0.99948967 -0.983287 -1.0324224 -1.0765591 -0.5672836 0.0
-0.6076513 -0.6806666 -0.6766754 -0.9343348 -0.4208631 -0.79933476 -0.5699146 -0.5116977 5.3649974
-0.69757515 -0.8800914 -0.6288094 -0.71570104 -0.5111232 -0.7313039 -0.49425977 -0.85122925 5.337563
-0.7253657 -0.9041408 -0.65687454 -0.92891663 -0.26103494 -0.55454797 -0.6437449 -0.53195184 5.433154
-0.8260294 -0.6686039 -1.0346327 5.7449284 -1.0570401 -0.9721615 -1.0487154 -0.87760514 0.0
-0.4262567 -0.5712227 -0.50666577 -0.7131266 -0.5612672 -0.5326655 -0.64998674 -0.94227123 5.0356755
-0.7079869 -0.40432984 -0.6079668 -0.84940815 -0.41088572 -0.34811187 -0.9154372 -0.8705208 5.2315626
-0.5662907 -0.56576145 -0.90961224 -0.8094283 -0.760417 -0.4289449 -0.5481294 -0.56765705 5.1537123
5.8232074 -0.98292273 -0.5032844 -0.60505503 -1.2560647 -1.086011 -0.98272115 -0.9777464 0.0
-0.6247285 -0.82184464 -0.6832873 -0.62642515 -0.5903719 -0.7979881 -0.29839927 -0.5225954 5.1335506
-0.75601816 -0.44819447 -0.19977127 -0.91254246 -0.36450318 -0.87206364 -0.6890163 -0.89772457 5.1639605
-0.7512289 -0.4145522 -0.74267375 -0.73549736 -0.6413829 -0.71456254 -0.2593936 -0.8661278 4.9893966
-1.1541141 -0.73572874 -0.6595584 -0.5875014 5.950438 -1.0391208 -1.0394478 -0.56617224 0.0
