5.855722 -0.7465157 -1.0293041 -1.0932072 -0.60002464 -0.60659224 -0.7873395 -0.72261477 0.0
-0.83612114 -0.40694907 5.9598355 -1.0805026 -0.82692295 -0.94702446 -0.9433803 -0.7968511 0.0
-0.7625293 -0.9040359 -0.065136984 -0.5181679 -0.51484466 -0.6259948 -0.6038657 -0.75744045 5.195939
-0.8411558 -0.26347783 -0.40434095 -0.9370677 -0.08501969 -0.35292354 -0.89470255 -0.6783542 4.9745417
-0.8406166 -0.63728106 -0.73789495 -0.5955148 -0.053420395 -0.67703676 -0.5661459 -0.45663643 5.0405955
-0.92797 -0.8039417 0.2969099 -1.3023902 5.946337 -0.8370232 -0.82921517 -1.0195628 0.0
-0.5700727 -0.5506345 -0.4081709 -0.8006707 -0.6062266 -0.55076367 -0.60126424 -0.64743406 4.907564
-0.24864225 -0.37243715 -0.36498725 -0.81851774 -0.5834379 -0.36614063 -0.7220387 -0.59494853 4.589347
-0.5076886 -0.5901131 -0.9622056 -0.52211 -0.49372017 -0.7729086 -0.8054805 -0.2755925 5.0367684
6.097812 -0.7737257 -1.0597453 -1.1631576 -0.96906877 -0.8663464 -1.1860726 -0.8989728 0.0
-0.41344595 -0.86782765 -0.5867692 -0.7275614 -0.5481872 -0.636632 -0.6265899 -0.32027453 5.330415
-0.60761267 -0.8562541 -0.76535124 -0.70774424 -0.44808504 -0.565527 -0.59280443 -0.8944948 5.3603354
-0.84895396 -1.0005908 -0.6169684 -0.6797343 -0.035119694 -0.45989466 -0.60464543 -0.19640724 5.23679
-0.9379109 -0.76335424 -0.8911474 5.932656 -0.61655927 -1.2213147 -0.8687786 -1.2379538 0.0
-0.8452369 -0.42772028 -0.31147647 -0.54381645 -0.44511527 -0.42665252 -0.44671613 -0.88908666 4.777899
-0.798596 -0.5068682 -0.54752934 -0.7852775 -0.47097746 -0.2710133 -0.89916426 -0.647386 5.1847453
-0.4168312 -0.58456874 -1.0431439 -0.71355826 -0.69659245 -0.29333046 -0.63317174 -0.6867773 5.2209163
6.2117705 -1.1765763 -0.6784441 -0.496338 -1.1756655 -1.2819244 -1.2107966 -0.7228252 0.0
-0.6175946 -0.56463253 -0.69155556 -0.65392184 -0.38752505 -0.70500445 -0.6954626 -0.50393766 5.107889
-0.66471666 -0.19819057 -0.31831452 -0.73631537 -0.44848153 -0.8435818 -0.59052324 -0.61336225 4.96217
-0.8320275 -0.3676555 -0.61754483 -0.5421693 -0.48905098 -0.7661147 -0.3588581 -0.9722406 4.978091
-0.92209655 -0.5162674 -0.8688449 -0.5321603 5.9581447 -1.2887564 -0.87005293 -0.50967246 0.0
