5.9539437 -0.5888514 -0.3618121 -0.22028655 -0.7251585 -0.8072849 -1.2179949 -0.19035576 0.0
-0.7895456 -0.51053894 6.2936807 -0.7523985 -0.7480574 -0.84592354 -0.22260253 -1.0401896 0.0
-0.18837167 -0.04151874 -0.4707766 -0.3288356 -0.55901265 -0.3954185 -0.20707762 -0.96273065 4.6357102
-0.15556708 -0.37350616 0.20550905 -0.15067062 -0.1841147 -0.2500185 -0.6874401 -0.45008036 4.296628
-1.201248 -0.28832752 0.0068771876 -0.39284205 0.03729168 -0.43566662 -0.6516411 -0.17431052 4.7395835
-0.6170605 -0.4923124 -0.22914492 -1.0919977 5.9907475 -0.40837148 -0.6316919 -0.8913657 0.0
-0.31879136 -0.7149737 -0.5612194 -1.0520488 -0.5948252 -0.13395247 -0.7673543 -0.1962428 5.1915574
-0.03550063 -0.4790762 -0.41259456 -0.8603752 0.032251466 -0.33794734 -0.26138756 -0.57429945 4.7010856
-0.5610124 -0.50948346 -0.63649637 -0.116630964 -0.65180194 -0.37804353 -0.3321098 -0.31542835 4.8046165
6.202361 -0.38733158 -0.734138 -0.45244786 -0.5846042 -0.72602695 -0.29373714 -1.1266898 0.0
-0.60604304 -0.4669364 -0.14236276 -0.66534597 -0.65895754 -0.46611202 -0.5089818 -0.46485123 5.2951064
-0.68810356 -0.6878925 -0.62862426 -0.46285585 -0.27634117 -0.22601457 -0.108765446 -0.25120035 4.9692225
-0.5285988 -0.85822713 0.26481137 -0.5651812 -0.6199145 -0.45217222 -0.6059941 -0.17477857 4.7696877
-0.21190758 -0.62015945 -0.6968066 5.5865664 -0.4215669 -0.18069582 -1.0254335 -1.0189449 0.0
-0.5334633 -0.5041186 -0.47169945 -0.7807168 -0.38033757 -0.39910206 -0.5223551 -0.6216162 5.109504
-0.60567844 -0.3215314 0.12209883 -0.6354484 -0.36202267 -0.530878 -0.22101882 -0.2665314 4.5458527
-0.22228399 -0.28537416 -0.79872185 -0.32679892 0.08867619 -0.44256234 -0.54485965 -0.13568474 4.6968966
6.338023 -0.3495259 -0.43930808 -0.8722047 -1.077328 -0.95738536 -0.76320964 -0.5521564 0.0
-0.065060064 -0.2221006 -0.75211746 -0.8157308 -0.21080483 -0.2848431 -0.17044874 -0.85879517 4.786208
-0.21826294 -0.42504475 -0.62054306 -0.65413386 -0.20171335 -0.3598785 0.11244009 -1.2889078 4.5776
-0.31338486 -0.5153573 -0.48605165 -0.36806893 -0.27332875 -0.19042525 -0.2508666 -0.8765641 4.353084
-0.31165582 -0.53335303 -0.78095925 -0.524378 5.448714 -0.43269533 -0.5869223 -0.45074254 0.0
