5.7459607 -0.7737226 -0.48548767 -0.6799976 -0.74739504 -0.777622 -0.8568589 -0.23970076 0.0
-0.9251774 -0.63175935 6.713872 -1.0866005 -0.868049 -0.98870337 -0.4442211 -1.1603519 0.0
-0.35529336 -0.15700743 -0.61736935 -0.5735252 -0.7559658 -0.87223095 -0.22748946 -0.6813415 5.319789
-0.3214376 -0.52157074 -0.0609769 -0.39396775 -0.31831208 -0.47998318 -0.807445 -0.65785706 4.869808
-1.0570395 -0.3583558 -0.49621853 -0.33161137 -0.3416049 -0.5688353 -0.8668676 -0.18098359 5.1701303
-0.7675976 -0.39462438 -0.29663464 -0.88941884 5.8650594 -0.44090673 -0.71983594 -1.1971226 0.0
-0.50438195 -0.644058 -0.8036322 -0.78694713 -0.38876027 0.021480404 -0.5855006 -0.38796395 4.7263827
-0.0049416283 -0.5332687 -0.5821808 -1.0906863 -0.091293454 -0.39203015 -0.7298443 -0.36791533 4.720253
-0.727855 -0.7112439 -0.85606664 -0.2885102 -0.5796316 -0.56169754 -0.33808094 -0.5057035 5.133151
6.410885 -0.66393834 -0.9844308 -0.7676674 -0.72908884 -0.9962941 -0.48603612 -1.1575495 0.0
-0.48030657 -0.72012395 -0.28954786 -0.41002268 -0.8641684 -0.6177152 -0.39791936 -0.5944393 5.321828
-0.82128215 -0.87059724 -0.40671048 -0.6551892 -0.4104229 0.027927663 -0.16798817 -0.3596491 5.0254173
-0.23846327 -0.9780366 0.14687605 -0.68918145 -0.46764746 -0.72583854 -0.8619923 -0.15449642 4.825391
-0.46353096 -0.79001486 -1.0033907 6.182958 -0.5638831 -0.49608368 -1.1307104 -1.3484381 0.0
-0.5668298 -0.7815492 -0.27650273 -0.72994316 -0.6137498 -0.41120622 -0.8530657 -0.8403371 5.3131747
-1.0483764 -0.5048844 -0.4142585 -0.5479081 -0.66855067 -0.05136593 -0.43442467 -0.4811523 4.7840934
-0.6488144 -0.35844073 -0.83695585 -0.54351217 -0.034419946 -0.55706817 -0.8341998 -0.512714 5.3213487
6.3498735 -0.55796725 -0.6852423 -0.95723975 -1.369994 -0.7805516 -1.0333542 -0.4235747 0.0
-0.65293384 -0.3545802 -0.96099925 -0.9563103 -0.4567438 -0.36535743 -0.15657696 -0.62957346 5.02879
-0.2596272 -0.4810556 -0.34022713 -0.79205745 -0.32372826 -0.8412741 0.2282456 -1.1304146 4.5968933
-0.45025966 -0.37917292 -0.54003745 -0.7756671 -0.04769873 -0.4772887 -0.61336386 -0.8493299 4.8329954
-0.33451274 -0.56694806 -1.0495133 -0.3940113 5.667267 -0.7406261 -0.95327705 -0.5934849 0.0
