5.6927886 -0.66837746 -0.45519924 -0.19275409 -0.69367725 -0.9025235 -1.0813478 -0.19112615 0.0
-0.8505108 -0.56360716 6.4853835 -0.8922581 -0.8014996 -0.9093879 -0.30676654 -1.0942141 0.0
-0.24509352 -0.0746759 -0.5336366 -0.4256049 -0.6463177 -0.7585094 -0.25179848 -0.7699111 5.0634727
-0.18960647 -0.45244226 0.4039934 -0.37880176 -0.21082729 -0.19879071 -0.6622496 -0.56055546 4.2624464
-1.0059729 -0.32457286 -0.3253666 -0.42170352 -0.29132456 -0.4908814 -0.7437561 -0.21542488 5.054261
-0.6535101 -0.5075315 -0.2580015 -1.1334907 5.972703 -0.42315194 -0.59372205 -1.0220239 0.0
-0.32669765 -0.3791559 -0.65086365 -1.1476443 -0.648887 0.0132495295 -0.839609 -0.2709552 4.948575
0.28508782 -0.5369469 -0.44014382 -0.9611937 -0.24077189 -0.36204395 -0.24282944 -0.35440364 4.453515
-0.63303256 -0.535755 -0.6831717 -0.0032573713 -0.42043397 -0.4301449 -0.4465596 -0.40816322 4.6640725
6.270963 -0.49737388 -0.8411601 -0.57822984 -0.6476749 -0.84036165 -0.3010229 -1.1408981 0.0
-0.6578368 -0.57155466 -0.19792424 -0.6873888 -0.7674151 -0.594361 -0.26988813 -0.52011824 5.3829026
-0.74707556 -0.79859805 -0.6630354 -0.5471697 -0.32096586 -0.2447794 -0.07001465 -0.36642247 5.149302
-0.5583553 -0.9274728 0.28097054 -0.6949437 -0.673007 -0.42915294 -0.7157246 -0.25376162 4.9187846
-0.22338134 -0.6933763 -0.82498735 5.724851 -0.4588829 -0.18905215 -1.0730113 -1.1603991 0.0
-0.50490534 -0.6190597 -0.30548713 -0.86831486 -0.4933078 -0.39994946 -0.6330664 -0.7335322 5.2144184
-0.7157754 -0.6902238 -0.22133528 -0.77160245 -0.48136756 -0.3501412 -0.28850195 -0.5053687 4.9193025
-0.26547563 -0.38559154 -0.68713546 -0.40776795 0.114461236 -0.47341713 -0.8409477 -0.33428115 5.0304737
6.470041 -0.4347719 -0.53994626 -0.9106685 -1.1769943 -0.9878178 -0.8784171 -0.58105534 0.0
-0.4071304 -0.26964948 -0.86870587 -0.9089301 -0.2516776 -0.34554338 0.067454 -0.5889476 4.6121993
-0.2331541 -0.4555708 -0.65270054 -0.7175549 -0.28940606 -0.3602471 0.12238501 -1.2241471 4.6232243
-0.355732 -0.5639289 -0.5066341 -0.4048256 -0.08066365 -0.36317363 -0.37346095 -0.98506814 4.6998453
-0.39536634 -0.5846852 -0.8998059 -0.55395395 5.6930103 -0.55891955 -0.73455936 -0.58649945 0.0
