5.7429743 -0.80933106 -0.674539 -1.039464 -0.4889197 -0.7673637 -0.83721256 -0.4561143 0.0
-1.008927 -0.50848484 6.47614 -1.3736582 -0.7379434 -0.76438177 -0.6849224 -1.0183976 0.0
-0.51006407 -0.23544419 -0.310193 -0.5266035 -0.7862972 -0.45841315 -0.49669144 -1.0394726 5.174712
-0.42534557 -0.7000844 -0.32190374 -0.6331693 -0.44139418 -0.57879496 -0.69393903 -0.71218085 5.1334777
-1.0274802 -0.22295326 -0.4558454 -0.6635147 -0.4782921 -0.5411025 -0.8596875 -0.49803755 5.356467
-1.2044041 -0.49574846 -0.14174421 -1.0133696 6.2551484 -0.97049576 -0.6322024 -1.241625 0.0
-0.7444919 -0.15668745 -0.6415264 -0.849137 -0.37501812 0.074486785 -0.40561834 -0.44255468 4.5552964
-0.35971245 -0.088835806 -0.50691384 -0.80214375 -0.22132827 -0.74407184 -0.5778245 -0.5442196 4.6603746
-0.676213 -0.51486886 -0.9082523 -0.46693608 -0.5251163 -0.774065 -0.6449326 -0.6020252 5.225885
6.258919 -0.9036061 -1.1833583 -1.0616789 -0.31659102 -1.0354649 -0.8111061 -1.0561199 0.0
-0.2697566 -0.5972712 -0.6280624 -0.18156902 -0.861833 -0.84139335 -0.6355723 -0.28445372 5.0817976
-0.6344954 -0.7656459 -0.78224564 -0.5391487 -0.3162595 -0.34830818 -0.297505 -0.78379965 5.1908555
-0.6320713 -0.7936095 0.20963672 -0.86273956 -0.05286079 -0.9657378 -0.84843594 -0.26303738 4.9555907
-0.19412564 -0.7142021 -1.2725586 5.963058 -0.6233214 -0.9315876 -0.847807 -1.2592723 0.0
-0.47022483 -0.44005373 -0.09298084 -0.7899787 -0.5425449 -0.50001734 -0.6232164 -0.8770681 4.8768563
-1.1565214 -0.4285649 -0.69141984 -0.51220816 -0.6212697 -0.24821407 -0.6311994 -0.46158314 5.017596
-0.5304381 -0.5622201 -1.3017538 -0.99269766 -0.5145131 -0.4611772 -0.33321014 -0.36956215 5.4050064
6.210876 -0.74406487 -0.8786567 -0.79344803 -1.6410615 -0.9657054 -1.0422577 -0.12978446 0.0
-0.6293711 -0.15727155 -0.84710044 -0.40345228 -0.2526396 -0.37428537 -0.27352315 -0.49793398 4.4307337
-0.5848754 -0.12576836 -0.31959638 -0.39060283 -0.4078315 -0.61987066 -0.24323662 -0.43903354 4.3994484
-0.91235113 -0.3084344 -0.22151063 -0.4750145 -0.34050956 -0.6242329 -0.35394406 -0.65854996 4.56862
-0.52368623 -0.9119538 -1.2218812 -0.6580113 6.2360396 -1.0527651 -1.0629 -0.7975837 0.0
